0.605789	0.603334	0.558059	0.515507	0.522447	0.513812	0.543041	0.536224	0.557128	0.567108	0.57185	0.595111	0.556016	0.575893	0.523639	0.559391	0.535085	0.621723	0.555667	0.59696	0.632339	0.593236	0.55821	0.523408	0.599915	0.672876	0.67836	0.644628	0.654693	0.650506	0.663156	0.670392	0.657006	0.671139	0.637313	0.678119	0.667846	0.65353	0.6763	0.637446	0.636229	0.676151	0.688406	0.644376	0.661036	0.67471	0.665879	0.655924	0.663694	0.6619	
0.513646	0.566944	0.482357	0.465549	0.426763	0.435238	0.455489	0.526154	0.444717	0.538877	0.515324	0.49298	0.505756	0.53048	0.532163	0.488727	0.508965	0.538303	0.514718	0.570087	0.490393	0.451447	0.48824	0.491472	0.48217	0.785886	0.785169	0.776054	0.777186	0.775967	0.772119	0.769245	0.778799	0.780675	0.796853	0.786222	0.77107	0.782422	0.773794	0.784866	0.777105	0.787993	0.786677	0.781451	0.804449	0.785743	0.75856	0.776759	0.78103	0.777318	
0.468673	0.395409	0.429788	0.389198	0.406138	0.524276	0.484164	0.396998	0.400445	0.482434	0.470675	0.437958	0.45226	0.389006	0.415729	0.39134	0.37763	0.415259	0.426825	0.419347	0.411301	0.407395	0.450813	0.462649	0.453248	0.856246	0.848913	0.828189	0.856577	0.85827	0.859194	0.864781	0.846477	0.85339	0.859963	0.865814	0.847729	0.854521	0.84013	0.843684	0.872069	0.843406	0.860481	0.867989	0.848974	0.866747	0.842517	0.859883	0.849927	0.846869	
0.436565	0.44323	0.380321	0.447038	0.395755	0.42714	0.388311	0.371306	0.441377	0.362002	0.404571	0.4361	0.384753	0.355564	0.454724	0.389867	0.380222	0.353227	0.416565	0.371675	0.421916	0.411556	0.378423	0.404808	0.399892	0.873	0.907879	0.886922	0.894957	0.893185	0.86468	0.878656	0.881767	0.900865	0.902703	0.866529	0.872176	0.888416	0.886739	0.87964	0.88735	0.884399	0.873532	0.875833	0.877474	0.891886	0.909157	0.881331	0.864635	0.872685	
0.350866	0.414825	0.36448	0.36035	0.351964	0.362139	0.33775	0.365128	0.358993	0.285285	0.379016	0.402662	0.389072	0.380762	0.369826	0.317422	0.346756	0.375668	0.37001	0.363291	0.350507	0.342842	0.390663	0.325237	0.335353	0.858154	0.872412	0.880149	0.850419	0.870139	0.870922	0.834277	0.899312	0.859683	0.839862	0.862538	0.884488	0.886305	0.86404	0.908627	0.886978	0.862162	0.88615	0.850823	0.871749	0.846648	0.892487	0.860513	0.858844	0.872058	
0.33254	0.397774	0.315156	0.373412	0.317082	0.365678	0.345326	0.364081	0.343308	0.364869	0.336461	0.330418	0.331061	0.363002	0.311542	0.33104	0.39823	0.352912	0.337547	0.326374	0.314995	0.382203	0.384824	0.344348	0.359093	0.792983	0.822793	0.797883	0.816984	0.825851	0.81143	0.813119	0.813714	0.845881	0.813973	0.80752	0.795791	0.827941	0.837359	0.816891	0.82645	0.818306	0.871549	0.823478	0.807684	0.833018	0.812085	0.807501	0.828315	0.849924	
0.309787	0.312874	0.349122	0.276276	0.301692	0.295358	0.297454	0.29925	0.281139	0.286165	0.313755	0.289019	0.227451	0.278008	0.287313	0.421687	0.319601	0.301672	0.2855	0.301783	0.306435	0.275358	0.299734	0.311052	0.363302	0.665033	0.722704	0.749501	0.657516	0.663641	0.616552	0.695124	0.692046	0.714458	0.666649	0.693938	0.679928	0.552514	0.660881	0.683254	0.864366	0.656305	0.703737	0.699576	0.641614	0.708214	0.690464	0.88039	0.670473	0.813787	
0.319745	0.250619	0.314726	0.327616	0.344864	0.376438	0.355932	0.414747	0.245492	0.320532	0.312997	0.228724	0.333936	0.338588	0.376133	0.319836	0.359214	0.350423	0.384879	0.323045	0.309605	0.362129	0.328185	0.216944	0.335453	0.796893	0.461987	0.825838	0.824967	0.774926	0.816319	0.808227	0.858791	0.494177	0.805687	0.799577	0.551735	0.824741	0.817156	0.76169	0.782825	0.786954	0.815405	0.815806	0.810747	0.77919	0.836304	0.857718	0.458804	0.818127	
0.613166	0.590669	0.609421	0.567675	0.59738	0.633212	0.641054	0.641151	0.65004	0.586361	0.618743	0.622402	0.634361	0.63869	0.623081	0.670511	0.59956	0.604003	0.54191	0.726192	0.63022	0.650839	0.602513	0.657644	0.591746	0.634178	0.630501	0.635872	0.611601	0.650644	0.645289	0.630479	0.648568	0.66304	0.658294	0.650371	0.636235	0.642569	0.649024	0.634526	0.637132	0.635072	0.639504	0.650242	0.64984	0.652669	0.660755	0.635987	0.648758	0.647943	
0.522491	0.470202	0.510714	0.482303	0.496881	0.527652	0.460539	0.459591	0.485444	0.49718	0.500399	0.486536	0.510406	0.454061	0.504304	0.481231	0.503547	0.474438	0.502283	0.497011	0.485726	0.499291	0.485942	0.530039	0.48079	0.790077	0.7748	0.784714	0.784069	0.784546	0.78646	0.783414	0.760614	0.776304	0.770717	0.767788	0.78065	0.739729	0.7847	0.772024	0.759993	0.779435	0.772189	0.774572	0.769102	0.772268	0.756678	0.760719	0.793371	0.786026	
0.460696	0.440929	0.445065	0.43524	0.435235	0.425888	0.416562	0.452921	0.429797	0.463512	0.456277	0.419058	0.466968	0.450099	0.415534	0.481376	0.461938	0.448276	0.465945	0.433473	0.423154	0.45477	0.455543	0.432161	0.410867	0.808029	0.783449	0.795454	0.786362	0.847302	0.795642	0.789903	0.813275	0.804725	0.824094	0.77767	0.813724	0.773726	0.807792	0.764639	0.815172	0.791231	0.780422	0.764681	0.784049	0.773221	0.825422	0.839979	0.778629	0.814424	
0.380448	0.430437	0.415785	0.395694	0.399952	0.383262	0.393754	0.391792	0.408962	0.393122	0.392628	0.419414	0.386182	0.385171	0.363249	0.426449	0.411247	0.429397	0.382151	0.424009	0.462024	0.403332	0.398318	0.402454	0.392754	0.723434	0.720295	0.686419	0.752979	0.662223	0.714181	0.748503	0.753013	0.730914	0.677358	0.720125	0.708	0.669246	0.680961	0.684742	0.710966	0.727043	0.674149	0.712908	0.740324	0.745548	0.716344	0.680204	0.755272	0.718894	
0.360568	0.376512	0.3683	0.350427	0.366675	0.369423	0.349539	0.372951	0.421085	0.37642	0.344317	0.388331	0.370518	0.369602	0.381241	0.385887	0.35434	0.389807	0.374261	0.384534	0.379237	0.354116	0.354447	0.375121	0.358883	0.56349	0.5968	0.563501	0.552175	0.605276	0.57367	0.566993	0.565537	0.601006	0.583674	0.548441	0.614185	0.545824	0.606796	0.584641	0.609498	0.589802	0.60169	0.537521	0.604958	0.569107	0.577428	0.556351	0.601361	0.605787	
0.330193	0.353546	0.347879	0.353746	0.341181	0.334421	0.316739	0.334166	0.335449	0.325865	0.345066	0.371442	0.337969	0.316852	0.349237	0.338825	0.348785	0.346554	0.352475	0.341838	0.349866	0.348949	0.325765	0.358384	0.349438	0.444963	0.449119	0.47885	0.485073	0.486904	0.471939	0.44386	0.49141	0.513098	0.496078	0.521777	0.431523	0.472121	0.454014	0.479741	0.444156	0.49957	0.468672	0.461282	0.482965	0.499355	0.462353	0.496284	0.469813	0.478762	
0.361099	0.441892	0.32533	0.385582	0.329408	0.380145	0.41349	0.402484	0.270533	0.420818	0.31887	0.318865	0.374618	0.38819	0.388184	0.435727	0.411305	0.387054	0.452711	0.303523	0.443824	0.27459	0.402668	0.412481	0.41806	0.661061	0.859416	0.376745	0.832385	0.463393	0.808075	0.867508	0.765638	0.367085	0.867944	0.437388	0.320407	0.831893	0.786973	0.828084	0.858101	0.83188	0.854257	0.833838	0.344043	0.867649	0.331812	0.848205	0.839571	0.828024	
0.410072	0.373425	0.413178	0.455542	0.398588	0.393404	0.444238	0.444429	0.444747	0.409758	0.41449	0.407936	0.265959	0.288503	0.400115	0.397983	0.412093	0.429078	0.404022	0.430474	0.385858	0.370292	0.394731	0.42316	0.378614	0.860952	0.78794	0.809027	0.849799	0.821007	0.806096	0.892367	0.866829	0.833747	0.826948	0.802605	0.841154	0.273481	0.276905	0.837178	0.840496	0.798477	0.825673	0.81785	0.847841	0.854931	0.694155	0.806673	0.833719	0.761014	
0.668768	0.686472	0.604073	0.66665	0.609124	0.644733	0.666864	0.654063	0.667137	0.630538	0.651003	0.599997	0.603336	0.663574	0.665527	0.662635	0.66799	0.664121	0.666245	0.675962	0.686465	0.632487	0.700513	0.682683	0.671148	0.63599	0.657517	0.65353	0.640381	0.629395	0.617471	0.645842	0.646085	0.623756	0.642733	0.663654	0.60114	0.648039	0.632053	0.619584	0.641291	0.637109	0.651875	0.610608	0.651698	0.636441	0.627211	0.656138	0.630799	0.63411	
0.517454	0.520362	0.488319	0.536775	0.513024	0.509046	0.500082	0.497768	0.539089	0.547585	0.51166	0.49499	0.501101	0.525617	0.515997	0.493909	0.530342	0.489243	0.490495	0.487317	0.448639	0.536605	0.511052	0.540169	0.508801	0.781623	0.762335	0.766194	0.763232	0.745413	0.770812	0.775555	0.756823	0.769618	0.766731	0.781843	0.78228	0.763195	0.778753	0.791434	0.759089	0.797682	0.779809	0.759954	0.741911	0.752198	0.76721	0.757782	0.739392	0.729129	
0.480377	0.459931	0.447172	0.470805	0.416786	0.451187	0.459831	0.468335	0.461786	0.435795	0.44367	0.444727	0.437189	0.430626	0.459605	0.45744	0.509641	0.430544	0.459616	0.477707	0.465128	0.484864	0.445785	0.442535	0.459583	0.759198	0.710282	0.722479	0.715331	0.733499	0.734183	0.768235	0.727916	0.759986	0.724526	0.738127	0.722566	0.740592	0.74087	0.723249	0.719333	0.744303	0.737267	0.694155	0.711792	0.752045	0.766525	0.713357	0.745661	0.729985	
0.402507	0.427968	0.405469	0.406061	0.40979	0.407046	0.454937	0.428782	0.424779	0.425092	0.430513	0.435808	0.408916	0.39457	0.437592	0.438565	0.418996	0.394231	0.378378	0.432158	0.41541	0.426009	0.436086	0.40567	0.418765	0.55603	0.631094	0.546373	0.631759	0.618014	0.568823	0.626626	0.620198	0.598289	0.583981	0.621032	0.611566	0.584498	0.600712	0.605857	0.655878	0.636015	0.630927	0.592338	0.549979	0.657247	0.599243	0.620446	0.631522	0.60128	
0.390009	0.380023	0.392646	0.399757	0.375853	0.385545	0.393009	0.376375	0.413229	0.425483	0.426124	0.419166	0.398651	0.344497	0.363235	0.379439	0.368516	0.360334	0.366959	0.379121	0.380571	0.38931	0.395202	0.41471	0.358766	0.466362	0.50622	0.479948	0.470187	0.493712	0.498837	0.53156	0.423696	0.445076	0.488984	0.465055	0.515966	0.490827	0.452574	0.444801	0.478164	0.519403	0.468529	0.451408	0.498116	0.425799	0.483954	0.522601	0.482932	0.471866	
0.357891	0.363387	0.361715	0.369357	0.347716	0.352019	0.34419	0.339114	0.365709	0.34923	0.385515	0.375519	0.374741	0.340515	0.346698	0.361876	0.378149	0.35158	0.346282	0.338269	0.344318	0.362447	0.343847	0.333335	0.336294	0.39085	0.386954	0.334526	0.387748	0.350487	0.401185	0.40003	0.377925	0.387303	0.397516	0.366658	0.421975	0.373553	0.384464	0.41075	0.406262	0.39807	0.383634	0.405266	0.403258	0.402623	0.362238	0.399605	0.387312	0.380545	
0.439176	0.462952	0.412072	0.423715	0.423718	0.350566	0.397429	0.458131	0.435016	0.321836	0.448847	0.427932	0.45654	0.446068	0.399271	0.394955	0.433256	0.458788	0.424197	0.396101	0.424168	0.310294	0.307504	0.325653	0.450444	0.832263	0.869318	0.840273	0.814105	0.855638	0.503759	0.642077	0.808624	0.845987	0.293033	0.871399	0.826972	0.889075	0.858085	0.800871	0.383567	0.87566	0.871209	0.87822	0.850338	0.601238	0.328296	0.276385	0.329591	0.82019	
0.416819	0.443162	0.402684	0.431342	0.418101	0.411449	0.442581	0.453919	0.411827	0.46179	0.393065	0.435426	0.440904	0.457058	0.393812	0.397742	0.446091	0.425174	0.463151	0.408782	0.424639	0.471892	0.420458	0.457456	0.497597	0.848483	0.825397	0.807073	0.802551	0.821536	0.55987	0.845895	0.802795	0.801849	0.823408	0.792952	0.853854	0.895768	0.844726	0.846209	0.891513	0.81012	0.845817	0.884123	0.821955	0.830661	0.854982	0.829202	0.870248	0.833294	
0.674447	0.62953	0.682102	0.636154	0.725336	0.651318	0.689108	0.673905	0.699608	0.624201	0.644402	0.665086	0.631798	0.586438	0.680278	0.653803	0.676706	0.68075	0.673577	0.672109	0.74016	0.630497	0.713766	0.722057	0.67406	0.638634	0.628191	0.628896	0.618186	0.66637	0.636812	0.675958	0.625266	0.635936	0.613241	0.607764	0.626511	0.647027	0.643253	0.61526	0.628997	0.630087	0.627075	0.63633	0.637295	0.648004	0.629976	0.63196	0.625855	0.653638	
0.515581	0.534398	0.525462	0.506464	0.535752	0.495332	0.561875	0.538052	0.486223	0.507398	0.526031	0.517409	0.560924	0.536323	0.529859	0.502982	0.531415	0.54153	0.504492	0.483147	0.492161	0.514571	0.496981	0.506199	0.543598	0.764915	0.76766	0.760591	0.763705	0.779121	0.732142	0.696275	0.718851	0.749856	0.750392	0.734321	0.747534	0.756235	0.802882	0.744858	0.742968	0.764126	0.727295	0.753175	0.741541	0.736622	0.764802	0.740779	0.776497	0.759345	
0.48149	0.461401	0.42696	0.444727	0.482915	0.470426	0.483683	0.429895	0.456718	0.460719	0.500198	0.423416	0.422521	0.461072	0.47656	0.410551	0.42234	0.464722	0.448756	0.494867	0.496208	0.466944	0.461384	0.48918	0.483708	0.69463	0.655624	0.648027	0.680141	0.640205	0.664511	0.62971	0.640781	0.699387	0.702223	0.728921	0.653662	0.699828	0.64761	0.666716	0.59961	0.647834	0.646247	0.60507	0.632267	0.683354	0.682055	0.680231	0.68921	0.708313	
0.437198	0.443167	0.440036	0.441848	0.416072	0.457047	0.384542	0.437167	0.425274	0.477337	0.422927	0.428586	0.412374	0.408154	0.432394	0.422073	0.433167	0.410035	0.391798	0.465009	0.41642	0.445906	0.431244	0.439299	0.411464	0.489318	0.489039	0.499088	0.54348	0.543561	0.532103	0.463398	0.44067	0.475931	0.516484	0.524716	0.495107	0.46062	0.469758	0.515333	0.507985	0.507558	0.498778	0.520939	0.546037	0.48443	0.481669	0.52132	0.473431	0.49843	
0.402515	0.42115	0.412115	0.423652	0.370609	0.395907	0.400634	0.421351	0.416638	0.404822	0.39011	0.401191	0.410296	0.414723	0.38431	0.389937	0.400842	0.440009	0.410589	0.400272	0.420556	0.394176	0.413899	0.389312	0.426821	0.417189	0.377434	0.409706	0.396067	0.373234	0.375052	0.423973	0.377737	0.385789	0.423505	0.376203	0.433993	0.436147	0.379814	0.388643	0.377689	0.433603	0.424767	0.374495	0.381777	0.393307	0.373251	0.434694	0.342029	0.405479	
0.382583	0.402239	0.391801	0.45787	0.376784	0.346976	0.395202	0.388059	0.383192	0.372307	0.400548	0.379488	0.364935	0.385239	0.385027	0.426713	0.384002	0.40521	0.357361	0.334313	0.384004	0.387233	0.424801	0.365688	0.401455	0.366883	0.336762	0.341319	0.388238	0.311141	0.277886	0.360672	0.364293	0.335818	0.372085	0.363757	0.320798	0.300623	0.37643	0.305648	0.386364	0.346451	0.338881	0.38388	0.294967	0.323035	0.295138	0.480091	0.321242	0.370818	
0.498195	0.443751	0.496845	0.475534	0.403044	0.476652	0.441099	0.449491	0.333534	0.458932	0.405597	0.449481	0.358303	0.442186	0.439888	0.428266	0.457544	0.476976	0.464126	0.477097	0.373955	0.395174	0.441845	0.437993	0.456216	0.860089	0.838352	0.793307	0.870179	0.514958	0.849815	0.85983	0.823852	0.218143	0.876723	0.625217	0.874153	0.315152	0.859542	0.827242	0.736758	0.861077	0.857062	0.860036	0.880869	0.250716	0.308556	0.796279	0.449683	0.773564	
0.44755	0.496122	0.412566	0.47078	0.519227	0.461659	0.43562	0.346305	0.44776	0.416576	0.419182	0.469507	0.477339	0.490278	0.462495	0.476881	0.46478	0.500805	0.457735	0.450665	0.471465	0.434361	0.473971	0.438961	0.428228	0.403138	0.803957	0.348708	0.853116	0.889985	0.861999	0.84686	0.267542	0.82432	0.818776	0.810016	0.796312	0.883912	0.787648	0.855356	0.848797	0.819816	0.830503	0.854935	0.818275	0.886259	0.820501	0.834072	0.82603	0.595301	
