0.873839	0.847525	1.0406	0.886573	0.789148	0.846325	0.709294	0.820557	0.671528	0.85795	0.765605	0.807319	0.847489	0.887981	0.641342	0.804088	1.029	1.04853	0.848825	0.88715	0.796015	0.799455	0.766894	0.883521	0.94487	0.46449	0.568855	0.476727	0.444546	0.474188	0.508559	0.467318	0.456581	0.444555	0.505934	0.44656	0.48787	0.558439	0.506464	0.475047	0.502731	0.516687	0.512629	0.516681	0.500676	0.468462	0.541995	0.53397	0.48965	0.486803	
0.756662	0.704047	0.674697	0.783714	0.84119	0.788176	0.759686	0.641691	0.760869	0.61991	0.786934	0.614611	0.676663	0.748652	0.711664	0.618402	0.676223	0.687775	0.753046	0.644441	0.695709	0.839097	0.780175	0.634636	0.672851	0.63535	0.611827	0.555132	0.628616	0.638549	0.639797	0.585073	0.60939	0.677576	0.594833	0.587781	0.591171	0.574923	0.634897	0.60123	0.587444	0.602539	0.637717	0.657206	0.619409	0.585284	0.635978	0.582313	0.597769	0.581464	
0.6446	0.715574	0.76422	0.618012	0.801951	0.782827	0.687398	0.632915	0.671856	0.731974	0.615808	0.736157	0.788869	0.714743	0.758206	0.699714	0.586597	0.731741	0.779593	0.69071	0.703678	0.812674	0.666939	0.651869	0.709265	0.650524	0.67553	0.62209	0.645799	0.672983	0.640945	0.644068	0.657526	0.621221	0.61564	0.657748	0.667614	0.673604	0.677634	0.663302	0.607751	0.638404	0.690261	0.670053	0.674549	0.677036	0.632564	0.613283	0.661139	0.659956	
0.667326	0.738117	0.604199	0.607701	0.693712	0.546556	0.607366	0.677378	0.630279	0.660668	0.602447	0.659312	0.669374	0.760676	0.650911	0.657126	0.570118	0.651023	0.645712	0.645774	0.66449	0.592837	0.741094	0.579142	0.546461	0.694186	0.723898	0.713666	0.616873	0.676351	0.66869	0.675966	0.746968	0.693948	0.736268	0.712963	0.638396	0.672281	0.7248	0.687313	0.687426	0.668403	0.717453	0.677676	0.704783	0.704969	0.728117	0.659813	0.644028	0.689938	
0.539533	0.583116	0.630332	0.551646	0.626364	0.666194	0.499259	0.583402	0.622423	0.566374	0.528525	0.619179	0.508539	0.531871	0.6097	0.640842	0.538983	0.638736	0.61061	0.64438	0.603254	0.526627	0.496962	0.561837	0.558799	0.76092	0.787877	0.74885	0.803882	0.75242	0.730813	0.735999	0.775309	0.748146	0.724578	0.798028	0.802494	0.756699	0.71144	0.798598	0.77046	0.732685	0.78932	0.784954	0.788468	0.741583	0.765169	0.795309	0.743868	0.749019	
0.514328	0.516146	0.491253	0.514141	0.539377	0.526393	0.482911	0.564106	0.558767	0.632245	0.548553	0.584123	0.549777	0.543078	0.500599	0.524715	0.517043	0.563097	0.565561	0.535383	0.551826	0.548133	0.549992	0.503625	0.59983	0.783877	0.783675	0.786752	0.760921	0.819346	0.772465	0.777351	0.844255	0.757441	0.757971	0.734518	0.824499	0.765123	0.810179	0.731394	0.787788	0.735769	0.743557	0.807725	0.783263	0.778879	0.771875	0.747968	0.788594	0.752247	
0.433825	0.475422	0.449549	0.473042	0.412118	0.442917	0.493996	0.482321	0.498145	0.500122	0.471265	0.469347	0.415711	0.452719	0.475301	0.412257	0.460331	0.456087	0.553813	0.483312	0.43289	0.454361	0.488603	0.413918	0.415668	0.700803	0.776227	0.69778	0.768042	0.795786	0.681022	0.787584	0.77912	0.77636	0.789265	0.698042	0.741331	0.801499	0.783212	0.737157	0.71527	0.652264	0.732465	0.758894	0.818081	0.791162	0.77063	0.78668	0.697503	0.666269	
0.439963	0.417313	0.52881	0.40775	0.433606	0.386858	0.453375	0.480105	0.454995	0.393852	0.452594	0.410846	0.447153	0.478552	0.478382	0.423829	0.457483	0.424826	0.501323	0.530042	0.528286	0.457954	0.459719	0.458629	0.446409	0.607765	0.482986	0.562585	0.564149	0.62702	0.608394	0.539875	0.64752	0.742084	0.588078	0.601198	0.615541	0.712626	0.647021	0.707847	0.573831	0.509593	0.591521	0.561735	0.639018	0.61935	0.593076	0.686918	0.567815	0.660504	
0.389309	0.420336	0.40722	0.420042	0.343504	0.440018	0.458847	0.449697	0.438176	0.393853	0.435303	0.460186	0.429132	0.426523	0.402908	0.382208	0.44652	0.389992	0.46144	0.476417	0.405324	0.446343	0.392989	0.376293	0.469391	0.426079	0.531565	0.518234	0.53725	0.484555	0.547573	0.515963	0.58053	0.472999	0.474483	0.485708	0.500857	0.545801	0.488303	0.47722	0.501066	0.562543	0.455853	0.486935	0.480564	0.461254	0.482477	0.516856	0.460387	0.610527	
0.389428	0.398707	0.332582	0.419733	0.3744	0.421196	0.451105	0.412179	0.409704	0.34506	0.316562	0.326069	0.35615	0.411217	0.413755	0.395478	0.429974	0.371176	0.370225	0.452419	0.373767	0.326777	0.462274	0.40028	0.369245	0.407752	0.444669	0.376744	0.398725	0.386252	0.38784	0.345813	0.444862	0.334889	0.363067	0.425176	0.410578	0.492189	0.294382	0.392971	0.454033	0.425852	0.466513	0.361873	0.38027	0.518223	0.404674	0.387332	0.366525	0.383124	
0.380417	0.324943	0.303249	0.296255	0.33818	0.324973	0.321976	0.340121	0.317544	0.418897	0.351586	0.359582	0.394208	0.395539	0.35666	0.417297	0.293145	0.331536	0.276381	0.35624	0.414254	0.377014	0.342697	0.416502	0.371805	0.305844	0.354995	0.261314	0.257085	0.27536	0.358516	0.31413	0.304942	0.27698	0.310287	0.224915	0.260198	0.287096	0.264461	0.27752	0.335782	0.273228	0.371414	0.271177	0.335513	0.341705	0.311048	0.311969	0.293861	0.336397	
0.360242	0.375811	0.357417	0.335621	0.336809	0.409667	0.352539	0.37535	0.434224	0.336418	0.354475	0.270783	0.315507	0.346479	0.321255	0.316794	0.399512	0.387821	0.365623	0.385174	0.400508	0.291712	0.363286	0.373249	0.31174	0.265966	0.301284	0.328	0.208213	0.270067	0.342724	0.342641	0.307897	0.40796	0.214876	0.228215	0.24404	0.325605	0.213833	0.244395	0.217927	0.225711	0.348297	0.24284	0.330661	0.305368	0.27318	0.2433	0.262068	0.221124	
0.844372	0.758383	0.720112	0.796642	0.785724	0.825913	0.771481	0.735259	0.680473	0.740769	0.7079	0.759009	0.682371	0.699663	0.62843	0.761214	0.679192	0.68634	0.691714	0.738603	0.845704	0.57699	0.656906	0.617879	0.702849	0.516675	0.508356	0.541859	0.525279	0.50722	0.526363	0.483986	0.540366	0.540547	0.510212	0.534789	0.513499	0.487286	0.526945	0.512853	0.502282	0.511527	0.469722	0.499774	0.524609	0.474156	0.514532	0.484621	0.495884	0.53501	
0.688993	0.572189	0.581464	0.736103	0.591606	0.707633	0.658352	0.633824	0.700749	0.615012	0.626366	0.630323	0.711909	0.531654	0.654386	0.683799	0.72609	0.628499	0.602222	0.651916	0.578115	0.661299	0.682335	0.762962	0.613223	0.620237	0.610175	0.598329	0.618902	0.63835	0.608321	0.636667	0.559594	0.618403	0.613245	0.627076	0.591414	0.612642	0.625962	0.616404	0.610323	0.587201	0.592587	0.581198	0.617787	0.631052	0.603299	0.624311	0.647406	0.606891	
0.59235	0.625685	0.587669	0.634655	0.676341	0.633553	0.635413	0.587616	0.635957	0.63175	0.734902	0.700719	0.61005	0.674506	0.658692	0.591425	0.670671	0.548703	0.55634	0.638548	0.616502	0.625394	0.582038	0.632168	0.635908	0.643485	0.641187	0.646274	0.682034	0.661636	0.648143	0.640049	0.647266	0.622891	0.64194	0.638695	0.667165	0.661428	0.635648	0.636734	0.643457	0.657979	0.634209	0.611788	0.649819	0.633041	0.647938	0.621509	0.657014	0.651459	
0.537592	0.52424	0.554975	0.553871	0.587113	0.652249	0.479327	0.602731	0.557256	0.622055	0.547232	0.641171	0.552845	0.538719	0.547856	0.672017	0.629574	0.580105	0.641489	0.541452	0.618432	0.593002	0.651871	0.63905	0.634535	0.666359	0.691426	0.702038	0.700984	0.685371	0.701787	0.666299	0.696469	0.695014	0.682571	0.691938	0.667064	0.654465	0.671568	0.695524	0.671597	0.694588	0.716887	0.69614	0.682468	0.668449	0.705968	0.683036	0.678462	0.67585	
0.558175	0.606513	0.549759	0.502757	0.546144	0.456075	0.628356	0.600162	0.607603	0.507701	0.54359	0.541531	0.510719	0.553506	0.544102	0.562429	0.540751	0.592717	0.536347	0.614897	0.526776	0.508092	0.560384	0.572563	0.552665	0.772935	0.739165	0.731163	0.72087	0.739581	0.736532	0.727275	0.747594	0.744791	0.744324	0.736838	0.762118	0.711975	0.737454	0.761669	0.750773	0.743076	0.735332	0.734026	0.746662	0.754598	0.724821	0.751404	0.752647	0.717652	
0.539666	0.495761	0.51955	0.525661	0.469812	0.517099	0.507861	0.61805	0.526441	0.488489	0.482652	0.489547	0.482447	0.488058	0.514547	0.494021	0.49425	0.5322	0.574981	0.5325	0.475235	0.522567	0.50658	0.490492	0.582774	0.809541	0.794256	0.755301	0.807443	0.798711	0.77595	0.808807	0.79306	0.782784	0.771281	0.821571	0.800275	0.766616	0.76802	0.774627	0.783511	0.793428	0.821632	0.799248	0.773459	0.767686	0.80699	0.779292	0.775128	0.801695	
0.454342	0.455927	0.424818	0.406602	0.477789	0.43094	0.482351	0.486546	0.432518	0.432498	0.4723	0.484817	0.440462	0.451584	0.451331	0.466801	0.46845	0.441679	0.449148	0.452648	0.447738	0.414253	0.370002	0.474706	0.424667	0.825944	0.850045	0.863967	0.815811	0.834707	0.854008	0.84433	0.789531	0.808193	0.824121	0.861936	0.817416	0.796689	0.828181	0.850218	0.847235	0.864317	0.814355	0.824074	0.889686	0.829198	0.853946	0.83714	0.833379	0.791814	
0.395768	0.468202	0.40524	0.378157	0.423703	0.426993	0.45021	0.405646	0.361902	0.428178	0.426776	0.38055	0.394288	0.448246	0.422963	0.440276	0.35342	0.366151	0.357149	0.419602	0.455631	0.408326	0.349827	0.36632	0.416608	0.812073	0.755282	0.794483	0.767708	0.871426	0.771895	0.817796	0.778059	0.745992	0.763233	0.794256	0.721672	0.793394	0.749347	0.781397	0.751964	0.778065	0.721615	0.696731	0.784378	0.78853	0.756193	0.77268	0.810815	0.76389	
0.37407	0.336949	0.40655	0.371731	0.352957	0.348579	0.372196	0.362409	0.341984	0.372972	0.371112	0.433087	0.381333	0.43756	0.396712	0.44079	0.389894	0.405417	0.412273	0.346234	0.361653	0.351269	0.364041	0.399327	0.363248	0.698637	0.704175	0.702613	0.67629	0.693582	0.650421	0.717149	0.656796	0.714221	0.699194	0.681428	0.65189	0.655681	0.690324	0.706963	0.765394	0.67107	0.690326	0.655204	0.642374	0.643627	0.678835	0.694865	0.724026	0.723491	
0.342864	0.360656	0.365756	0.34765	0.30021	0.374377	0.356278	0.387001	0.331141	0.349048	0.325837	0.335422	0.318358	0.356089	0.332813	0.373083	0.340413	0.388703	0.367309	0.368407	0.367226	0.344201	0.332761	0.379776	0.367354	0.490234	0.564599	0.590474	0.535124	0.570287	0.509178	0.622349	0.610695	0.520603	0.559478	0.573218	0.620855	0.633727	0.534471	0.534169	0.575234	0.557572	0.512884	0.613095	0.598501	0.5503	0.547923	0.619404	0.670251	0.59352	
0.308761	0.324024	0.322479	0.282286	0.258846	0.304693	0.335456	0.313467	0.292193	0.299548	0.430656	0.298642	0.311122	0.295495	0.333472	0.335694	0.317789	0.294701	0.262283	0.297108	0.301866	0.249918	0.264154	0.310741	0.338555	0.434457	0.389544	0.455359	0.434524	0.367726	0.424878	0.437457	0.374572	0.426628	0.465786	0.815582	0.401796	0.451375	0.359416	0.379854	0.423101	0.464106	0.428775	0.358312	0.473872	0.368847	0.411476	0.372677	0.381401	0.378216	
0.299449	0.253273	0.367803	0.217721	0.262977	0.414513	0.285656	0.27788	0.4119	0.364204	0.375007	0.275601	0.284257	0.289895	0.256916	0.253226	0.271565	0.335686	0.339679	0.271897	0.246962	0.391293	0.229475	0.238428	0.424397	0.288892	0.26983	0.723482	0.250027	0.29116	0.761087	0.365585	0.347291	0.819703	0.83316	0.634224	0.307196	0.341452	0.339562	0.406276	0.309399	0.29935	0.76361	0.35774	0.314114	0.321548	0.82506	0.30248	0.262094	0.836197	
1.04986	0.930912	1.10612	0.990681	1.03676	1.10162	1.13503	0.98833	0.963327	1.03888	1.20245	0.98176	0.920922	1.15338	1.12325	1.24762	0.904067	1.20134	0.994313	0.926312	0.941584	1.10633	1.04793	0.917063	0.996289	0.499661	0.471447	0.493788	0.415514	0.516101	0.46447	0.479558	0.46312	0.521022	0.430036	0.437764	0.440305	0.409864	0.485274	0.458092	0.505554	0.476149	0.525177	0.465035	0.495005	0.481017	0.485565	0.424081	0.457096	0.451365	
0.873144	0.731429	0.827148	0.810363	0.773111	0.750244	0.742157	0.803584	0.86394	0.812727	0.818102	0.798783	0.824214	0.784467	0.915004	0.742917	0.855227	0.804022	0.821816	0.808119	0.77127	0.677411	0.80573	0.798187	0.794685	0.568225	0.586668	0.629138	0.620238	0.621396	0.565907	0.626173	0.646906	0.562411	0.667098	0.643126	0.596896	0.577058	0.574121	0.580625	0.613585	0.648998	0.625889	0.59169	0.601517	0.595298	0.576442	0.576491	0.57305	0.600441	
0.706331	0.718899	0.754895	0.690778	0.697674	0.740801	0.686694	0.671609	0.693612	0.783543	0.638352	0.779706	0.679361	0.718453	0.803522	0.75137	0.619069	0.678489	0.702386	0.728513	0.644397	0.672987	0.819264	0.734429	0.716094	0.683315	0.658006	0.673285	0.630281	0.681735	0.586319	0.667551	0.60871	0.653929	0.587527	0.613151	0.708625	0.679393	0.656135	0.709138	0.68274	0.620521	0.669517	0.657435	0.624143	0.653649	0.644421	0.695477	0.6175	0.632888	
0.676716	0.728333	0.586999	0.685617	0.688623	0.599497	0.65093	0.696245	0.615748	0.662955	0.58985	0.641688	0.654707	0.583337	0.689214	0.669842	0.611104	0.709173	0.75176	0.698113	0.717751	0.683972	0.639948	0.63694	0.640322	0.736102	0.651907	0.754168	0.701097	0.755291	0.734134	0.688893	0.699757	0.737891	0.671946	0.721314	0.668348	0.706737	0.676615	0.652429	0.668137	0.747707	0.665287	0.734049	0.726234	0.676618	0.624003	0.667611	0.719823	0.727912	
0.599054	0.657537	0.635643	0.579251	0.532266	0.603283	0.602904	0.597063	0.616974	0.618081	0.62942	0.517031	0.558044	0.543439	0.646348	0.606562	0.575598	0.608912	0.564096	0.586215	0.574086	0.535147	0.686784	0.561712	0.618297	0.715799	0.812806	0.728951	0.765727	0.720003	0.767151	0.875145	0.673631	0.694874	0.725253	0.809194	0.73573	0.765792	0.735094	0.765623	0.820216	0.774569	0.802686	0.778531	0.719576	0.765504	0.806421	0.748276	0.689292	0.706798	
0.562923	0.554309	0.605849	0.543468	0.57524	0.514557	0.523494	0.527699	0.581883	0.627591	0.55411	0.662363	0.53126	0.549273	0.568206	0.631524	0.501455	0.53868	0.517144	0.605431	0.594777	0.587518	0.590168	0.599507	0.552392	0.781162	0.744828	0.771243	0.761995	0.728526	0.727156	0.85947	0.666876	0.631388	0.801564	0.693948	0.661992	0.746252	0.740949	0.861307	0.823741	0.768553	0.687116	0.804478	0.674036	0.801188	0.722126	0.703659	0.628619	0.716008	
0.500654	0.546492	0.545815	0.482582	0.491849	0.554707	0.542644	0.515211	0.45364	0.533861	0.516907	0.563256	0.501398	0.473362	0.510454	0.490387	0.619773	0.515124	0.45455	0.449051	0.502023	0.507376	0.425811	0.530556	0.528392	0.591943	0.604019	0.561847	0.578722	0.671924	0.616324	0.591345	0.708772	0.592491	0.640752	0.685942	0.589665	0.573201	0.456623	0.627864	0.645842	0.641052	0.629331	0.597097	0.653604	0.509086	0.519487	0.625082	0.599219	0.683186	
0.438029	0.595426	0.500681	0.536991	0.516587	0.492185	0.46055	0.51073	0.532932	0.44652	0.520206	0.478913	0.473602	0.517277	0.486227	0.505783	0.481592	0.50983	0.528827	0.472849	0.529366	0.540896	0.514671	0.463114	0.479287	0.533601	0.441691	0.441898	0.521589	0.534053	0.472926	0.412033	0.422032	0.56501	0.475928	0.472252	0.349873	0.379591	0.502107	0.524511	0.46376	0.442003	0.533667	0.498138	0.412733	0.409989	0.435287	0.400765	0.404184	0.493172	
0.522341	0.399423	0.467283	0.439163	0.469275	0.435799	0.485868	0.501391	0.413262	0.463145	0.450915	0.45487	0.501291	0.49981	0.480611	0.472443	0.465448	0.422795	0.404859	0.466828	0.518378	0.533563	0.482585	0.444912	0.500279	0.362644	0.330869	0.392181	0.417762	0.399161	0.362223	0.349482	0.383817	0.36655	0.367118	0.274273	0.391952	0.431489	0.328428	0.326796	0.333257	0.390413	0.49051	0.266783	0.448405	0.320595	0.362906	0.33672	0.356558	0.425855	
0.478461	0.477512	0.472805	0.494559	0.460457	0.491032	0.459928	0.441715	0.461524	0.440782	0.435945	0.442135	0.490997	0.431982	0.416466	0.518386	0.415196	0.431199	0.464282	0.440503	0.548703	0.373961	0.397512	0.491715	0.485622	0.25132	0.335092	0.253637	0.294784	0.306881	0.295068	0.275388	0.292438	0.230647	0.263651	0.216233	0.296345	0.317457	0.29514	0.215779	0.331007	0.302989	0.261563	0.348831	0.348852	0.333928	0.273203	0.261184	0.244371	0.319372	
0.371554	0.457326	0.433369	0.533204	0.455616	0.423982	0.437631	0.414175	0.404651	0.398151	0.473024	0.481276	0.387617	0.424043	0.440942	0.410208	0.449614	0.515934	0.375105	0.398431	0.453376	0.410971	0.448518	0.470391	0.458337	0.213895	0.231362	0.243708	0.467949	0.304687	0.253894	0.141149	0.166938	0.207733	0.206429	0.188267	0.203833	0.170092	0.255669	0.15475	0.211131	0.233345	0.227919	0.176114	0.282042	0.27566	0.279754	0.253049	0.275285	0.281253	
0.423564	0.444747	0.447225	0.3976	0.468811	0.4167	0.447655	0.432413	0.413627	0.50138	0.42765	0.41987	0.375049	0.382916	0.43247	0.390223	0.428817	0.365768	0.486185	0.426081	0.374763	0.393967	0.392998	0.385297	0.372448	0.168106	0.293312	0.2191	0.190923	0.16928	0.253895	0.185786	0.258529	0.24453	0.220962	0.243538	0.264957	0.176191	0.193141	0.243261	0.162247	0.204884	0.189833	0.222905	0.244989	0.180109	0.295686	0.217772	0.146101	0.174225	
0.936847	0.837233	0.864488	0.856915	0.93491	0.958637	0.870303	0.886402	0.895707	0.853972	0.824038	0.843753	0.825181	0.949864	0.871097	0.908412	0.929393	0.885611	0.837849	0.902319	0.888652	0.869262	0.799379	0.928063	0.789616	0.469999	0.49362	0.530651	0.482948	0.515025	0.496917	0.499325	0.49261	0.484876	0.474771	0.464987	0.496348	0.501986	0.4719	0.479012	0.483619	0.469792	0.468735	0.457077	0.50067	0.47886	0.52074	0.49392	0.514543	0.450056	
0.758297	0.785757	0.713613	0.71899	0.777771	0.763053	0.726326	0.685255	0.751844	0.757738	0.731733	0.739364	0.650763	0.676156	0.676488	0.787272	0.697245	0.763826	0.714339	0.661529	0.766269	0.774431	0.742437	0.698887	0.75182	0.573129	0.628562	0.624243	0.57556	0.589206	0.603305	0.596364	0.60647	0.608911	0.578018	0.614112	0.581224	0.592547	0.561915	0.602687	0.613303	0.585737	0.602413	0.61833	0.597934	0.595409	0.601274	0.579876	0.593052	0.596957	
0.635311	0.667813	0.699816	0.723892	0.698986	0.639954	0.682422	0.646329	0.736242	0.718298	0.635683	0.714591	0.654734	0.724939	0.686174	0.668876	0.666376	0.641432	0.692606	0.668518	0.603906	0.688129	0.628799	0.754304	0.695287	0.628535	0.649398	0.649981	0.642539	0.633287	0.625754	0.636338	0.651551	0.660589	0.661963	0.668709	0.648571	0.653083	0.671128	0.66866	0.627949	0.656307	0.662354	0.637288	0.617405	0.70573	0.654699	0.648753	0.653982	0.653981	
0.622285	0.591341	0.625257	0.617886	0.602768	0.656361	0.636785	0.618371	0.601517	0.65557	0.65007	0.649991	0.65899	0.655908	0.696282	0.588279	0.632108	0.702973	0.661452	0.594632	0.640822	0.672069	0.695459	0.689253	0.678833	0.677768	0.687073	0.710348	0.699692	0.682563	0.691057	0.690529	0.666625	0.707116	0.649432	0.690523	0.714389	0.715482	0.675155	0.754289	0.7139	0.633317	0.692378	0.666561	0.705795	0.706159	0.694332	0.674748	0.676118	0.692377	
0.597913	0.564744	0.564394	0.495986	0.543724	0.507755	0.597141	0.530131	0.63106	0.614755	0.531007	0.51704	0.544495	0.639489	0.610941	0.556265	0.558629	0.566084	0.574174	0.522913	0.588306	0.561408	0.521805	0.605117	0.529611	0.726154	0.723122	0.765973	0.713104	0.741814	0.768297	0.741396	0.778121	0.754418	0.684329	0.728381	0.728098	0.709687	0.755531	0.724223	0.716372	0.712794	0.751107	0.724068	0.73872	0.729065	0.724208	0.774041	0.79308	0.751694	
0.517065	0.535143	0.527421	0.49782	0.493696	0.542703	0.461305	0.51934	0.476397	0.486928	0.49109	0.570688	0.577145	0.521764	0.537399	0.508797	0.50214	0.609157	0.531039	0.534786	0.50756	0.501219	0.49449	0.571008	0.535109	0.760204	0.807433	0.781948	0.724781	0.723088	0.765662	0.764778	0.741319	0.8024	0.739996	0.764312	0.758627	0.779857	0.787621	0.774152	0.695532	0.738887	0.783217	0.761166	0.757324	0.7652	0.736981	0.783882	0.776376	0.730098	
0.514467	0.436052	0.450242	0.485854	0.466826	0.483431	0.442062	0.457078	0.4768	0.471734	0.487152	0.475042	0.443669	0.443915	0.49426	0.421282	0.507264	0.468738	0.482835	0.417187	0.469199	0.40597	0.450047	0.49778	0.509891	0.725153	0.599157	0.738828	0.637434	0.718211	0.673442	0.668801	0.713126	0.722799	0.689594	0.732084	0.682139	0.713916	0.655574	0.69239	0.624137	0.675785	0.625067	0.68626	0.663748	0.722885	0.630306	0.652665	0.595302	0.726969	
0.458229	0.45312	0.437888	0.495093	0.416077	0.417326	0.473172	0.461784	0.482345	0.419081	0.464367	0.440061	0.514482	0.448297	0.427517	0.491484	0.416128	0.443483	0.476229	0.46004	0.507111	0.413737	0.43317	0.433604	0.442178	0.563892	0.486027	0.592721	0.52573	0.524607	0.539409	0.516431	0.61188	0.49736	0.57747	0.587219	0.509536	0.610736	0.541973	0.592273	0.56603	0.501176	0.56219	0.497975	0.539649	0.518416	0.570759	0.616906	0.524595	0.489491	
0.378879	0.409988	0.41522	0.420221	0.411079	0.426215	0.42911	0.384066	0.373099	0.407095	0.416026	0.410821	0.401348	0.402464	0.417735	0.371298	0.408029	0.397703	0.450411	0.399503	0.409998	0.417631	0.402186	0.433034	0.444967	0.426806	0.433794	0.381835	0.422509	0.453525	0.405268	0.476806	0.396305	0.418461	0.480222	0.463279	0.437499	0.446202	0.384723	0.49286	0.42996	0.438959	0.468692	0.366958	0.39262	0.416812	0.487398	0.490935	0.440739	0.50964	
0.42589	0.428636	0.419549	0.415863	0.400964	0.385656	0.410094	0.439456	0.357091	0.372789	0.386193	0.372913	0.404963	0.37931	0.386376	0.377592	0.373504	0.451508	0.438387	0.395566	0.388874	0.36048	0.376926	0.386383	0.396186	0.353908	0.388773	0.361345	0.361005	0.347503	0.353282	0.373237	0.332807	0.355676	0.358238	0.370901	0.342757	0.310305	0.393554	0.402015	0.367374	0.345903	0.364298	0.379941	0.322406	0.342752	0.327218	0.345806	0.358812	0.336944	
0.347735	0.3789	0.338677	0.343226	0.338601	0.358406	0.403822	0.420101	0.361309	0.348948	0.372585	0.359378	0.418955	0.354637	0.366627	0.40398	0.340509	0.369937	0.387357	0.380975	0.346425	0.352752	0.480919	0.338138	0.383074	0.303501	0.28295	0.267536	0.277395	0.24494	0.266664	0.302228	0.297566	0.283375	0.234849	0.323361	0.226601	0.313941	0.288619	0.318864	0.286542	0.228026	0.244398	0.270791	0.352648	0.249687	0.245781	0.848544	0.266245	0.301045	
0.321117	0.395583	0.414423	0.353542	0.298042	0.419958	0.339078	0.353791	0.334598	0.371932	0.383616	0.350913	0.407623	0.350467	0.340144	0.401963	0.362567	0.32217	0.412155	0.363089	0.392469	0.340232	0.350587	0.343316	0.321023	0.242895	0.320619	0.807015	0.228	0.204644	0.255073	0.220289	0.234093	0.27438	0.250809	0.278897	0.243194	0.262131	0.304365	0.268094	0.461937	0.265911	0.23795	0.24351	0.252888	0.24946	0.224481	0.274621	0.299406	0.245577	
1.07476	1.11408	0.892569	0.971449	1.00627	0.909083	0.961021	0.889533	0.922403	0.987059	0.945568	1.02856	1.0862	1.0503	1.08167	1.09321	1.12059	1.11956	1.063	0.990698	0.993545	1.04764	1.07851	1.08612	1.06392	0.476114	0.452677	0.453662	0.493911	0.477683	0.447167	0.477154	0.398698	0.406708	0.506322	0.494029	0.477044	0.508999	0.543592	0.44192	0.458138	0.456403	0.467039	0.472689	0.463307	0.495887	0.486292	0.425955	0.535953	0.463278	
0.904663	0.788927	0.882839	0.850179	0.831708	0.792651	0.833458	0.995655	0.78818	0.760638	0.860819	0.753666	0.844856	0.789154	0.889562	0.783212	0.927399	0.769392	0.790737	0.848562	0.827086	0.922722	0.786225	0.803019	0.838742	0.639229	0.627025	0.59713	0.604047	0.545276	0.617081	0.638639	0.598252	0.608423	0.60493	0.630627	0.657664	0.608472	0.59457	0.553489	0.564084	0.667295	0.543744	0.582092	0.624904	0.622067	0.595756	0.654072	0.672741	0.599183	
0.699218	0.840435	0.750712	0.812052	0.649392	0.722152	0.687655	0.861013	0.744703	0.656067	0.832092	0.691075	0.780498	0.833264	0.792233	0.702223	0.741971	0.681529	0.698233	0.730249	0.602044	0.714098	0.782723	0.701153	0.725484	0.673462	0.673293	0.614491	0.677404	0.68114	0.617513	0.567245	0.673752	0.605026	0.681903	0.620817	0.719925	0.650755	0.604183	0.668029	0.65121	0.666896	0.708869	0.636048	0.635617	0.660325	0.596873	0.630103	0.657104	0.653045	
0.642866	0.566761	0.620502	0.677875	0.664018	0.618019	0.586278	0.699764	0.651236	0.634911	0.646023	0.690801	0.640022	0.74658	0.597675	0.718155	0.680003	0.642892	0.612593	0.752651	0.703286	0.645625	0.724894	0.743056	0.868567	0.656914	0.682131	0.72876	0.658141	0.697178	0.74721	0.752323	0.713038	0.614857	0.647361	0.692872	0.73344	0.751877	0.72967	0.643433	0.771385	0.758103	0.678416	0.679148	0.737468	0.629424	0.671044	0.779557	0.656466	0.723692	
0.546131	0.673654	0.638758	0.609498	0.649792	0.606379	0.656583	0.625795	0.572769	0.560266	0.656887	0.730606	0.649592	0.620499	0.673821	0.635885	0.700249	0.542511	0.605564	0.577508	0.627649	0.622034	0.564499	0.5797	0.622386	0.754622	0.787007	0.70154	0.667344	0.69799	0.813388	0.7182	0.741366	0.843231	0.757784	0.747596	0.794348	0.720363	0.734018	0.706136	0.773664	0.735428	0.712269	0.725106	0.64332	0.743578	0.674106	0.822899	0.678628	0.802614	
0.545571	0.622686	0.511425	0.582372	0.60259	0.554853	0.536825	0.514443	0.603098	0.542185	0.553352	0.602923	0.582644	0.539582	0.613647	0.620631	0.558634	0.612804	0.560287	0.614165	0.500196	0.507603	0.616374	0.558868	0.540519	0.907665	0.666301	0.699928	0.713258	0.810223	0.925294	0.741883	0.708471	0.676871	0.715837	0.636954	0.838629	0.822481	0.67676	0.67584	0.885741	0.708108	0.696679	0.623218	0.724507	0.636428	0.710597	0.740841	0.694433	0.66475	
0.594427	0.554936	0.543537	0.544521	0.506425	0.488806	0.446214	0.49226	0.552757	0.556069	0.565575	0.511782	0.597599	0.552228	0.536616	0.568242	0.486072	0.535423	0.618735	0.605213	0.541285	0.615982	0.624425	0.519872	0.538959	0.518063	0.583453	0.619949	0.539638	0.448179	0.542323	0.576385	0.698145	0.578425	0.538062	0.539599	0.481941	0.550858	0.629441	0.498635	0.452881	0.455998	0.644555	0.460773	0.539378	0.51111	0.549505	0.542112	0.634243	0.510236	
0.4838	0.474819	0.547369	0.545813	0.580146	0.523985	0.55778	0.566423	0.495512	0.473317	0.522109	0.540359	0.550576	0.571284	0.509803	0.559737	0.476093	0.52407	0.474789	0.481829	0.534269	0.565419	0.482022	0.480831	0.584436	0.381756	0.342642	0.439996	0.456999	0.421166	0.337809	0.47281	0.456258	0.394502	0.378268	0.332904	0.319763	0.485522	0.343663	0.44929	0.46297	0.314868	0.415836	0.335758	0.382416	0.409394	0.449245	0.390119	0.34225	0.548486	
0.457314	0.51955	0.525352	0.526886	0.477946	0.44995	0.596585	0.559942	0.450584	0.489046	0.518327	0.518245	0.518252	0.442869	0.52113	0.44179	0.52239	0.483849	0.502021	0.533027	0.528708	0.546153	0.530399	0.496347	0.575523	0.381669	0.289652	0.351277	0.385313	0.295813	0.257287	0.299918	0.267413	0.310838	0.327144	0.26037	0.276306	0.317264	0.34599	0.355633	0.373016	0.322014	0.265157	0.309366	0.310582	0.253879	0.251516	0.343427	0.295094	0.30095	
0.540585	0.438538	0.414787	0.585539	0.45267	0.507383	0.489541	0.512998	0.433977	0.487208	0.402308	0.532218	0.463163	0.465617	0.488716	0.445103	0.539197	0.47871	0.480044	0.469997	0.492396	0.461288	0.495495	0.491143	0.518957	0.285434	0.252879	0.240835	0.433449	0.289335	0.298205	0.240831	0.278196	0.326606	0.252894	0.260442	0.247818	0.237653	0.250998	0.294323	0.274559	0.253183	0.238366	0.314397	0.288823	0.243149	0.281751	0.318076	0.374848	0.268191	
0.478101	0.474909	0.492434	0.479733	0.470232	0.458394	0.469828	0.463973	0.544466	0.44327	0.447717	0.475334	0.425608	0.462606	0.389637	0.495851	0.479701	0.470773	0.42385	0.483874	0.402657	0.493592	0.514986	0.521436	0.452729	0.235958	0.274648	0.201308	0.22417	0.174799	0.145787	0.290899	0.338984	0.226881	0.21124	0.181439	0.227091	0.239546	0.252434	0.184121	0.257579	0.205121	0.196476	0.274989	0.210035	0.180329	0.263335	0.343461	0.299685	0.140291	
0.40266	0.458644	0.470525	0.48081	0.48451	0.440655	0.502883	0.529395	0.388433	0.400524	0.63019	0.456155	0.519318	0.441599	0.447508	0.508083	0.387314	0.48902	0.464062	0.463767	0.456705	0.501591	0.465601	0.377474	0.409266	0.167023	0.194739	0.324594	0.217061	0.179981	0.226532	0.208011	0.157155	0.15995	0.131527	0.231591	0.254102	0.242252	0.258979	0.168819	0.209092	0.217179	0.191609	0.158576	0.17272	0.160461	0.230015	0.200699	0.180679	0.181664	
0.995469	0.947545	0.991411	0.94248	0.921017	1.0453	0.923014	1.01112	0.859069	1.04024	0.952399	0.871069	0.992824	0.930772	1.08528	0.995879	0.966988	0.904728	0.947195	1.04154	0.796247	0.81714	0.916786	0.949244	0.946048	0.459371	0.484111	0.461184	0.48194	0.491329	0.460334	0.483704	0.474103	0.459083	0.492707	0.47207	0.469185	0.505335	0.487321	0.473959	0.478003	0.513336	0.4363	0.437095	0.470926	0.431202	0.453943	0.494916	0.456249	0.471565	
0.793088	0.720375	0.723071	0.771291	0.736184	0.753127	0.7172	0.737517	0.78196	0.805657	0.762333	0.751132	0.784476	0.769082	0.885841	0.743897	0.712476	0.796838	0.779943	0.855921	0.768669	0.758499	0.760796	0.809469	0.762669	0.578863	0.610969	0.572476	0.590924	0.613089	0.60878	0.595863	0.563472	0.602649	0.606052	0.6088	0.604395	0.602821	0.603994	0.590491	0.598845	0.594972	0.559001	0.597224	0.611457	0.599219	0.594352	0.601367	0.595288	0.622668	
0.65443	0.685513	0.733603	0.769739	0.702341	0.68715	0.672733	0.63736	0.737327	0.708525	0.752975	0.723225	0.653109	0.673072	0.663349	0.695401	0.705563	0.659591	0.666965	0.691852	0.725879	0.653573	0.73601	0.656121	0.737013	0.635394	0.659114	0.613598	0.641405	0.649081	0.625477	0.646529	0.614411	0.66109	0.679886	0.623444	0.649779	0.640934	0.633322	0.675607	0.635517	0.657405	0.661767	0.639831	0.644057	0.685269	0.615808	0.657344	0.62164	0.685759	
0.668095	0.6118	0.741415	0.688392	0.609702	0.609814	0.697353	0.607651	0.62111	0.62799	0.639655	0.615652	0.638076	0.66506	0.700539	0.635581	0.645134	0.631312	0.697692	0.653249	0.607418	0.629232	0.635643	0.653435	0.624442	0.645488	0.655264	0.682817	0.688525	0.678344	0.675358	0.687606	0.698347	0.677129	0.694994	0.676047	0.690754	0.698774	0.702249	0.688873	0.615371	0.672197	0.673313	0.711613	0.687423	0.700218	0.6895	0.694061	0.645152	0.706742	
0.57988	0.553823	0.559549	0.575129	0.614529	0.562469	0.57592	0.592551	0.549719	0.634739	0.552981	0.610897	0.535457	0.551466	0.581184	0.5936	0.585929	0.573774	0.611994	0.598783	0.531697	0.561157	0.580968	0.613517	0.582211	0.752584	0.708339	0.713909	0.734385	0.705615	0.76084	0.706805	0.727066	0.783772	0.706495	0.70441	0.732546	0.695505	0.672431	0.729272	0.727919	0.712775	0.72398	0.729698	0.710621	0.767046	0.687216	0.726797	0.725669	0.729052	
0.565215	0.544051	0.57242	0.538883	0.519968	0.551303	0.563497	0.59602	0.52086	0.544521	0.538934	0.527366	0.545872	0.559061	0.591905	0.54243	0.537162	0.558004	0.53469	0.560569	0.555315	0.551974	0.521731	0.548697	0.513949	0.749104	0.75265	0.771843	0.801038	0.764981	0.759027	0.694808	0.744803	0.769752	0.712543	0.699314	0.727499	0.774721	0.776508	0.714335	0.756407	0.702217	0.711564	0.767662	0.737823	0.753383	0.766516	0.724775	0.718542	0.733413	
0.550698	0.514186	0.536322	0.530735	0.510512	0.511017	0.511235	0.541876	0.536672	0.461257	0.531965	0.523917	0.501865	0.473694	0.507768	0.418048	0.483524	0.523248	0.465907	0.500731	0.551327	0.522096	0.433045	0.506971	0.515868	0.572419	0.649665	0.660143	0.758902	0.638267	0.639224	0.625003	0.568251	0.676478	0.62274	0.639632	0.647486	0.638981	0.639289	0.667352	0.622107	0.619814	0.632264	0.641511	0.593449	0.702527	0.631204	0.656015	0.659242	0.657174	
0.438805	0.43652	0.45779	0.424912	0.480424	0.453563	0.47871	0.472892	0.43584	0.462072	0.456469	0.453679	0.438765	0.485595	0.478019	0.463494	0.450061	0.482647	0.4831	0.45153	0.484427	0.468131	0.505292	0.502654	0.42867	0.475976	0.451868	0.45839	0.523488	0.423374	0.480366	0.508159	0.446427	0.553594	0.463341	0.502558	0.446699	0.400733	0.530659	0.454203	0.524936	0.47452	0.460428	0.519244	0.520757	0.483696	0.542824	0.483014	0.502107	0.436878	
0.450044	0.402918	0.439491	0.451141	0.475403	0.413359	0.483935	0.411403	0.393075	0.496519	0.482256	0.387812	0.466961	0.448508	0.479024	0.447482	0.465898	0.417794	0.482167	0.443815	0.446686	0.495228	0.447599	0.430971	0.477588	0.356487	0.363851	0.365711	0.352942	0.365582	0.388995	0.42498	0.399168	0.336124	0.468579	0.410309	0.364118	0.460725	0.404233	0.358161	0.333992	0.404683	0.335294	0.390141	0.418007	0.379105	0.350311	0.432512	0.350171	0.401419	
0.385521	0.467067	0.439341	0.414079	0.423546	0.45392	0.373058	0.413096	0.421469	0.395071	0.438284	0.423154	0.381922	0.388765	0.453634	0.426679	0.445767	0.411407	0.417874	0.427388	0.433354	0.424482	0.406765	0.412609	0.398761	0.326416	0.327084	0.323504	0.370565	0.265689	0.324444	0.281121	0.289587	0.331687	0.285213	0.323985	0.24924	0.296098	0.317897	0.27774	0.319791	0.268281	0.344331	0.377592	0.332774	0.299547	0.289944	0.319469	0.322074	0.295585	
0.370547	0.399156	0.43744	0.464501	0.422368	0.436028	0.413834	0.365056	0.400615	0.420319	0.369104	0.427669	0.393894	0.401209	0.380995	0.394204	0.401336	0.376494	0.426257	0.427806	0.400854	0.413749	0.360493	0.396831	0.452948	0.242149	0.252425	0.332958	0.260759	0.229949	0.256704	0.262253	0.234771	0.293459	0.271911	0.246649	0.224466	0.249698	0.274108	0.23408	0.247803	0.235187	0.271775	0.239292	0.297007	0.229757	0.211176	0.211156	0.270885	0.236217	
0.411922	0.410506	0.379005	0.417843	0.390852	0.41954	0.341785	0.443439	0.421643	0.376306	0.334235	0.364363	0.421393	0.383623	0.331704	0.378844	0.389302	0.382359	0.428087	0.384797	0.452406	0.383393	0.456066	0.366443	0.406947	0.231252	0.223971	0.199147	0.233489	0.238391	0.207399	0.213451	0.359668	0.291999	0.274744	0.180225	0.181487	0.257755	0.209856	0.227106	0.235523	0.187123	0.191098	0.223445	0.17771	0.214694	0.240825	0.227057	0.240443	0.204039	
1.10392	1.10553	1.23416	1.08383	1.20657	1.0993	1.01316	1.06199	1.14554	1.05842	1.05936	1.18255	1.06275	1.25315	1.1641	1.09659	1.10657	1.08652	0.994548	1.04676	1.12742	1.08129	1.05941	0.994719	1.09071	0.469464	0.436699	0.545476	0.497132	0.502404	0.498976	0.440366	0.47126	0.450859	0.422229	0.406074	0.437176	0.573189	0.445726	0.435643	0.49287	0.503356	0.41695	0.432453	0.507673	0.439218	0.52486	0.481912	0.430941	0.447835	
0.701942	0.847165	0.850472	0.838802	0.756486	0.79354	0.81737	0.795267	0.891053	0.783754	0.895118	0.775603	0.857355	0.794483	0.796569	0.859592	0.946831	0.853867	0.853295	0.85902	0.948162	0.795504	0.852287	0.877214	0.688251	0.610715	0.619176	0.524229	0.587126	0.55302	0.632531	0.667619	0.655279	0.646703	0.584008	0.608312	0.673107	0.569209	0.624011	0.608959	0.572022	0.65909	0.558941	0.601176	0.726697	0.612426	0.565539	0.608673	0.610108	0.601764	
0.715921	0.708672	0.804597	0.772013	0.733908	0.718407	0.734737	0.783241	0.703919	0.7874	0.750917	0.710411	0.765309	0.694024	0.730699	0.756235	0.616669	0.738207	0.694625	0.689128	0.672742	0.804765	0.83827	0.800527	0.789149	0.649127	0.664431	0.638652	0.756696	0.683955	0.673739	0.62333	0.651579	0.651085	0.728491	0.724147	0.635284	0.606145	0.712678	0.67676	0.687036	0.7238	0.675056	0.66188	0.631766	0.638458	0.681327	0.660237	0.711909	0.704235	
0.655758	0.68722	0.716329	0.706605	0.712192	0.609048	0.671952	0.694962	0.683254	0.651348	0.645509	0.624418	0.670781	0.783576	0.675771	0.648265	0.749051	0.665532	0.656582	0.70915	0.675959	0.692432	0.663313	0.647611	0.603987	0.662258	0.711871	0.722734	0.691764	0.718402	0.681378	0.691149	0.591459	0.808386	0.77555	0.661612	0.702587	0.871112	0.827426	0.648137	0.672651	0.66048	0.707566	0.766222	0.740908	0.695241	0.676174	0.675758	0.675992	0.716329	
0.648085	0.647385	0.622725	0.620177	0.635491	0.5868	0.562839	0.659122	0.639498	0.562967	0.649059	0.586556	0.609029	0.564172	0.571764	0.605899	0.573825	0.613944	0.614637	0.604072	0.630939	0.575749	0.618647	0.633874	0.609978	0.706249	0.732861	0.732649	0.716754	0.685072	0.679531	0.678807	0.729079	0.712254	0.848273	0.731532	0.713209	0.731604	0.747161	0.727344	0.724613	0.842761	0.829705	0.845433	0.725943	0.762933	0.635957	0.744019	0.733866	0.855753	
0.671211	0.610241	0.54501	0.591389	0.657161	0.622718	0.553236	0.533867	0.585798	0.597026	0.623279	0.604535	0.553544	0.536064	0.508061	0.610392	0.601357	0.593625	0.614214	0.63622	0.588967	0.610557	0.60929	0.520728	0.617597	0.658232	0.781897	0.805591	0.744743	0.721518	0.771041	0.688735	0.580442	0.672512	0.605357	0.815953	0.679731	0.763853	0.773301	0.65047	0.634755	0.722076	0.68755	0.644499	0.707092	0.773109	0.637033	0.691847	0.856324	0.662391	
0.49581	0.606542	0.554428	0.516845	0.573597	0.614302	0.59546	0.612004	0.542744	0.571859	0.547683	0.478014	0.545156	0.538109	0.592669	0.647458	0.619692	0.589814	0.556893	0.620475	0.531937	0.522082	0.539035	0.539299	0.552213	0.465457	0.601357	0.492035	0.502395	0.524798	0.519848	0.587159	0.712116	0.481195	0.523686	0.495856	0.446232	0.46831	0.55434	0.483764	0.596293	0.451286	0.510392	0.535009	0.402193	0.521049	0.413514	0.545199	0.532672	0.422974	
0.607297	0.577925	0.549425	0.543076	0.525205	0.571656	0.563112	0.601284	0.494017	0.670702	0.573549	0.565306	0.565646	0.567587	0.51771	0.529044	0.524934	0.500184	0.546052	0.582097	0.562213	0.582872	0.601869	0.503052	0.54125	0.380265	0.314569	0.364404	0.376247	0.41121	0.389988	0.381733	0.459703	0.324923	0.543796	0.46997	0.334715	0.41922	0.324537	0.416133	0.39898	0.467411	0.357354	0.360191	0.462024	0.400645	0.499395	0.446443	0.329088	0.371512	
0.545683	0.522037	0.560989	0.472271	0.576391	0.610544	0.469678	0.472679	0.588254	0.499975	0.511549	0.473962	0.497491	0.550645	0.59442	0.496979	0.512803	0.511042	0.602959	0.5366	0.495876	0.526192	0.450162	0.500761	0.554065	0.295453	0.477902	0.281325	0.278469	0.262691	0.322288	0.304981	0.238233	0.439494	0.403735	0.311097	0.256037	0.299736	0.294007	0.250744	0.316423	0.300607	0.253733	0.503618	0.348235	0.336972	0.308496	0.49555	0.258543	0.405201	
0.5337	0.456767	0.434887	0.524188	0.521761	0.525876	0.594725	0.492214	0.498032	0.544889	0.57079	0.525448	0.512791	0.572543	0.602797	0.555176	0.466456	0.599813	0.486929	0.515967	0.428112	0.427345	0.52749	0.495861	0.491812	0.329676	0.259838	0.239649	0.204472	0.18796	0.259094	0.299846	0.225398	0.240884	0.268676	0.328752	0.414794	0.203409	0.246818	0.265956	0.275321	0.191949	0.266244	0.290912	0.196728	0.199958	0.29097	0.257749	0.304827	0.292022	
0.563652	0.532592	0.455372	0.539204	0.473526	0.512755	0.492783	0.481436	0.462936	0.503298	0.482251	0.475052	0.541817	0.480704	0.503994	0.493551	0.464264	0.475325	0.483664	0.517885	0.413886	0.423058	0.497636	0.506047	0.465248	0.241747	0.257776	0.149886	0.153397	0.185636	0.123867	0.267501	0.164996	0.181794	0.18917	0.233952	0.176336	0.174258	0.206258	0.227015	0.16092	0.225017	0.164463	0.149173	0.173247	0.171183	0.200189	0.191225	0.244017	0.255767	
0.449054	0.450327	0.422781	0.52322	0.438553	0.455088	0.501529	0.463044	0.541331	0.395951	0.511026	0.457079	0.493503	0.470895	0.419233	0.454111	0.418111	0.477423	0.475927	0.506072	0.542261	0.41504	0.424786	0.467154	0.444996	0.217456	0.152725	0.153519	0.17585	0.217923	0.144136	0.238344	0.175894	0.179031	0.112465	0.12387	0.13545	0.172549	0.161011	0.119703	0.120264	0.229529	0.154748	0.204892	0.162962	0.171593	0.18516	0.186568	0.175368	0.220243	
1.03698	0.989886	1.11396	0.909785	0.964862	1.05311	1.01658	1.0102	1.09309	0.888463	1.05392	1.00644	1.09702	1.10549	0.955385	0.916471	1.08587	1.07561	1.13352	1.08822	0.966087	0.972555	0.986037	0.929896	0.856265	0.451298	0.427699	0.450212	0.444643	0.477058	0.449275	0.465378	0.44224	0.454583	0.470812	0.497195	0.454974	0.483565	0.494787	0.438338	0.45961	0.457541	0.464888	0.437206	0.427794	0.503115	0.450646	0.430994	0.459537	0.467297	
0.785537	0.846899	0.79024	0.825008	0.774304	0.729194	0.821721	0.837304	0.765612	0.729815	0.807497	0.782199	0.839928	0.772613	0.823644	0.771915	0.777999	0.826886	0.827633	0.715117	0.736904	0.851768	0.832958	0.823402	0.828635	0.57133	0.584815	0.599056	0.627701	0.625893	0.627555	0.576961	0.629527	0.632995	0.61953	0.629262	0.609367	0.565396	0.584831	0.610142	0.568042	0.640361	0.605958	0.607902	0.594154	0.584065	0.564493	0.619414	0.572706	0.626344	
0.776953	0.739399	0.758532	0.755946	0.728118	0.692604	0.69344	0.675578	0.716184	0.718965	0.682008	0.737247	0.670338	0.739907	0.641858	0.726062	0.766178	0.885936	0.766788	0.749836	0.736984	0.728758	0.720857	0.747984	0.698624	0.703309	0.666514	0.651788	0.63286	0.629832	0.66447	0.700031	0.670372	0.70028	0.662012	0.639704	0.657688	0.666814	0.650257	0.630174	0.680543	0.666249	0.702549	0.63828	0.688327	0.671718	0.633628	0.656261	0.66633	0.644901	
0.669947	0.687545	0.695099	0.675105	0.704208	0.64562	0.644961	0.672818	0.694178	0.639402	0.589888	0.68182	0.635026	0.713695	0.679258	0.642089	0.624455	0.721774	0.659162	0.643651	0.647965	0.638869	0.733947	0.658101	0.613848	0.674253	0.712472	0.705805	0.657395	0.710554	0.662753	0.691527	0.699246	0.729908	0.652268	0.654309	0.689124	0.68146	0.696122	0.678288	0.729641	0.649158	0.702141	0.659029	0.709499	0.65829	0.679405	0.705669	0.660801	0.693839	
0.558562	0.590596	0.593166	0.574272	0.545903	0.592917	0.622896	0.580957	0.538088	0.614083	0.588781	0.568286	0.641227	0.590147	0.583741	0.56338	0.621248	0.563637	0.657927	0.5816	0.611295	0.594152	0.568506	0.620259	0.566402	0.663114	0.707262	0.714676	0.697044	0.663368	0.688374	0.752627	0.658387	0.724122	0.754802	0.776082	0.69532	0.693856	0.732614	0.704866	0.726213	0.747796	0.792876	0.804334	0.772799	0.763913	0.73199	0.679895	0.702589	0.81438	
0.524757	0.538094	0.591067	0.558422	0.576176	0.54187	0.551282	0.523347	0.581653	0.510063	0.575843	0.541167	0.512603	0.524214	0.601909	0.556463	0.551551	0.551114	0.61124	0.513232	0.536777	0.623704	0.609029	0.583959	0.527573	0.816949	0.755041	0.782961	0.653951	0.738327	0.722735	0.654432	0.699766	0.715176	0.812846	0.729062	0.761708	0.683977	0.728282	0.713601	0.70023	0.70132	0.688412	0.675321	0.694965	0.741773	0.786214	0.74821	0.722104	0.674177	
0.537431	0.51311	0.504864	0.507625	0.517184	0.48168	0.498514	0.52009	0.484377	0.507274	0.509559	0.485668	0.45126	0.533256	0.495191	0.493162	0.528749	0.533459	0.583427	0.489127	0.46307	0.510938	0.540677	0.57861	0.603824	0.573884	0.505116	0.547819	0.549943	0.507092	0.590273	0.599828	0.581542	0.545859	0.670201	0.601438	0.536619	0.578045	0.541869	0.610765	0.503517	0.595465	0.57667	0.543552	0.526905	0.571457	0.611619	0.671357	0.569366	0.631771	
0.485447	0.558553	0.512614	0.466486	0.532397	0.474415	0.511207	0.487025	0.505043	0.452079	0.505636	0.477017	0.45375	0.539148	0.478924	0.482869	0.509253	0.50502	0.460084	0.478321	0.510062	0.52805	0.510555	0.557425	0.514169	0.441905	0.421251	0.451076	0.451113	0.433225	0.406556	0.462644	0.453941	0.437682	0.384801	0.339671	0.384484	0.375998	0.460759	0.462012	0.396766	0.41498	0.410359	0.431082	0.380639	0.466356	0.462205	0.451299	0.477787	0.438462	
0.448401	0.480916	0.454229	0.487442	0.465741	0.459414	0.530046	0.465032	0.472347	0.47374	0.531435	0.474622	0.50279	0.475586	0.4603	0.453476	0.513931	0.466895	0.47526	0.501429	0.476348	0.48282	0.488983	0.447137	0.486916	0.326988	0.324766	0.285756	0.283254	0.310389	0.382667	0.308059	0.308656	0.30429	0.341106	0.298001	0.349655	0.339089	0.345604	0.33443	0.277952	0.356079	0.319729	0.310006	0.344293	0.343777	0.36415	0.375777	0.340339	0.333729	
0.469695	0.522523	0.498331	0.483478	0.417593	0.430644	0.469486	0.407242	0.4386	0.459147	0.49251	0.467788	0.529801	0.406327	0.480541	0.449819	0.406008	0.503755	0.425217	0.41201	0.496698	0.428782	0.448279	0.461093	0.475205	0.290043	0.351727	0.235547	0.334334	0.34687	0.286058	0.294329	0.230915	0.256904	0.29159	0.290724	0.288328	0.286482	0.304575	0.335291	0.240551	0.256493	0.260163	0.255477	0.250345	0.289458	0.264245	0.25221	0.259076	0.320379	
0.428112	0.480662	0.457931	0.398269	0.574545	0.456319	0.415334	0.417923	0.448785	0.475569	0.470034	0.45188	0.400087	0.477913	0.416302	0.462831	0.441547	0.426738	0.396228	0.41073	0.427974	0.390698	0.427438	0.526856	0.421141	0.229581	0.256027	0.265902	0.180618	0.811073	0.197496	0.175238	0.212146	0.225528	0.181851	0.230721	0.218665	0.216604	0.214824	0.217956	0.26155	0.210354	0.190559	0.205272	0.279396	0.258245	0.209162	0.243969	0.279634	0.23963	
0.400385	0.402678	0.40956	0.41785	0.422128	0.46201	0.414395	0.37387	0.39118	0.443951	0.410493	0.454766	0.458984	0.448143	0.413456	0.453937	0.471724	0.390945	0.388495	0.415505	0.487723	0.44595	0.413889	0.460354	0.402211	0.259085	0.21323	0.22413	0.202633	0.20684	0.231781	0.173188	0.192428	0.190957	0.224429	0.203392	0.184756	0.207738	0.208014	0.199326	0.207675	0.236136	0.144334	0.209998	0.21315	0.350688	0.183427	0.25346	0.231985	0.180335	
