0.858889	0.95787	0.766088	0.909309	1.13123	0.802295	0.766881	0.806856	0.901407	0.75102	0.840467	0.804516	0.802424	0.930025	0.796351	0.772597	0.875767	0.753432	0.915227	0.734396	0.802469	0.874255	0.841405	0.935506	0.839395	0.456015	0.463859	0.414798	0.554945	0.491092	0.457202	0.485544	0.502397	0.535607	0.465255	0.501583	0.454841	0.524803	0.505865	0.518148	0.469947	0.514545	0.498663	0.471353	0.511121	0.493431	0.495992	0.528339	0.441834	0.493228	
0.775695	0.626553	0.770639	0.734979	0.794472	0.901566	0.663306	0.746189	0.788874	0.721348	0.73368	0.760211	0.62878	0.640852	0.879178	0.638903	0.805517	0.808489	0.685333	0.76295	0.814192	0.70287	0.6948	0.761437	0.715402	0.635039	0.624758	0.663288	0.620431	0.611433	0.606279	0.612458	0.589961	0.614526	0.612362	0.577094	0.583917	0.560996	0.583525	0.648435	0.568649	0.576587	0.661502	0.639747	0.596427	0.622141	0.64214	0.632879	0.625777	0.651481	
0.675298	0.671464	0.733759	0.615815	0.599664	0.757904	0.672721	0.722446	0.647315	0.662493	0.641706	0.71148	0.61882	0.730691	0.79987	0.683945	0.635213	0.71763	0.757305	0.637332	0.829356	0.601808	0.779426	0.648633	0.705739	0.659454	0.602366	0.653867	0.655597	0.597698	0.666881	0.651546	0.665843	0.671249	0.66514	0.600889	0.677781	0.693151	0.686855	0.675267	0.626111	0.616235	0.630237	0.646089	0.626144	0.639981	0.631856	0.679418	0.702658	0.668257	
0.685742	0.575129	0.791113	0.631637	0.602555	0.611633	0.63238	0.597926	0.725474	0.692197	0.614806	0.657805	0.625771	0.730529	0.536283	0.741618	0.647479	0.670229	0.629574	0.546084	0.737803	0.595686	0.732938	0.670185	0.634218	0.651844	0.654063	0.67681	0.748843	0.721065	0.72022	0.729816	0.750731	0.721943	0.696667	0.641567	0.737585	0.675101	0.696239	0.673815	0.698305	0.712685	0.643236	0.724282	0.704715	0.693382	0.675395	0.668235	0.68974	0.704218	
0.567992	0.559569	0.605629	0.574546	0.572273	0.537113	0.55842	0.579737	0.52365	0.608	0.481364	0.633557	0.59454	0.541839	0.598777	0.524321	0.559668	0.524214	0.604679	0.610321	0.695013	0.577836	0.590629	0.54503	0.646008	0.723064	0.736693	0.716866	0.740776	0.705827	0.720608	0.746242	0.78547	0.764715	0.813395	0.683683	0.750865	0.789748	0.775999	0.740165	0.770079	0.771464	0.717109	0.776716	0.703942	0.784537	0.766516	0.749887	0.737066	0.794919	
0.455327	0.609335	0.492161	0.490545	0.54303	0.517347	0.535538	0.479581	0.582602	0.581826	0.510878	0.57177	0.523552	0.498682	0.541321	0.546838	0.536201	0.51932	0.473449	0.474401	0.548861	0.54996	0.584822	0.606506	0.512113	0.808466	0.819481	0.726026	0.809314	0.751722	0.797792	0.809393	0.719415	0.8277	0.819408	0.790979	0.843158	0.813332	0.69914	0.78921	0.813832	0.793654	0.725502	0.824129	0.846906	0.808516	0.719504	0.82795	0.8022	0.784049	
0.484293	0.493716	0.446749	0.535361	0.476355	0.444616	0.441505	0.475131	0.425488	0.501783	0.499948	0.385271	0.460797	0.452222	0.531132	0.454481	0.438915	0.479318	0.417604	0.451769	0.510474	0.364347	0.402879	0.468457	0.499531	0.872365	0.717668	0.740561	0.711417	0.710295	0.729761	0.709712	0.86783	0.747709	0.881427	0.775805	0.790168	0.749797	0.737471	0.660157	0.711901	0.687482	0.742038	0.695798	0.822846	0.72896	0.725412	0.72999	0.736482	0.749076	
0.416355	0.409038	0.411081	0.467165	0.432859	0.391516	0.487488	0.404956	0.470012	0.439414	0.477944	0.530678	0.467623	0.394464	0.424008	0.373559	0.458948	0.496663	0.454787	0.427273	0.438277	0.416804	0.431404	0.414836	0.45831	0.596088	0.591399	0.620359	0.581768	0.725767	0.572412	0.632776	0.671553	0.616726	0.568241	0.501363	0.634146	0.65315	0.545369	0.631865	0.590614	0.565731	0.698212	0.618734	0.686534	0.556737	0.685665	0.54928	0.596461	0.610106	
0.370631	0.437978	0.434931	0.392068	0.416621	0.435223	0.416408	0.441841	0.414974	0.444019	0.365644	0.382966	0.462601	0.422755	0.478229	0.39579	0.472553	0.399414	0.41601	0.354994	0.420687	0.468458	0.493116	0.403053	0.496354	0.347621	0.550504	0.418537	0.583148	0.455104	0.543305	0.544169	0.537481	0.485097	0.569063	0.461341	0.528118	0.510075	0.523006	0.538945	0.545849	0.550933	0.485656	0.484937	0.429534	0.444786	0.527905	0.543002	0.520633	0.505733	
0.376566	0.411074	0.331212	0.409873	0.366205	0.312473	0.397598	0.357575	0.369974	0.349677	0.359729	0.409933	0.382421	0.40155	0.297901	0.412512	0.398053	0.383694	0.381328	0.330387	0.387942	0.327742	0.371816	0.356678	0.410737	0.491097	0.330896	0.397703	0.425581	0.363697	0.320558	0.370527	0.327658	0.427555	0.397857	0.321237	0.406263	0.409147	0.335347	0.279837	0.376965	0.439929	0.431396	0.420522	0.416775	0.357948	0.343912	0.37119	0.430488	0.364837	
0.339012	0.343842	0.295155	0.356463	0.355066	0.379664	0.370204	0.380236	0.393662	0.41091	0.309203	0.387065	0.347975	0.3105	0.265025	0.390334	0.332776	0.427878	0.329071	0.356646	0.377338	0.410224	0.366662	0.345225	0.320463	0.290877	0.327447	0.265109	0.236396	0.207497	0.252622	0.269845	0.317942	0.329278	0.313555	0.249378	0.371682	0.258348	0.239103	0.268974	0.299363	0.273821	0.308531	0.278116	0.353656	0.317393	0.270922	0.387453	0.286662	0.217018	
0.3114	0.34976	0.302034	0.254055	0.336627	0.325596	0.323171	0.339783	0.340464	0.259933	0.300937	0.332315	0.266843	0.335872	0.385783	0.332819	0.290076	0.307647	0.29839	0.374772	0.384129	0.304677	0.375164	0.390615	0.313482	0.286642	0.270946	0.189985	0.201718	0.256772	0.260442	0.265659	0.234066	0.331957	0.195668	0.291406	0.277695	0.245215	0.266915	0.192204	0.310151	0.259883	0.288175	0.255998	0.320178	0.278852	0.257509	0.297935	0.312416	0.26524	
0.643371	0.670117	0.832489	0.668381	0.688798	0.680057	0.743838	0.69495	0.807012	0.753249	0.738071	0.670896	0.707109	0.693875	0.750395	0.694098	0.808154	0.723258	0.647673	0.70999	0.758135	0.657055	0.730519	0.736799	0.701007	0.507019	0.473924	0.539711	0.476989	0.534525	0.519279	0.539942	0.502064	0.526814	0.541891	0.500091	0.462112	0.514488	0.507337	0.495404	0.540009	0.512713	0.475843	0.514855	0.528486	0.517555	0.468899	0.537108	0.545446	0.511533	
0.6375	0.608652	0.676715	0.673607	0.643146	0.57686	0.718554	0.713592	0.632224	0.751047	0.595036	0.615511	0.689746	0.572526	0.582169	0.663875	0.707259	0.641975	0.558806	0.687104	0.663605	0.644523	0.662388	0.754093	0.708346	0.606276	0.605871	0.595184	0.608751	0.60831	0.609184	0.612892	0.625279	0.610712	0.592157	0.614748	0.58852	0.632644	0.581775	0.612788	0.58048	0.595191	0.626939	0.613962	0.603178	0.6045	0.606091	0.608929	0.636662	0.615854	
0.710053	0.614206	0.623552	0.596313	0.621249	0.687744	0.621283	0.569492	0.717425	0.646748	0.592283	0.643836	0.687315	0.63847	0.621632	0.636759	0.599774	0.629149	0.631265	0.561312	0.647963	0.629935	0.583043	0.604003	0.638714	0.649365	0.642943	0.633811	0.648641	0.661982	0.629369	0.624211	0.633393	0.669088	0.642622	0.66317	0.615321	0.666631	0.651148	0.688461	0.647577	0.625434	0.644512	0.650576	0.65378	0.627919	0.673708	0.636129	0.676235	0.641098	
0.616334	0.618392	0.726757	0.539318	0.6008	0.596341	0.580275	0.489834	0.675438	0.54161	0.594649	0.575892	0.54345	0.585648	0.561872	0.629519	0.639891	0.531537	0.559325	0.659495	0.60354	0.65737	0.523192	0.583239	0.667999	0.715837	0.71165	0.691919	0.672798	0.698451	0.681473	0.672819	0.691051	0.714146	0.673231	0.68363	0.642903	0.687191	0.692908	0.681705	0.695655	0.678305	0.691612	0.679064	0.705713	0.690526	0.718133	0.660476	0.700285	0.676271	
0.582209	0.50054	0.590124	0.612939	0.577983	0.574953	0.55833	0.561638	0.542744	0.487922	0.558435	0.577146	0.609024	0.564303	0.551672	0.508801	0.600642	0.523522	0.495777	0.584361	0.594999	0.603151	0.547243	0.522875	0.58174	0.746009	0.712111	0.761256	0.742883	0.755711	0.747578	0.754573	0.725584	0.758417	0.727074	0.735417	0.732328	0.7427	0.741142	0.74834	0.734024	0.733414	0.728816	0.726511	0.761513	0.759501	0.737379	0.734314	0.71226	0.752686	
0.565586	0.535374	0.607013	0.513468	0.523732	0.520718	0.496731	0.539146	0.586008	0.469305	0.50145	0.535529	0.514371	0.485647	0.501225	0.469944	0.581724	0.5006	0.484777	0.51867	0.524066	0.502198	0.517745	0.493744	0.499103	0.783514	0.781985	0.786445	0.777619	0.795152	0.777006	0.7884	0.79641	0.80819	0.810812	0.796909	0.796517	0.795979	0.794145	0.786736	0.793225	0.817927	0.786065	0.782384	0.811037	0.790165	0.762589	0.768232	0.778875	0.74626	
0.451029	0.46497	0.429833	0.418515	0.44517	0.512927	0.463833	0.402485	0.464747	0.43755	0.472475	0.491959	0.412766	0.4356	0.406813	0.45909	0.43351	0.52174	0.467352	0.382993	0.431212	0.446471	0.445061	0.423077	0.42128	0.831996	0.824792	0.814923	0.807388	0.810418	0.822755	0.800141	0.827571	0.879548	0.823054	0.823121	0.848387	0.829706	0.866117	0.797612	0.8823	0.796158	0.832524	0.851946	0.80549	0.837976	0.861485	0.812269	0.847651	0.826866	
0.440853	0.375205	0.416591	0.424843	0.405404	0.374363	0.389993	0.426285	0.396016	0.410708	0.386615	0.35877	0.443203	0.37054	0.423391	0.384783	0.468383	0.391129	0.423616	0.373187	0.405711	0.400495	0.394136	0.470732	0.359086	0.810071	0.761733	0.784108	0.751066	0.758189	0.761761	0.721016	0.750517	0.804259	0.751474	0.744233	0.729418	0.774734	0.698692	0.684693	0.759241	0.811167	0.786652	0.794611	0.796255	0.730424	0.795338	0.760292	0.796726	0.805268	
0.377819	0.388722	0.355258	0.377804	0.377133	0.398623	0.400328	0.359886	0.373907	0.44754	0.379255	0.350931	0.37346	0.38041	0.391543	0.416035	0.379098	0.372025	0.38676	0.350769	0.351584	0.372583	0.385585	0.402151	0.366065	0.705224	0.662791	0.642414	0.656593	0.696868	0.670125	0.720986	0.717332	0.684289	0.661607	0.646169	0.606871	0.682685	0.655022	0.712613	0.684627	0.662942	0.654031	0.681367	0.620529	0.679532	0.646308	0.686951	0.71258	0.663794	
0.336717	0.317637	0.339211	0.357975	0.34501	0.390062	0.35833	0.377656	0.368207	0.333677	0.322624	0.351821	0.315601	0.385218	0.320456	0.389179	0.33418	0.329974	0.29923	0.36624	0.342038	0.338879	0.350572	0.335368	0.329598	0.649486	0.588497	0.595669	0.534873	0.617601	0.615646	0.595745	0.606103	0.536989	0.592612	0.566608	0.618211	0.508899	0.577856	0.551047	0.604687	0.578433	0.591162	0.52333	0.560104	0.572867	0.581715	0.61135	0.595994	0.596453	
0.31225	0.305221	0.274178	0.332647	0.346214	0.280751	0.29674	0.298575	0.354343	0.341229	0.28736	0.274281	0.305016	0.326234	0.320115	0.292077	0.338724	0.257336	0.304252	0.306263	0.299608	0.302037	0.279622	0.31168	0.36835	0.402264	0.416492	0.373334	0.462527	0.445637	0.359145	0.39474	0.385764	0.411213	0.410675	0.337602	0.398324	0.398641	0.451255	0.450561	0.38919	0.395093	0.360763	0.349196	0.401881	0.429445	0.458503	0.335592	0.411626	0.784781	
0.256559	0.271177	0.388196	0.362015	0.292971	0.314621	0.295065	0.25523	0.29199	0.418017	0.23863	0.266066	0.242255	0.273136	0.325736	0.288893	0.259444	0.296557	0.280311	0.26526	0.387906	0.317442	0.296088	0.383904	0.261118	0.359993	0.318647	0.81985	0.507182	0.319166	0.358752	0.34867	0.318424	0.318751	0.833727	0.272758	0.321881	0.318709	0.27053	0.51666	0.298228	0.29648	0.395796	0.277102	0.309744	0.844287	0.313739	0.282062	0.799091	0.297014	
0.98743	1.05876	1.03615	1.00633	0.940007	0.972466	0.988261	1.04694	0.978715	0.982666	0.934273	0.990138	0.865696	0.84703	0.918409	1.20842	1.08391	0.873649	1.0639	0.966694	1.15718	1.08601	0.904445	0.911461	0.982041	0.472675	0.523432	0.455316	0.454256	0.472764	0.488227	0.456683	0.465484	0.454912	0.466897	0.510528	0.430071	0.446297	0.468637	0.407788	0.451179	0.526399	0.423724	0.498855	0.400352	0.474804	0.48405	0.514579	0.483169	0.497128	
0.729483	0.850086	0.856762	0.894677	0.857121	0.730377	0.747908	0.776803	0.869273	0.817321	0.710056	0.875592	0.774539	0.838727	0.830721	0.817263	0.873127	0.650676	0.853961	0.782597	0.80182	0.662159	0.895077	0.735263	0.826409	0.601295	0.634338	0.599339	0.625409	0.578969	0.658672	0.537251	0.581296	0.581162	0.615686	0.65112	0.626093	0.579582	0.597781	0.53422	0.621572	0.588973	0.589091	0.639446	0.659397	0.597274	0.621915	0.617851	0.607536	0.567235	
0.625361	0.758873	0.665561	0.71085	0.593146	0.793111	0.744333	0.739671	0.715944	0.686023	0.698466	0.661365	0.773343	0.756582	0.700687	0.674584	0.647208	0.756557	0.710201	0.794687	0.786265	0.685465	0.662375	0.670193	0.729333	0.627524	0.699404	0.675087	0.729132	0.692652	0.642645	0.649867	0.71018	0.695798	0.634989	0.648154	0.675726	0.610127	0.676175	0.719138	0.691173	0.681684	0.693154	0.703197	0.673287	0.666343	0.665855	0.641903	0.684185	0.673706	
0.679874	0.5895	0.756437	0.69309	0.649194	0.744193	0.575659	0.568454	0.709686	0.667871	0.705767	0.656501	0.699375	0.636957	0.674453	0.726348	0.65631	0.754633	0.664684	0.677951	0.66131	0.614243	0.722535	0.756832	0.726283	0.764073	0.711361	0.676405	0.675121	0.692271	0.65707	0.699463	0.712699	0.660088	0.751236	0.683547	0.706736	0.747083	0.661754	0.725624	0.682174	0.709473	0.68662	0.659819	0.766293	0.643659	0.721055	0.736364	0.696112	0.74499	
0.641595	0.60818	0.608355	0.59493	0.630758	0.561345	0.594875	0.588589	0.547876	0.669948	0.620432	0.608027	0.617586	0.572216	0.589113	0.550416	0.550378	0.626077	0.561345	0.56751	0.642572	0.635916	0.574739	0.598789	0.574031	0.777796	0.651294	0.782912	0.699145	0.667958	0.719136	0.722184	0.733688	0.716261	0.699	0.846393	0.722553	0.726173	0.689944	0.780708	0.737772	0.775403	0.80539	0.69288	0.676659	0.708143	0.73165	0.684439	0.843825	0.736742	
0.575065	0.608996	0.60241	0.541095	0.59878	0.584118	0.549949	0.533599	0.532848	0.577421	0.634792	0.599951	0.61993	0.496672	0.526929	0.597232	0.542054	0.558442	0.530518	0.557961	0.608967	0.537335	0.530878	0.602461	0.611059	0.632341	0.765396	0.740049	0.726041	0.799893	0.67372	0.658246	0.742876	0.761224	0.656632	0.762292	0.729727	0.748959	0.899841	0.761468	0.768706	0.671356	0.657648	0.71709	0.721625	0.772186	0.741422	0.781847	0.752511	0.690776	
0.504845	0.549578	0.549655	0.595948	0.564477	0.496244	0.527018	0.559704	0.462341	0.448722	0.491007	0.526794	0.522526	0.437321	0.492677	0.582708	0.500698	0.555679	0.544983	0.46428	0.482498	0.5608	0.512593	0.552748	0.467275	0.50651	0.607774	0.641673	0.611237	0.639982	0.625246	0.719918	0.591302	0.631004	0.580285	0.553408	0.622079	0.549746	0.559308	0.672973	0.595648	0.45937	0.51683	0.574043	0.468096	0.634657	0.611749	0.609122	0.553556	0.574775	
0.496145	0.48936	0.542549	0.547205	0.517238	0.454339	0.502287	0.488526	0.527447	0.46109	0.488266	0.461961	0.504059	0.47	0.558706	0.447342	0.542308	0.555075	0.429352	0.50477	0.538661	0.436498	0.482559	0.449742	0.524852	0.390354	0.465704	0.420807	0.469187	0.539911	0.399634	0.528699	0.432033	0.492511	0.424561	0.508592	0.407726	0.567376	0.404306	0.477279	0.52694	0.449592	0.573161	0.514434	0.466317	0.426305	0.463711	0.39194	0.447834	0.426131	
0.476425	0.522732	0.424704	0.502011	0.499781	0.486622	0.417886	0.495719	0.510968	0.454134	0.472457	0.49987	0.516479	0.457145	0.451127	0.466703	0.458544	0.484746	0.424598	0.472943	0.535828	0.430194	0.510636	0.514113	0.464123	0.373446	0.309393	0.299384	0.336057	0.453845	0.346609	0.358686	0.452903	0.361463	0.384321	0.322318	0.340625	0.334705	0.336089	0.348047	0.43866	0.392793	0.327572	0.331389	0.396042	0.283341	0.319275	0.411474	0.459596	0.377607	
0.53421	0.439317	0.458373	0.475829	0.446266	0.424616	0.412083	0.437989	0.473981	0.451755	0.494908	0.428426	0.443019	0.422321	0.380383	0.486788	0.480232	0.447304	0.446638	0.447842	0.48045	0.433079	0.467737	0.54312	0.477906	0.271889	0.302128	0.3448	0.298045	0.31767	0.28181	0.323172	0.269227	0.31297	0.312796	0.345547	0.264142	0.309346	0.245622	0.279864	0.272805	0.285671	0.277375	0.283619	0.295621	0.335707	0.226462	0.330335	0.267691	0.255986	
0.403061	0.453241	0.383256	0.343502	0.432672	0.385804	0.387246	0.443089	0.478679	0.539951	0.439697	0.49876	0.433064	0.455863	0.445284	0.464441	0.474055	0.448129	0.450518	0.44693	0.4825	0.455618	0.507966	0.469129	0.475506	0.224704	0.293451	0.192767	0.220302	0.177807	0.217193	0.177249	0.240525	0.282158	0.303005	0.262071	0.256245	0.194059	0.251483	0.267695	0.324757	0.246245	0.249187	0.287827	0.26398	0.289829	0.243397	0.247611	0.187916	0.220639	
0.450419	0.400108	0.406265	0.385058	0.330111	0.457867	0.412532	0.503986	0.434431	0.412301	0.422687	0.489866	0.373968	0.480196	0.448629	0.422202	0.464246	0.3758	0.384816	0.435856	0.353349	0.387892	0.409511	0.416985	0.470059	0.25719	0.220158	0.250271	0.272478	0.167237	0.21959	0.229145	0.159271	0.175633	0.214186	0.235356	0.205586	0.252918	0.212211	0.268116	0.232453	0.194044	0.130904	0.242188	0.166292	0.201146	0.194593	0.207357	0.19395	0.228533	
0.980738	0.921845	0.886194	0.804247	0.916391	0.763237	1.06829	0.883199	0.796721	0.861642	0.82316	0.890549	0.942542	0.775771	0.801672	0.910951	0.948241	0.868255	0.91314	0.842902	0.816128	0.944716	0.845966	0.725941	0.844174	0.471752	0.511497	0.49523	0.49049	0.510679	0.451916	0.511978	0.505655	0.443794	0.459039	0.439887	0.479812	0.501617	0.481104	0.505628	0.530713	0.510904	0.470401	0.501538	0.517673	0.471192	0.489414	0.478488	0.462809	0.482744	
0.738996	0.723653	0.805519	0.722944	0.737683	0.759302	0.736225	0.720661	0.786686	0.782703	0.841915	0.706231	0.760959	0.739358	0.732278	0.769201	0.766697	0.722713	0.869411	0.758987	0.777556	0.833057	0.755753	0.784051	0.701731	0.624808	0.597342	0.585024	0.579017	0.603509	0.588854	0.605583	0.584751	0.588715	0.567554	0.664733	0.613466	0.605942	0.604445	0.58892	0.614095	0.61226	0.597083	0.608173	0.625478	0.636144	0.596611	0.575022	0.578669	0.593436	
0.649833	0.728209	0.672252	0.721748	0.675478	0.652712	0.695496	0.684306	0.631149	0.634547	0.735856	0.702315	0.725401	0.612365	0.721476	0.637966	0.703144	0.705451	0.656533	0.668339	0.641013	0.729721	0.687165	0.666899	0.762429	0.661502	0.644182	0.607599	0.639694	0.642622	0.618816	0.655132	0.649498	0.667445	0.616767	0.622909	0.658179	0.63442	0.648343	0.651452	0.664517	0.658337	0.629075	0.682524	0.645147	0.639352	0.613336	0.627515	0.625129	0.647303	
0.638729	0.62006	0.608188	0.686386	0.610453	0.645033	0.621104	0.684958	0.663305	0.634226	0.638601	0.712077	0.554926	0.700034	0.616818	0.638768	0.651595	0.719397	0.594678	0.688375	0.63351	0.623965	0.541548	0.643673	0.590532	0.727544	0.667479	0.667054	0.719029	0.695254	0.694754	0.654764	0.670469	0.692145	0.644682	0.675785	0.691605	0.707912	0.697952	0.672114	0.721198	0.728005	0.667027	0.675093	0.699795	0.705915	0.664777	0.691425	0.696915	0.716587	
0.604108	0.596241	0.576157	0.562406	0.513258	0.530322	0.576	0.56183	0.547152	0.570637	0.588403	0.610473	0.591477	0.572094	0.546002	0.570218	0.563099	0.560925	0.542175	0.540114	0.560462	0.537297	0.639873	0.565055	0.590805	0.740863	0.741809	0.769167	0.714418	0.733069	0.75323	0.757895	0.743282	0.752813	0.76118	0.769504	0.750482	0.773282	0.740567	0.723573	0.805479	0.720292	0.703725	0.737443	0.752253	0.72739	0.769949	0.732345	0.741456	0.715859	
0.498179	0.49926	0.528853	0.514589	0.535752	0.584251	0.618354	0.54962	0.499458	0.510652	0.482867	0.53452	0.524773	0.455981	0.507894	0.549333	0.524465	0.541374	0.515014	0.561556	0.50861	0.58146	0.503404	0.519195	0.525433	0.76794	0.760813	0.74545	0.798825	0.794449	0.782976	0.737731	0.72264	0.739593	0.782469	0.832967	0.705501	0.787133	0.755998	0.751925	0.751543	0.786659	0.75047	0.730294	0.749197	0.712302	0.744101	0.767078	0.749317	0.792726	
0.515967	0.487945	0.486029	0.470948	0.489159	0.475851	0.440225	0.511747	0.457831	0.514564	0.463231	0.467505	0.484918	0.463436	0.474352	0.454848	0.451814	0.459122	0.464654	0.443263	0.488061	0.493299	0.486202	0.512106	0.544628	0.771773	0.652822	0.717936	0.699099	0.702378	0.67618	0.689162	0.736505	0.732176	0.715492	0.617405	0.664594	0.682564	0.570333	0.691614	0.670793	0.689495	0.696396	0.752434	0.672618	0.661946	0.685811	0.685551	0.693841	0.766043	
0.489212	0.398364	0.428521	0.441908	0.486715	0.411917	0.437158	0.499913	0.445097	0.406809	0.473764	0.451441	0.437058	0.479912	0.442916	0.420756	0.404519	0.446649	0.475744	0.441748	0.448127	0.456579	0.510898	0.469101	0.489747	0.526464	0.497059	0.576069	0.532513	0.579066	0.528509	0.517631	0.586974	0.560722	0.548072	0.557233	0.535742	0.590942	0.55866	0.540475	0.548985	0.527861	0.566462	0.594049	0.516647	0.559183	0.55659	0.552505	0.549199	0.635154	
0.451167	0.434561	0.432173	0.428238	0.419729	0.398365	0.417962	0.359918	0.427155	0.434902	0.426667	0.430621	0.391416	0.460466	0.446895	0.383754	0.399329	0.442652	0.396672	0.400384	0.473125	0.4134	0.407555	0.411574	0.3914	0.43663	0.498315	0.409972	0.441586	0.428213	0.42788	0.462739	0.382587	0.410396	0.505433	0.439373	0.454016	0.440416	0.437797	0.488654	0.450409	0.435599	0.403144	0.416304	0.3929	0.446643	0.422738	0.414494	0.425003	0.441683	
0.378661	0.36262	0.38242	0.390643	0.413337	0.434436	0.389089	0.385921	0.383584	0.394599	0.395974	0.386495	0.349972	0.433992	0.421514	0.391972	0.382184	0.420743	0.359046	0.401514	0.397926	0.402595	0.392654	0.388562	0.377698	0.373779	0.379827	0.366981	0.356494	0.271489	0.370109	0.375671	0.386704	0.373865	0.331836	0.337177	0.339679	0.357024	0.396128	0.339906	0.390632	0.361068	0.275152	0.325909	0.339939	0.367472	0.362459	0.387913	0.371271	0.347237	
0.358758	0.386156	0.399128	0.361269	0.367225	0.448442	0.334994	0.343474	0.42912	0.392358	0.425896	0.357566	0.390394	0.37006	0.360256	0.323743	0.351791	0.368032	0.391238	0.364555	0.329568	0.385885	0.416475	0.393634	0.402645	0.262903	0.256866	0.374593	0.311679	0.238522	0.271081	0.268294	0.266512	0.246985	0.266263	0.282381	0.277291	0.281346	0.264366	0.261323	0.262541	0.262725	0.277292	0.299438	0.265739	0.24025	0.327941	0.282509	0.349702	0.310702	
0.367041	0.322165	0.417614	0.395905	0.362909	0.39911	0.34718	0.37437	0.325738	0.382439	0.353729	0.35268	0.367659	0.395057	0.397746	0.299794	0.374494	0.37784	0.333571	0.392407	0.364012	0.345455	0.37612	0.331908	0.343965	0.352607	0.213774	0.229953	0.33295	0.247136	0.252046	0.291431	0.249588	0.245582	0.274689	0.360492	0.24147	0.230646	0.229287	0.248651	0.241959	0.26739	0.260416	0.227661	0.273432	0.269737	0.251724	0.337829	0.236489	0.31372	
1.08991	1.14171	1.17741	0.933289	1.07147	0.969871	0.942963	1.24764	0.995791	0.989893	1.08986	1.08387	1.13115	1.19529	1.22256	1.14437	1.09411	1.15938	1.11594	1.16432	1.20079	1.1235	1.08089	1.15872	1.01953	0.43525	0.454848	0.432388	0.499465	0.473966	0.52268	0.502221	0.476474	0.44449	0.476705	0.472654	0.497114	0.417743	0.468271	0.469	0.442933	0.417621	0.346816	0.465108	0.453862	0.449004	0.472562	0.479951	0.442742	0.469894	
0.848231	0.751553	0.899747	0.838916	0.962575	0.883801	0.712681	0.818442	0.753717	0.822365	0.785913	0.853603	0.767496	0.864524	0.751532	0.746459	0.774591	0.813441	0.675454	0.895091	0.839356	0.801258	0.79131	0.741364	0.668154	0.6354	0.590808	0.592333	0.529274	0.594822	0.623238	0.6305	0.656697	0.647751	0.611779	0.603945	0.67704	0.591748	0.682872	0.647252	0.513612	0.602035	0.661195	0.59458	0.633128	0.57936	0.649363	0.594262	0.638491	0.645031	
0.793528	0.729693	0.695919	0.793165	0.763535	0.69051	0.773993	0.699119	0.63242	0.697857	0.795648	0.779725	0.789936	0.736447	0.777542	0.704596	0.688515	0.719816	0.763972	0.827421	0.604053	0.745378	0.697841	0.727624	0.696866	0.649034	0.61009	0.626107	0.754754	0.674124	0.667318	0.692502	0.660315	0.623701	0.685131	0.665292	0.669801	0.703375	0.664927	0.69943	0.67121	0.638081	0.642486	0.700035	0.691927	0.694214	0.622478	0.631268	0.693988	0.636349	
0.650646	0.652046	0.764797	0.749274	0.655864	0.720074	0.665674	0.689776	0.640019	0.598812	0.69177	0.632101	0.64059	0.644473	0.735402	0.664431	0.564676	0.633012	0.66255	0.647103	0.676377	0.672012	0.645013	0.599044	0.674838	0.739558	0.656022	0.706362	0.691726	0.708127	0.68272	0.668203	0.783474	0.626413	0.724365	0.701865	0.618333	0.610318	0.697907	0.764842	0.654592	0.707996	0.693379	0.702745	0.640277	0.738042	0.756515	0.734281	0.724996	0.711159	
0.619723	0.606441	0.53835	0.567516	0.566679	0.559021	0.62855	0.702919	0.652983	0.663321	0.601653	0.578135	0.63358	0.584609	0.640208	0.669748	0.570505	0.60624	0.550554	0.646539	0.618725	0.624083	0.580006	0.626039	0.554271	0.748951	0.795001	0.715141	0.804248	0.659362	0.669119	0.741249	0.680504	0.889753	0.800437	0.672043	0.795295	0.774087	0.741621	0.685401	0.791962	0.751251	0.787111	0.692195	0.840306	0.810731	0.68844	0.822834	0.763807	0.732241	
0.592369	0.514595	0.567649	0.684183	0.521128	0.619952	0.538951	0.508058	0.618627	0.569672	0.564153	0.601537	0.614537	0.586422	0.579155	0.511113	0.581441	0.61641	0.593387	0.557871	0.573405	0.561853	0.520867	0.592549	0.558072	0.705696	0.686334	0.729589	0.860579	0.788923	0.869067	0.745395	0.706599	0.874963	0.708708	0.76056	0.80308	0.702068	0.613966	0.644878	0.697191	0.833586	0.715977	0.708675	0.799417	0.605479	0.782992	0.757115	0.827282	0.707627	
0.539684	0.500663	0.527405	0.587422	0.603832	0.506221	0.531001	0.549209	0.608851	0.499583	0.493236	0.593626	0.610509	0.531986	0.494627	0.514762	0.572533	0.592137	0.566459	0.567223	0.552421	0.486652	0.505896	0.539036	0.583239	0.526973	0.540388	0.579405	0.55945	0.557978	0.641934	0.62719	0.530449	0.576452	0.571508	0.538803	0.53137	0.663091	0.615677	0.539258	0.539394	0.493447	0.568297	0.502876	0.517662	0.530677	0.623202	0.437624	0.615049	0.546065	
0.519811	0.460984	0.503692	0.617151	0.530414	0.543809	0.550148	0.555112	0.485882	0.515234	0.467308	0.484375	0.476651	0.535184	0.482933	0.634948	0.480101	0.448367	0.532278	0.487126	0.506027	0.49187	0.516147	0.594043	0.558377	0.372511	0.454684	0.39541	0.443047	0.429869	0.44932	0.426187	0.495375	0.347058	0.413317	0.405238	0.46706	0.511207	0.380272	0.367664	0.407984	0.343861	0.378975	0.469635	0.519717	0.40508	0.360312	0.3753	0.490526	0.36991	
0.452645	0.449056	0.510011	0.461321	0.500545	0.519901	0.516331	0.511695	0.53446	0.543942	0.547742	0.535629	0.543736	0.487985	0.48715	0.595132	0.507954	0.490812	0.50502	0.471856	0.519741	0.447969	0.495614	0.4575	0.558622	0.286259	0.310129	0.366826	0.300611	0.261891	0.303499	0.416678	0.321746	0.315348	0.219254	0.276922	0.267414	0.40684	0.363136	0.305623	0.50628	0.362348	0.235572	0.284546	0.316226	0.432878	0.393879	0.287387	0.314684	0.321709	
0.554844	0.516797	0.482451	0.465488	0.476687	0.402428	0.450331	0.477385	0.556198	0.501897	0.512906	0.54552	0.460122	0.601021	0.443901	0.494709	0.450007	0.429766	0.485046	0.431366	0.516985	0.496442	0.567061	0.472982	0.516877	0.249235	0.247701	0.343681	0.333539	0.349085	0.255673	0.207768	0.277395	0.33477	0.292836	0.180987	0.320854	0.232684	0.254348	0.257238	0.262891	0.232663	0.237742	0.263056	0.222412	0.293949	0.288197	0.408302	0.309568	0.269233	
0.455369	0.50348	0.439363	0.447348	0.537009	0.468183	0.473131	0.434081	0.527202	0.462253	0.449633	0.372077	0.444523	0.4115	0.3928	0.451766	0.469523	0.419105	0.49977	0.538054	0.417474	0.501037	0.432233	0.439794	0.547008	0.1428	0.263713	0.182192	0.177532	0.241573	0.238822	0.214142	0.272164	0.253321	0.212281	0.247078	0.202898	0.190562	0.166461	0.302556	0.233351	0.243763	0.235073	0.209146	0.211289	0.186101	0.241892	0.175069	0.213252	0.17076	
0.445791	0.543112	0.504243	0.491609	0.508893	0.447006	0.494398	0.446866	0.489365	0.454057	0.464872	0.416661	0.473589	0.455226	0.469086	0.445467	0.461721	0.47485	0.497656	0.503801	0.408036	0.566937	0.39581	0.463914	0.440152	0.193376	0.160152	0.16433	0.165057	0.237581	0.236086	0.262646	0.166737	0.184247	0.160489	0.201141	0.159888	0.252353	0.192828	0.116709	0.14116	0.15505	0.182937	0.202424	0.31428	0.174667	0.270485	0.18258	0.22725	0.233604	
0.863035	0.878271	0.833886	1.00811	0.90654	0.94582	0.915111	0.848386	0.939717	0.858214	0.994848	0.854301	0.937124	0.804909	0.996095	0.99474	0.954813	0.91044	0.86121	0.833925	0.876442	0.913914	0.79976	1.03009	0.878392	0.450595	0.502995	0.444836	0.476031	0.494342	0.46463	0.440577	0.449081	0.467353	0.448916	0.474121	0.503985	0.479672	0.442304	0.470545	0.492338	0.44745	0.465173	0.470912	0.449299	0.461895	0.435167	0.460206	0.471452	0.492161	
0.732304	0.803133	0.749359	0.826198	0.815149	0.792348	0.814304	0.744451	0.671553	0.729016	0.76139	0.74961	0.80549	0.834564	0.809856	0.750121	0.769657	0.733313	0.75838	0.810222	0.753088	0.752672	0.855061	0.785561	0.73431	0.582052	0.637716	0.60028	0.586753	0.621141	0.585567	0.614254	0.604831	0.562631	0.597394	0.554829	0.617498	0.615523	0.576954	0.610594	0.634076	0.641798	0.594952	0.61046	0.596314	0.589027	0.60501	0.61861	0.602905	0.587224	
0.728136	0.750362	0.716653	0.706094	0.764772	0.705741	0.803014	0.656949	0.685875	0.812011	0.696013	0.691671	0.754366	0.704905	0.643693	0.672828	0.63547	0.689101	0.678963	0.670095	0.679851	0.651801	0.657933	0.705223	0.776619	0.700628	0.673252	0.662903	0.692836	0.640826	0.638019	0.657025	0.667901	0.593163	0.647683	0.665649	0.626566	0.657569	0.645987	0.633612	0.658037	0.635797	0.663334	0.633218	0.618688	0.645752	0.637741	0.636893	0.668245	0.634263	
0.652212	0.732082	0.688036	0.60047	0.67551	0.660682	0.683094	0.645	0.656225	0.624805	0.619904	0.628123	0.637628	0.647008	0.614471	0.679631	0.624279	0.58163	0.617021	0.626046	0.689353	0.581663	0.681307	0.647775	0.625757	0.669986	0.700978	0.693407	0.696872	0.662851	0.68083	0.690954	0.681042	0.688447	0.648141	0.661544	0.68081	0.681871	0.705002	0.682699	0.766182	0.687841	0.652371	0.666641	0.677146	0.675153	0.676943	0.711102	0.672799	0.727048	
0.615037	0.519191	0.623298	0.588185	0.561375	0.611168	0.564098	0.606494	0.543947	0.53364	0.522364	0.557311	0.605815	0.530547	0.538224	0.610351	0.593429	0.545881	0.59624	0.611478	0.535697	0.59485	0.605696	0.561086	0.566583	0.75576	0.681858	0.741492	0.732584	0.722999	0.730127	0.674934	0.721688	0.733759	0.710308	0.776769	0.712729	0.699385	0.728441	0.738402	0.724005	0.740246	0.672273	0.674052	0.744059	0.736633	0.764003	0.79922	0.726417	0.771821	
0.505867	0.507632	0.545	0.501523	0.535684	0.503105	0.568862	0.578167	0.552022	0.513809	0.55031	0.588403	0.558313	0.607068	0.55817	0.564661	0.508476	0.531048	0.618848	0.538994	0.521325	0.556512	0.55893	0.516207	0.507758	0.734273	0.757709	0.770236	0.746505	0.711471	0.74604	0.735244	0.738694	0.752623	0.705873	0.70501	0.685769	0.784662	0.768416	0.715224	0.762467	0.794652	0.704108	0.753448	0.671994	0.728358	0.761524	0.740663	0.766862	0.744456	
0.523121	0.502779	0.49453	0.555397	0.494787	0.511533	0.491688	0.497135	0.480562	0.4935	0.480963	0.479329	0.479705	0.507126	0.487721	0.52591	0.502005	0.507486	0.492799	0.509762	0.534831	0.449533	0.505207	0.477203	0.525496	0.714532	0.596769	0.657782	0.722984	0.557271	0.616859	0.612315	0.60502	0.600458	0.635735	0.679824	0.6005	0.631009	0.686431	0.59634	0.589644	0.589068	0.596472	0.603103	0.614097	0.65754	0.575028	0.628927	0.607009	0.597642	
0.469078	0.497207	0.488435	0.481689	0.442496	0.474353	0.484103	0.430431	0.439915	0.501903	0.523382	0.442207	0.441822	0.459429	0.444601	0.446638	0.477271	0.486446	0.487078	0.445778	0.441889	0.414141	0.448875	0.498933	0.469726	0.549366	0.494644	0.543261	0.436429	0.457554	0.497397	0.498554	0.424951	0.454778	0.506225	0.506944	0.519739	0.465719	0.515087	0.4615	0.530729	0.47045	0.534855	0.477974	0.451151	0.490941	0.442417	0.523779	0.502725	0.485661	
0.465049	0.444863	0.459648	0.428091	0.411586	0.436122	0.394311	0.487841	0.526816	0.407555	0.425685	0.436628	0.432677	0.439521	0.433415	0.419418	0.459468	0.423238	0.459974	0.452156	0.429314	0.474446	0.478232	0.447522	0.404471	0.425602	0.373499	0.432683	0.356392	0.402965	0.383521	0.322223	0.374311	0.389191	0.40169	0.345975	0.39481	0.335505	0.400307	0.417705	0.391619	0.401819	0.379007	0.336034	0.362927	0.357648	0.31388	0.36483	0.394675	0.314073	
0.432713	0.412863	0.436422	0.408111	0.416106	0.425008	0.41019	0.397346	0.471775	0.462088	0.46509	0.392776	0.441075	0.467596	0.465411	0.383742	0.420789	0.385869	0.46897	0.417597	0.404085	0.461442	0.396138	0.416668	0.448428	0.315276	0.292254	0.269649	0.301168	0.30506	0.31211	0.267085	0.273607	0.286455	0.307903	0.33066	0.307147	0.296453	0.257081	0.25875	0.329629	0.285838	0.349498	0.355532	0.295243	0.257911	0.377057	0.31572	0.257285	0.310196	
0.407603	0.360469	0.41963	0.419708	0.412852	0.408847	0.364758	0.398241	0.39757	0.370179	0.419919	0.371453	0.410307	0.417949	0.411754	0.368404	0.377318	0.399143	0.396703	0.454955	0.43163	0.395499	0.382286	0.426845	0.399708	0.256124	0.287732	0.267509	0.247695	0.306828	0.253459	0.202885	0.240027	0.282563	0.24486	0.272861	0.262997	0.285137	0.319121	0.261704	0.24466	0.227734	0.357284	0.271221	0.234301	0.260323	0.276585	0.246814	0.207296	0.23614	
0.433725	0.399027	0.374146	0.480677	0.464585	0.386713	0.346406	0.429715	0.397263	0.479861	0.429619	0.416348	0.419992	0.369572	0.405365	0.34736	0.386288	0.447728	0.393783	0.40258	0.410104	0.368825	0.429103	0.430834	0.353576	0.286887	0.219396	0.227938	0.509976	0.261448	0.26171	0.182515	0.233148	0.20056	0.278097	0.189908	0.197305	0.223314	0.243678	0.291815	0.209059	0.234497	0.23465	0.197762	0.209555	0.255011	0.225241	0.339132	0.217727	0.16185	
1.13381	1.07041	1.10383	1.05177	1.09703	1.01941	1.1858	1.04845	1.00827	1.1396	1.10758	1.2185	1.01852	1.02427	1.08047	0.998854	1.05443	1.26754	1.23177	1.23845	1.33	1.05313	1.13337	0.999976	1.1376	0.387828	0.442664	0.450867	0.43426	0.47063	0.472071	0.440085	0.461943	0.40319	0.381659	0.446538	0.47782	0.413592	0.40957	0.536223	0.50673	0.466941	0.430792	0.560685	0.425121	0.49697	0.466717	0.486041	0.451471	0.583894	
0.852544	0.855639	0.645678	0.839982	0.825952	0.84682	0.775733	0.832566	0.80514	0.864874	0.814242	0.847425	0.834582	0.794539	0.845327	0.740921	0.883939	0.965964	0.82622	0.91117	0.806523	0.852164	0.83969	0.823015	0.729738	0.56883	0.651257	0.632432	0.568569	0.672234	0.623779	0.696419	0.665207	0.671109	0.7314	0.650808	0.598314	0.554877	0.593502	0.607139	0.642798	0.625755	0.695516	0.571768	0.646776	0.692285	0.560926	0.654937	0.511487	0.759797	
0.698445	0.768688	0.688359	0.827703	0.716174	0.6682	0.72547	0.758935	0.746522	0.728369	0.70706	0.825648	0.692148	0.607806	0.801988	0.776694	0.789196	0.684931	0.7921	0.760744	0.774391	0.806371	0.799992	0.720898	0.714174	0.626045	0.610721	0.639809	0.664551	0.622584	0.616252	0.737247	0.640443	0.687695	0.711216	0.652874	0.674604	0.630719	0.682403	0.733996	0.589634	0.713445	0.628048	0.601471	0.622761	0.72884	0.686537	0.732016	0.699164	0.656004	
0.718348	0.71997	0.669925	0.668052	0.684502	0.690634	0.679645	0.645021	0.606493	0.662803	0.678603	0.607731	0.677394	0.736074	0.672797	0.685064	0.610667	0.691079	0.700079	0.728047	0.710004	0.670618	0.615934	0.67242	0.644277	0.762123	0.632466	0.771364	0.756239	0.674218	0.649745	0.894499	0.729688	0.595658	0.657676	0.721954	0.769742	0.723369	0.704796	0.73421	0.750554	0.68412	0.756174	0.749046	0.639895	0.623308	0.740783	0.641596	0.681738	0.756593	
0.697279	0.5568	0.624721	0.624117	0.65351	0.613957	0.540473	0.616144	0.57756	0.544403	0.528648	0.614317	0.614984	0.618408	0.617069	0.598278	0.605008	0.594733	0.565737	0.576652	0.62105	0.636318	0.577727	0.618215	0.556335	0.708944	0.669214	0.755212	0.654248	0.775705	0.815546	0.681877	0.761559	0.799961	0.729965	0.723323	0.734094	0.62605	0.659704	0.745817	0.679393	0.668116	0.731722	0.72084	0.685407	0.811426	0.717688	0.687327	0.711852	0.652567	
0.596162	0.576033	0.581049	0.588337	0.567967	0.591148	0.51506	0.546723	0.562116	0.527196	0.681059	0.588446	0.615501	0.646045	0.507941	0.598137	0.592029	0.55514	0.589824	0.614143	0.5259	0.601894	0.61418	0.582153	0.646395	0.787044	0.728433	0.671764	0.570251	0.766997	0.712177	0.708794	0.735814	0.808398	0.706284	0.852648	0.714632	0.722026	0.725326	0.780065	0.80356	0.896423	0.570667	0.969553	0.826694	0.569545	0.771605	0.63502	0.583074	0.947597	
0.571107	0.573048	0.577818	0.539597	0.553004	0.527336	0.599151	0.558942	0.610832	0.530996	0.544853	0.561382	0.606365	0.556508	0.565123	0.572551	0.544335	0.534357	0.570315	0.553462	0.543978	0.491775	0.609642	0.581058	0.483209	0.472028	0.581081	0.467064	0.701257	0.505089	0.589254	0.56147	0.41746	0.433316	0.545963	0.790465	0.615072	0.558858	0.495015	0.461037	0.458754	0.531453	0.520156	0.472115	0.497852	0.494326	0.459265	0.598558	0.56182	0.502564	
0.534687	0.569461	0.457142	0.525627	0.494847	0.535913	0.536557	0.571646	0.529932	0.477094	0.487104	0.548715	0.668155	0.597533	0.527613	0.515132	0.514743	0.550701	0.563284	0.516121	0.546011	0.519053	0.554824	0.58481	0.480852	0.374129	0.424663	0.38276	0.360342	0.32366	0.443775	0.520914	0.450553	0.376746	0.363923	0.404408	0.415938	0.498313	0.457894	0.353633	0.393599	0.312385	0.399037	0.386227	0.379912	0.365197	0.522488	0.321548	0.399821	0.525212	
0.50597	0.43423	0.52299	0.555989	0.601584	0.573418	0.51255	0.536981	0.489587	0.413963	0.556996	0.604363	0.434384	0.617704	0.457413	0.560049	0.55763	0.441692	0.542502	0.566949	0.524377	0.613819	0.562515	0.518762	0.547887	0.300056	0.268402	0.207643	0.300959	0.256359	0.369858	0.294541	0.236004	0.205602	0.289229	0.292528	0.273799	0.29152	0.405825	0.259466	0.372472	0.359636	0.295089	0.382823	0.271377	0.324383	0.228931	0.276204	0.311554	0.30368	
0.505662	0.454252	0.516403	0.578992	0.487399	0.495019	0.579194	0.423781	0.519632	0.533536	0.47131	0.527975	0.44869	0.549922	0.525455	0.591831	0.512631	0.519673	0.523508	0.583504	0.478125	0.518171	0.54663	0.506458	0.518955	0.34268	0.249184	0.192001	0.233005	0.208522	0.245557	0.23926	0.226659	0.205966	0.271449	0.297408	0.245971	0.234511	0.352876	0.202436	0.252713	0.221732	0.244192	0.272912	0.334036	0.29942	0.298097	0.27478	0.316404	0.290604	
0.47497	0.445268	0.514059	0.448347	0.464364	0.507863	0.533161	0.492423	0.597644	0.50045	0.428092	0.466216	0.497065	0.512215	0.565118	0.467732	0.493212	0.411956	0.52549	0.495173	0.592166	0.480452	0.488299	0.514061	0.572153	0.217928	0.140585	0.171154	0.171123	0.155372	0.239124	0.27155	0.14578	0.205421	0.180279	0.164067	0.164072	0.324543	0.193872	0.370972	0.157367	0.164074	0.14694	0.271315	0.195429	0.172516	0.144967	0.233865	0.275484	0.184837	
0.431141	0.479345	0.477428	0.463715	0.427427	0.427669	0.500997	0.554934	0.489648	0.521994	0.456178	0.430525	0.491452	0.48123	0.461748	0.437293	0.501498	0.426189	0.564709	0.494671	0.503687	0.443073	0.413097	0.473304	0.543003	0.145788	0.177469	0.14536	0.200563	0.161764	0.21325	0.212551	0.231965	0.285247	0.183296	0.162036	0.188376	0.290073	0.148944	0.14748	0.152045	0.20504	0.223839	0.183945	0.157866	0.164437	0.157069	0.180128	0.206377	0.14415	
1.0697	1.04071	0.974275	1.03205	1.04813	0.968604	0.99911	0.869091	0.879852	0.936635	0.894984	1.05983	1.0478	1.03678	1.06082	1.10142	1.00784	0.930349	1.03532	1.10291	1.06402	0.958571	1.09141	1.04713	0.992654	0.457913	0.472691	0.478066	0.475564	0.470099	0.423463	0.507823	0.453267	0.464852	0.493075	0.455529	0.451981	0.482755	0.484196	0.464717	0.442718	0.454057	0.460146	0.398679	0.462274	0.513797	0.454501	0.456422	0.482922	0.474967	
0.87078	0.782079	0.807464	0.764696	0.808063	0.857471	0.864966	0.793333	0.729193	0.808132	0.819837	0.788096	0.713981	0.821333	0.856697	0.788929	0.870516	0.872357	0.806909	0.822831	0.788879	0.817522	0.817028	0.727607	0.791475	0.605375	0.592424	0.586344	0.571257	0.603436	0.566332	0.648119	0.59607	0.609564	0.536038	0.592651	0.6014	0.622901	0.579109	0.550695	0.625066	0.58276	0.591854	0.654826	0.582087	0.637243	0.621442	0.596946	0.584785	0.56147	
0.711513	0.687843	0.708644	0.742568	0.72485	0.647288	0.739316	0.723843	0.67743	0.728674	0.696469	0.729272	0.638598	0.767886	0.742057	0.780112	0.750924	0.728317	0.785482	0.750996	0.697404	0.728445	0.839606	0.657465	0.766988	0.681132	0.651958	0.658925	0.651102	0.630767	0.641404	0.644162	0.610014	0.651131	0.624941	0.632398	0.647714	0.578009	0.675844	0.691167	0.628829	0.67668	0.658221	0.649247	0.658283	0.654156	0.634408	0.642915	0.610598	0.668382	
0.634571	0.688621	0.710095	0.670197	0.662366	0.643188	0.641539	0.676131	0.649742	0.691117	0.649915	0.660184	0.716545	0.685679	0.656201	0.618071	0.65312	0.673019	0.62026	0.674521	0.73224	0.685519	0.698518	0.673296	0.74247	0.679896	0.746759	0.675635	0.686433	0.640504	0.716167	0.705864	0.681589	0.722717	0.735503	0.675734	0.689085	0.671897	0.696235	0.655173	0.65826	0.667845	0.698714	0.718928	0.73509	0.646026	0.658584	0.64079	0.712263	0.686429	
0.612289	0.616079	0.558475	0.602103	0.577187	0.592695	0.636142	0.586006	0.570603	0.55941	0.589565	0.58614	0.546172	0.583271	0.571143	0.549831	0.620503	0.541031	0.516927	0.635875	0.600082	0.595994	0.564141	0.529374	0.577086	0.746884	0.797773	0.759207	0.747957	0.762056	0.715194	0.749618	0.7522	0.716068	0.734529	0.728314	0.781263	0.746382	0.699585	0.708279	0.682672	0.715576	0.680895	0.726769	0.675919	0.678373	0.721281	0.772253	0.693049	0.753668	
0.535162	0.610307	0.575883	0.578637	0.588125	0.570822	0.571479	0.588958	0.601518	0.601111	0.525206	0.558822	0.574187	0.54759	0.553002	0.555092	0.5891	0.519752	0.544685	0.529286	0.544437	0.541389	0.583917	0.531152	0.592303	0.76621	0.698767	0.685143	0.80641	0.741163	0.724469	0.708556	0.691254	0.707037	0.715124	0.707618	0.655281	0.749503	0.689378	0.786991	0.666517	0.748488	0.70875	0.802938	0.664538	0.680097	0.657559	0.750613	0.75109	0.734924	
0.504904	0.490027	0.491603	0.525894	0.527101	0.52538	0.553043	0.523593	0.575882	0.552503	0.515952	0.548446	0.496456	0.514662	0.468239	0.494466	0.535012	0.539389	0.518681	0.463422	0.598621	0.524354	0.487562	0.484654	0.55081	0.529253	0.570291	0.555428	0.524407	0.592884	0.593587	0.518195	0.679562	0.525209	0.66497	0.567848	0.593189	0.610756	0.567779	0.63312	0.623579	0.59679	0.56535	0.578828	0.590598	0.518969	0.605625	0.621056	0.529829	0.463308	
0.459438	0.447067	0.498425	0.533576	0.446129	0.484528	0.45863	0.47991	0.491861	0.508661	0.506229	0.486777	0.499827	0.50239	0.538229	0.462607	0.51769	0.524549	0.536245	0.505786	0.476007	0.521539	0.518019	0.476149	0.491393	0.455948	0.370374	0.463172	0.414486	0.442874	0.486425	0.363516	0.411421	0.42444	0.45979	0.469151	0.423596	0.394904	0.459015	0.457343	0.421579	0.392452	0.417822	0.427283	0.451156	0.37058	0.475256	0.378213	0.404202	0.403977	
0.455922	0.466317	0.503212	0.510659	0.459628	0.49208	0.475709	0.443389	0.434003	0.503243	0.467983	0.43768	0.48577	0.480118	0.487854	0.493251	0.402626	0.491833	0.485956	0.429198	0.512562	0.51729	0.446728	0.46437	0.470858	0.31531	0.292916	0.334284	0.346123	0.34074	0.345147	0.353973	0.255027	0.328063	0.35363	0.327939	0.34087	0.333103	0.387848	0.360331	0.400482	0.300281	0.353647	0.309058	0.308503	0.291349	0.373263	0.302376	0.343454	0.256216	
0.447418	0.475531	0.442403	0.466805	0.451882	0.444644	0.483938	0.482272	0.480082	0.44807	0.454084	0.427073	0.488612	0.475955	0.457273	0.48857	0.483011	0.44645	0.449379	0.452363	0.47522	0.450976	0.424011	0.475629	0.518133	0.262087	0.375425	0.231881	0.246632	0.306327	0.283749	0.325516	0.251099	0.264473	0.259435	0.313698	0.331483	0.286345	0.294639	0.25818	0.3036	0.299349	0.308327	0.331889	0.285117	0.294573	0.255753	0.300977	0.298316	0.319182	
0.463138	0.435383	0.425725	0.485719	0.460991	0.46067	0.479308	0.44609	0.487059	0.430443	0.432415	0.445278	0.431175	0.398189	0.400591	0.389522	0.430443	0.433129	0.426895	0.390207	0.427252	0.43785	0.401047	0.428036	0.463914	0.24518	0.166748	0.222052	0.250264	0.218139	0.224175	0.232865	0.238762	0.216329	0.208954	0.250062	0.207611	0.269814	0.190343	0.232932	0.150839	0.225702	0.202702	0.218055	0.229516	0.222095	0.242348	0.207794	0.242798	0.228347	
0.474098	0.442739	0.474109	0.39148	0.411851	0.441558	0.457268	0.472497	0.416185	0.387551	0.429147	0.448522	0.387586	0.383582	0.448217	0.43648	0.421466	0.432156	0.427107	0.429427	0.417066	0.347903	0.416937	0.41629	0.389987	0.232722	0.152852	0.287452	0.195622	0.208238	0.240622	0.195577	0.230473	0.157074	0.212782	0.247713	0.214633	0.195833	0.182049	0.224108	0.197794	0.160393	0.194066	0.250054	0.268584	0.199647	0.184229	0.207443	0.192071	0.218511	
