r	mut	outcome	1.1	1.15	1.2	1.25	1.3	1.35	1.4	1.45	1.5	1.55	1.6	1.65	1.7
0.5	0.001	1	0.88	0.66	0.428571429	0.127659574	0.06	0.02	0	0	0	0	0	0	0
0.5	0.001	2	0.12	0.32	0.408163265	0.255319149	0	0	0	0	0	0	0	0	0
0.5	0.001	3	0	0.02	0.163265306	0.617021277	0.94	0.98	1	1	1	0.78	0.36	0.510204082	0.083333333
0.5	0.001	4	0	0	0	0	0	0	0	0	0	0	0	0	0
0.5	0.001	5	0	0	0	0	0	0	0	0	0	0.22	0.64	0.489795918	0.916666667
0.5	0.001	6	0	0	0	0	0	0	0	0	0	0	0	0	0
0.5	0.001	8	0	0	0	0	0	0	0	0	0	0	0	0	0
0.5	0.001	0	0	0	0	0	0	0	0	0	0	0	0	0	0
0.5	0.01	1	0.82	0.530612245	0.081632653	0	0.020833333	0.04	0	0	0	0	0	0	0
0.5	0.01	2	0.18	0.469387755	0.918367347	0.98	0.75	0	0	0	0	0	0	0	0
0.5	0.01	3	0	0	0	0	0.229166667	0.92	1	0.78	0.36	0.02	0	0	0
0.5	0.01	4	0	0	0	0	0	0.04	0	0	0	0	0	0	0
0.5	0.01	5	0	0	0	0	0	0	0	0.22	0.64	0.98	1	1	1
0.5	0.01	6	0	0	0	0.02	0	0	0	0	0	0	0	0	0
0.5	0.01	8	0	0	0	0	0	0	0	0	0	0	0	0	0
0.5	0.01	0	0	0	0	0	0	0	0	0	0	0	0	0	0
0.5	0.02	1	0.67	0.353535354	0.12	0	0	0.01	0	0	0	0	0	0	0
0.5	0.02	2	0.33	0.646464646	0.88	0.98989899	0.887755102	0.18	0	0	0	0	0	0	0
0.5	0.02	3	0	0	0	0.01010101	0.091836735	0.6	0.838383838	0.22	0.01	0	0	0	0
0.5	0.02	4	0	0	0	0	0.010204082	0.2	0	0	0	0	0	0	0
0.5	0.02	5	0	0	0	0	0	0	0.121212121	0.78	0.99	1	1	1	1
0.5	0.02	6	0	0	0	0	0.010204082	0	0	0	0	0	0	0	0
0.5	0.02	8	0	0	0	0	0	0.01	0.04040404	0	0	0	0	0	0
0.5	0.02	0	0	0	0	0	0	0	0	0	0	0	0	0	0
0.5	0.05	1	0.77	0.54	0.125	0	0	0	0	0	0	0	0	0	0
0.5	0.05	2	0.23	0.46	0.875	0.989690722	0.923076923	0.489795918	0	0	0	0	0	0	0
0.5	0.05	3	0	0	0	0	0	0	0.020408163	0.01	0	0	0	0	0
0.5	0.05	4	0	0	0	0	0	0.255102041	0.489795918	0	0	0	0	0	0
0.5	0.05	5	0	0	0	0	0	0	0	0.91	1	1	1	1	0.96
0.5	0.05	6	0	0	0	0.010309278	0.076923077	0.193877551	0.010204082	0	0	0	0	0	0
0.5	0.05	8	0	0	0	0	0	0.06122449	0.479591837	0.08	0	0	0	0	0
0.5	0.05	0	0	0	0	0	0	0	0	0	0	0	0	0	0.04
1	0.001	1	1	1	1	0.979591837	0.959183673	0.94	0.82	0.64	0.44	0.64	0.651162791	0.653061224	0.714285714
1	0.001	2	0	0	0	0.020408163	0.040816327	0.06	0.08	0.22	0.38	0.02	0	0	0
1	0.001	3	0	0	0	0	0	0	0	0	0	0	0	0	0.020408163
1	0.001	4	0	0	0	0	0	0	0	0	0	0.2	0.279069767	0.306122449	0.204081633
1	0.001	5	0	0	0	0	0	0	0	0	0	0	0	0	0
1	0.001	6	0	0	0	0	0	0	0	0	0	0	0	0	0
1	0.001	8	0	0	0	0	0	0	0	0	0	0	0	0	0
1	0.001	0	0	0	0	0	0	0	0.1	0.14	0.18	0.14	0.069767442	0.040816327	0.06122449
1	0.01	1	1	1	0.94	0.7	0.46	0.56	0.46	0.673469388	0.7	0.489795918	0.458333333	0.12	0.18
1	0.01	2	0	0	0.06	0.3	0.54	0	0	0	0	0	0	0	0
1	0.01	3	0	0	0	0	0	0.38	0.1	0	0	0	0	0	0
1	0.01	4	0	0	0	0	0	0.06	0.44	0.326530612	0.28	0.408163265	0.479166667	0.5	0
1	0.01	5	0	0	0	0	0	0	0	0	0	0	0	0	0
1	0.01	6	0	0	0	0	0	0	0	0	0	0	0	0	0
1	0.01	8	0	0	0	0	0	0	0	0	0	0	0	0	0
1	0.01	0	0	0	0	0	0	0	0	0	0.02	0.102040816	0.0625	0.38	0.82
1	0.02	1	1	1	0.95	0.76	0.57	0.42	0.18	0.18	0.131313131	0.222222222	0.257731959	0.153061224	0.11
1	0.02	2	0	0	0.05	0.24	0.43	0	0	0	0	0	0	0	0
1	0.02	3	0	0	0	0	0	0.58	0.07	0	0.01010101	0	0.010309278	0	0
1	0.02	4	0	0	0	0	0	0	0.75	0.82	0.848484848	0.727272727	0.567010309	0.540816327	0.2
1	0.02	5	0	0	0	0	0	0	0	0	0	0	0	0	0
1	0.02	6	0	0	0	0	0	0	0	0	0	0	0	0	0
1	0.02	8	0	0	0	0	0	0	0	0	0	0	0	0	0
1	0.02	0	0	0	0	0	0	0	0	0	0.01010101	0.050505051	0.164948454	0.306122449	0.69
1	0.05	1	1	1	0.94	0.767676768	0.47	0.391304348	0.05	0.03030303	0.04	0.065217391	0.073170732	0.197802198	0.152941176
1	0.05	2	0	0	0.06	0.232323232	0.53	0	0	0	0	0	0	0	0
1	0.05	3	0	0	0	0	0	0.608695652	0.48	0.101010101	0.1	0	0	0	0
1	0.05	4	0	0	0	0	0	0	0.47	0.868686869	0.86	0.913043478	0.914634146	0.769230769	0.458823529
1	0.05	5	0	0	0	0	0	0	0	0	0	0	0	0.010989011	0.129411765
1	0.05	6	0	0	0	0	0	0	0	0	0	0	0	0	0
1	0.05	8	0	0	0	0	0	0	0	0	0	0	0	0	0
1	0.05	0	0	0	0	0	0	0	0	0	0	0.02173913	0.012195122	0.021978022	0.258823529
