	0	0.02	0.04	0.06	0.08	0.1	0.12	0.14	0.16	0.18	0.2	0.22	0.24	0.26	0.28	0.3	0.32	0.34	0.36	0.38	0.4	0.42	0.44	0.46	0.48	0.5	0.52	0.54	0.56	0.58	0.6	0.62	0.64	0.66	0.68	0.7	0.72	0.74	0.76	0.78	0.8	0.82	0.84	0.86	0.88	0.9	0.92	0.94	0.96	0.98
1000	0	0	0	0	0	0	0	0	0	0	0	0	0	0.342105	0.263158	0.105263	0.131579	0.210526	0.184211	0.447368	0.710526	0.789474	0.710526	1	0.894737	0.657895	0.684211	0.736842	0.605263	0.631579	0.263158	0.131579	0.184211	0.131579	0.0263158	0	0.263158	0.368421	0.0526316	0	0	0	0	0	0	0	0	0	0	0
2000	0	0	0	0	0	0	0	0	0	0	0	0	0.0526316	0.842105	0.421053	0.105263	0.131579	0.210526	0.184211	0.447368	0.710526	0.789474	0.710526	1	0.552632	0	0.315789	0.736842	0.605263	0.631579	0.263158	0.131579	0.184211	0.131579	0.0263158	0	0.342105	0.684211	0.315789	0	0	0	0	0	0	0	0	0	0	0
3000	0	0	0	0	0	0	0	0	0	0	0	0.0149254	0.253731	1	0.328358	0.0597015	0.0746269	0.119403	0.104478	0.253731	0.402985	0.447761	0.402985	0.119403	0	0	0	0	0.134328	0.358209	0.149254	0.0746269	0.104478	0.0746269	0.0149254	0	0.208955	0.58209	0.597015	0.0895522	0	0	0	0	0	0	0	0	0	0
4000	0	0	0	0	0	0	0	0	0	0	0	0.0240964	0.385542	1	0.277108	0.0481928	0.060241	0.0963855	0.0843373	0.204819	0.325301	0.192771	0	0	0	0	0	0	0	0.0120482	0.120482	0.060241	0.0843373	0.060241	0.0120482	0	0.216867	0.578313	0.795181	0.168675	0.0120482	0	0	0	0	0	0	0	0	0
5000	0	0	0	0	0	0	0	0	0	0	0	0.0348837	0.406977	1	0.27907	0.0465116	0.0581395	0.0930233	0.0813953	0.197674	0.313953	0.0581395	0	0	0	0	0	0	0	0	0.0348837	0.0581395	0.0813953	0.0581395	0.0116279	0	0.209302	0.55814	0.848837	0.197674	0.0232558	0	0	0	0	0	0	0	0	0
6000	0	0	0	0	0	0	0	0	0	0	0	0.0337079	0.460674	1	0.269663	0.0449438	0.0561798	0.0898876	0.0786517	0.191011	0.202247	0	0	0	0	0	0	0	0	0	0	0.011236	0.0786517	0.0561798	0.011236	0	0.202247	0.550562	0.842697	0.269663	0.0449438	0	0	0	0	0	0	0	0	0
7000	0	0	0	0	0	0	0	0	0	0	0	0.0555556	0.466667	1	0.266667	0.0444444	0.0555556	0.0888889	0.0777778	0.188889	0.0333333	0	0	0	0	0	0	0	0	0	0	0	0.0777778	0.0555556	0.0111111	0	0.2	0.544444	0.922222	0.311111	0.0444444	0	0	0	0	0	0	0	0	0
8000	0	0	0	0	0	0	0	0	0	0	0	0.0666667	0.5	1	0.266667	0.0444444	0.0555556	0.0888889	0.0777778	0.144444	0	0	0	0	0	0	0	0	0	0	0	0	0.0444444	0.0555556	0.0111111	0	0.2	0.544444	0.955556	0.311111	0.0666667	0.0111111	0	0	0	0	0	0	0	0
9000	0	0	0	0	0	0	0	0	0	0	0.0111111	0.0777778	0.522222	1	0.266667	0.0444444	0.0555556	0.0888889	0.0777778	0.0666667	0	0	0	0	0	0	0	0	0	0	0	0	0.0222222	0.0555556	0.0111111	0	0.2	0.544444	0.977778	0.322222	0.0888889	0.0111111	0	0	0	0	0	0	0	0
10000	0	0	0	0	0	0	0	0	0	0	0.0111111	0.1	0.522222	1	0.266667	0.0444444	0.0555556	0.0888889	0.0666667	0	0	0	0	0	0	0	0	0	0	0	0	0	0	0.0555556	0.0111111	0	0.2	0.544444	0.988889	0.344444	0.111111	0.0333333	0	0	0	0	0	0	0	0
11000	0	0	0	0	0	0	0	0	0	0	0.0111111	0.1	0.522222	1	0.266667	0.0444444	0.0555556	0.0777778	0	0	0	0	0	0	0	0	0	0	0	0	0	0	0	0.0555556	0.0111111	0	0.2	0.544444	0.988889	0.366667	0.144444	0.0555556	0	0	0	0	0	0	0	0
12000	0	0	0	0	0	0	0	0	0	0	0.0111111	0.1	0.533333	1	0.266667	0.0444444	0.0555556	0.0333333	0	0	0	0	0	0	0	0	0	0	0	0	0	0	0	0.0444444	0.0111111	0	0.2	0.544444	0.988889	0.366667	0.188889	0.0555556	0	0	0	0	0	0	0	0
13000	0	0	0	0	0	0	0	0	0	0	0.0111111	0.1	0.544444	1	0.266667	0.0444444	0.0555556	0.0222222	0	0	0	0	0	0	0	0	0	0	0	0	0	0	0	0.0222222	0.0111111	0	0.2	0.544444	0.988889	0.377778	0.188889	0.0666667	0	0	0	0	0	0	0	0
14000	0	0	0	0	0	0	0	0	0	0	0.010989	0.0989011	0.538462	1	0.263736	0.043956	0.043956	0	0	0	0	0	0	0	0	0	0	0	0	0	0	0	0	0	0.010989	0	0.197802	0.538462	0.978022	0.373626	0.21978	0.0769231	0	0	0	0	0	0	0	0
15000	0	0	0	0	0	0	0	0	0	0	0.010989	0.0989011	0.538462	1	0.263736	0.021978	0	0	0	0	0	0	0	0	0	0	0	0	0	0	0	0	0	0	0	0	0.197802	0.538462	0.978022	0.373626	0.263736	0.10989	0	0	0	0	0	0	0	0
16000	0	0	0	0	0	0	0	0	0	0	0.010989	0.0989011	0.538462	1	0.241758	0	0	0	0	0	0	0	0	0	0	0	0	0	0	0	0	0	0	0	0	0	0.197802	0.538462	0.978022	0.384615	0.263736	0.10989	0.032967	0	0	0	0	0	0	0
17000	0	0	0	0	0	0	0	0	0	0	0.010989	0.0769231	0.516484	1	0.241758	0	0	0	0	0	0	0	0	0	0	0	0	0	0	0	0	0	0	0	0	0	0.197802	0.538462	0.978022	0.395604	0.285714	0.120879	0.032967	0	0	0	0	0	0	0
18000	0	0	0	0	0	0	0	0	0	0	0.010989	0.0659341	0.472527	1	0.241758	0	0	0	0	0	0	0	0	0	0	0	0	0	0	0	0	0	0	0	0	0	0.197802	0.538462	0.978022	0.406593	0.296703	0.142857	0.032967	0.010989	0	0	0	0	0	0
19000	0	0	0	0	0	0	0	0	0	0	0.010989	0.0659341	0.428571	1	0.241758	0	0	0	0	0	0	0	0	0	0	0	0	0	0	0	0	0	0	0	0	0	0.175824	0.538462	0.978022	0.406593	0.296703	0.186813	0.043956	0.010989	0.010989	0	0	0	0	0
20000	0	0	0	0	0	0	0	0	0	0	0.010989	0.0659341	0.373626	1	0.241758	0	0	0	0	0	0	0	0	0	0	0	0	0	0	0	0	0	0	0	0	0	0.153846	0.538462	0.978022	0.417582	0.340659	0.186813	0.043956	0.010989	0.032967	0	0	0	0	0
21000	0	0	0	0	0	0	0	0	0	0	0.010989	0.0549451	0.351648	1	0.252747	0	0	0	0	0	0	0	0	0	0	0	0	0	0	0	0	0	0	0	0	0	0.131868	0.538462	0.978022	0.417582	0.351648	0.208791	0.0659341	0.010989	0.021978	0	0	0	0	0
22000	0	0	0	0	0	0	0	0	0	0	0.011236	0.0337079	0.303371	0.988764	0.269663	0	0	0	0	0	0	0	0	0	0	0	0	0	0	0	0	0	0	0	0	0	0.134831	0.550562	1	0.426966	0.370787	0.235955	0.0898876	0.0449438	0.0337079	0	0	0	0	0
23000	0	0	0	0	0	0	0	0	0	0	0	0.0227273	0.227273	1	0.284091	0	0	0	0	0	0	0	0	0	0	0	0	0	0	0	0	0	0	0	0	0	0.136364	0.522727	0.977273	0.431818	0.386364	0.272727	0.147727	0.0909091	0.0454545	0	0	0	0	0
24000	0	0	0	0	0	0	0	0	0	0	0	0.0119048	0.214286	1	0.333333	0	0	0	0	0	0	0	0	0	0	0	0	0	0	0	0	0	0	0	0	0	0.119048	0.535714	0.940476	0.452381	0.416667	0.285714	0.190476	0.166667	0.0952381	0	0	0	0	0
25000	0	0	0	0	0	0	0	0	0	0	0	0	0.1875	1	0.3625	0	0	0	0	0	0	0	0	0	0	0	0	0	0	0	0	0	0	0	0	0	0.075	0.5	0.8625	0.475	0.4375	0.3	0.25	0.3375	0.2	0.0125	0	0	0	0
26000	0	0	0	0	0	0	0	0	0	0	0	0	0.137931	1	0.390805	0.0114943	0	0	0	0	0	0	0	0	0	0	0	0	0	0	0	0	0	0	0	0	0.0114943	0.298851	0.655172	0.402299	0.402299	0.287356	0.275862	0.402299	0.287356	0.0344828	0	0	0	0
27000	0	0	0	0	0	0	0	0	0	0	0	0	0.142857	1	0.452381	0.0119048	0	0	0	0	0	0	0	0	0	0	0	0	0	0	0	0	0	0	0	0	0	0.130952	0.5	0.345238	0.416667	0.297619	0.285714	0.535714	0.47619	0.154762	0.0119048	0	0	0
28000	0	0	0	0	0	0	0	0	0	0	0	0	0.0322581	1	0.462366	0.0215054	0	0	0	0	0	0	0	0	0	0	0	0	0	0	0	0	0	0	0	0	0	0	0.247312	0.16129	0.344086	0.268817	0.258065	0.548387	0.537634	0.225806	0.0860215	0.0430108	0.0645161	0
29000	0	0	0	0	0	0	0	0	0	0	0	0	0.038835	1	0.456311	0.0194175	0	0	0	0	0	0	0	0	0	0	0	0	0	0	0	0	0	0	0	0	0	0	0	0	0	0.0873786	0.223301	0.495146	0.485437	0.203883	0.184466	0.23301	0.281553	0.174757
30000	0	0	0	0	0	0	0	0	0	0	0	0	0.0471698	1	0.443396	0.0188679	0	0	0	0	0	0	0	0	0	0	0	0	0	0	0	0	0	0	0	0	0	0	0	0	0	0	0	0.00943396	0.349057	0.198113	0.179245	0.283019	0.537736	0.707547
31000	0	0	0	0	0	0	0	0	0	0	0	0	0.033557	0.872483	0.348993	0.0134228	0	0	0	0	0	0	0	0	0	0	0	0	0	0	0	0	0	0	0	0	0	0	0	0	0	0	0	0	0	0	0	0.0134228	0.402685	1
32000	0	0	0	0	0	0	0	0	0	0	0	0	0.00985222	0.596059	0.295567	0.0197044	0	0	0	0	0	0	0	0	0	0	0	0	0	0	0	0	0	0	0	0	0	0	0	0	0	0	0	0	0	0	0	0	0.0492611	1
33000	0	0	0	0	0	0	0	0	0	0	0	0	0	0.451163	0.344186	0.0418605	0.00465116	0	0	0	0	0	0	0	0	0	0	0	0	0	0	0	0	0	0	0	0	0	0	0	0	0	0	0	0	0	0	0	0.0186047	1
34000	0	0	0	0	0	0	0	0	0	0	0	0	0	0.448276	0.438424	0.0591133	0.00985222	0	0	0	0	0	0	0	0	0	0	0	0	0	0	0	0	0	0	0	0	0	0	0	0	0	0	0	0	0	0	0	0.0147783	1
35000	0	0	0	0	0	0	0	0	0	0	0	0	0	0.283721	0.460465	0.0790698	0.0186047	0	0	0	0	0	0	0	0	0	0	0	0	0	0	0	0	0	0	0	0	0	0	0	0	0	0	0	0	0	0	0	0.0186047	1
36000	0	0	0	0	0	0	0	0	0	0	0	0	0	0.280374	0.481308	0.088785	0.0140187	0	0	0	0	0	0	0	0	0	0	0	0	0	0	0	0	0	0	0	0	0	0	0	0	0	0	0	0	0	0	0	0.0046729	1
37000	0	0	0	0	0	0	0	0	0	0	0	0	0.00483092	0.289855	0.52657	0.0869565	0.00966184	0	0	0	0	0	0	0	0	0	0	0	0	0	0	0	0	0	0	0	0	0	0	0	0	0	0	0	0	0	0	0	0.0144928	1
38000	0	0	0	0	0	0	0	0	0	0	0	0	0	0.307317	0.565854	0.0731707	0.00487805	0	0	0	0	0	0	0	0	0	0	0	0	0	0	0	0	0	0	0	0	0	0	0	0	0	0	0	0	0	0	0	0	1
39000	0	0	0	0	0	0	0	0	0	0	0	0	0	0.221154	0.600962	0.0817308	0.00480769	0	0	0	0	0	0	0	0	0	0	0	0	0	0	0	0	0	0	0	0	0	0	0	0	0	0	0	0	0	0	0	0.0144231	1
40000	0	0	0	0	0	0	0	0	0	0	0	0	0	0.206897	0.655172	0.0985222	0.00985222	0	0	0	0	0	0	0	0	0	0	0	0	0	0	0	0	0	0	0	0	0	0	0	0	0	0	0	0	0	0	0	0	1
41000	0	0	0	0	0	0	0	0	0	0	0	0	0	0.226131	0.663317	0.105528	0.0100503	0	0	0	0	0	0	0	0	0	0	0	0	0	0	0	0	0	0	0	0	0	0	0	0	0	0	0	0	0	0	0	0.00502513	1
42000	0	0	0	0	0	0	0	0	0	0	0	0	0	0.213198	0.690355	0.116751	0.0101523	0	0	0	0	0	0	0	0	0	0	0	0	0	0	0	0	0	0	0	0	0	0	0	0	0	0	0	0	0	0	0	0	1
43000	0	0	0	0	0	0	0	0	0	0	0	0	0	0.181818	0.691919	0.131313	0.0151515	0	0	0	0	0	0	0	0	0	0	0	0	0	0	0	0	0	0	0	0	0	0	0	0	0	0	0	0	0	0	0	0	1
44000	0	0	0	0	0	0	0	0	0	0	0	0	0	0.15566	0.599057	0.113208	0.0141509	0	0	0	0	0	0	0	0	0	0	0	0	0	0	0	0	0	0	0	0	0	0	0	0	0	0	0	0	0	0	0	0.00471698	1
45000	0	0	0	0	0	0	0	0	0	0	0	0	0	0.187192	0.640394	0.128079	0.0147783	0	0	0	0	0	0	0	0	0	0	0	0	0	0	0	0	0	0	0	0	0	0	0	0	0	0	0	0	0	0	0	0	1
46000	0	0	0	0	0	0	0	0	0	0	0	0	0	0.226316	0.736842	0.131579	0.0105263	0	0	0	0	0	0	0	0	0	0	0	0	0	0	0	0	0	0	0	0	0	0	0	0	0	0	0	0	0	0	0	0	1
47000	0	0	0	0	0	0	0	0	0	0	0	0	0	0.175258	0.742268	0.123711	0.0103093	0	0	0	0	0	0	0	0	0	0	0	0	0	0	0	0	0	0	0	0	0	0	0	0	0	0	0	0	0	0	0	0.0103093	1
48000	0	0	0	0	0	0	0	0	0	0	0	0	0	0.129353	0.721393	0.129353	0.00995025	0	0	0	0	0	0	0	0	0	0	0	0	0	0	0	0	0	0	0	0	0	0	0	0	0	0	0	0	0	0	0	0	1
49000	0	0	0	0	0	0	0	0	0	0	0	0	0	0.0985222	0.73399	0.128079	0.00985222	0	0	0	0	0	0	0	0	0	0	0	0	0	0	0	0	0	0	0	0	0	0	0	0	0	0	0	0	0	0	0	0	1
50000	0	0	0	0	0	0	0	0	0	0	0	0	0	0.0878049	0.712195	0.136585	0.0097561	0	0	0	0	0	0	0	0	0	0	0	0	0	0	0	0	0	0	0	0	0	0	0	0	0	0	0	0	0	0	0	0.00487805	1
51000	0	0	0	0	0	0	0	0	0	0	0	0	0	0.0533981	0.718447	0.15534	0.0145631	0	0	0	0	0	0	0	0	0	0	0	0	0	0	0	0	0	0	0	0	0	0	0	0	0	0	0	0	0	0	0	0	1
52000	0	0	0	0	0	0	0	0	0	0	0	0	0	0.0594059	0.747525	0.158416	0.0148515	0	0	0	0	0	0	0	0	0	0	0	0	0	0	0	0	0	0	0	0	0	0	0	0	0	0	0	0	0	0	0	0	1
53000	0	0	0	0	0	0	0	0	0	0	0	0	0	0.0876289	0.814433	0.149485	0.00515464	0	0	0	0	0	0	0	0	0	0	0	0	0	0	0	0	0	0	0	0	0	0	0	0	0	0	0	0	0	0	0	0.00515464	1
54000	0	0	0	0	0	0	0	0	0	0	0	0	0	0.0913978	0.908602	0.145161	0.00537634	0	0	0	0	0	0	0	0	0	0	0	0	0	0	0	0	0	0	0	0	0	0	0	0	0	0	0	0	0	0	0	0	1
55000	0	0	0	0	0	0	0	0	0	0	0	0	0	0.0518135	0.880829	0.134715	0.00518135	0	0	0	0	0	0	0	0	0	0	0	0	0	0	0	0	0	0	0	0	0	0	0	0	0	0	0	0	0	0	0	0	1
56000	0	0	0	0	0	0	0	0	0	0	0	0	0	0.0471204	0.895288	0.146597	0.0052356	0	0	0	0	0	0	0	0	0	0	0	0	0	0	0	0	0	0	0	0	0	0	0	0	0	0	0	0	0	0	0	0	1
57000	0	0	0	0	0	0	0	0	0	0	0	0	0	0.0378378	0.935135	0.183784	0.00540541	0	0	0	0	0	0	0	0	0	0	0	0	0	0	0	0	0	0	0	0	0	0	0	0	0	0	0	0	0	0	0	0	1
58000	0	0	0	0	0	0	0	0	0	0	0	0	0	0.0380435	0.945652	0.184783	0.00543478	0	0	0	0	0	0	0	0	0	0	0	0	0	0	0	0	0	0	0	0	0	0	0	0	0	0	0	0	0	0	0	0	1
59000	0	0	0	0	0	0	0	0	0	0	0	0	0	0.0380435	0.945652	0.184783	0.00543478	0	0	0	0	0	0	0	0	0	0	0	0	0	0	0	0	0	0	0	0	0	0	0	0	0	0	0	0	0	0	0	0	1
60000	0	0	0	0	0	0	0	0	0	0	0	0	0	0.040404	0.823232	0.151515	0	0	0	0	0	0	0	0	0	0	0	0	0	0	0	0	0	0	0	0	0	0	0	0	0	0	0	0	0	0	0	0	0.00505051	1
61000	0	0	0	0	0	0	0	0	0	0	0	0	0	0.040404	0.823232	0.151515	0	0	0	0	0	0	0	0	0	0	0	0	0	0	0	0	0	0	0	0	0	0	0	0	0	0	0	0	0	0	0	0	0.00505051	1
62000	0	0	0	0	0	0	0	0	0	0	0	0	0	0.0634921	0.904762	0.148148	0	0	0	0	0	0	0	0	0	0	0	0	0	0	0	0	0	0	0	0	0	0	0	0	0	0	0	0	0	0	0	0	0	1
63000	0	0	0	0	0	0	0	0	0	0	0	0	0	0.0578947	0.9	0.142105	0	0	0	0	0	0	0	0	0	0	0	0	0	0	0	0	0	0	0	0	0	0	0	0	0	0	0	0	0	0	0	0	0.00526316	1
64000	0	0	0	0	0	0	0	0	0	0	0	0	0	0.0412371	0.881443	0.139175	0	0	0	0	0	0	0	0	0	0	0	0	0	0	0	0	0	0	0	0	0	0	0	0	0	0	0	0	0	0	0	0	0	1
65000	0	0	0	0	0	0	0	0	0	0	0	0	0	0.0412371	0.881443	0.139175	0	0	0	0	0	0	0	0	0	0	0	0	0	0	0	0	0	0	0	0	0	0	0	0	0	0	0	0	0	0	0	0	0	1
66000	0	0	0	0	0	0	0	0	0	0	0	0	0	0.0301508	0.849246	0.120603	0	0	0	0	0	0	0	0	0	0	0	0	0	0	0	0	0	0	0	0	0	0	0	0	0	0	0	0	0	0	0	0	0.0100503	1
67000	0	0	0	0	0	0	0	0	0	0	0	0	0	0.0454545	0.878788	0.0959596	0	0	0	0	0	0	0	0	0	0	0	0	0	0	0	0	0	0	0	0	0	0	0	0	0	0	0	0	0	0	0	0	0	1
68000	0	0	0	0	0	0	0	0	0	0	0	0	0	0.0510204	0.892857	0.0969388	0	0	0	0	0	0	0	0	0	0	0	0	0	0	0	0	0	0	0	0	0	0	0	0	0	0	0	0	0	0	0	0	0	1
69000	0	0	0	0	0	0	0	0	0	0	0	0	0	0.0510204	0.892857	0.0969388	0	0	0	0	0	0	0	0	0	0	0	0	0	0	0	0	0	0	0	0	0	0	0	0	0	0	0	0	0	0	0	0	0	1
70000	0	0	0	0	0	0	0	0	0	0	0	0	0	0.0663265	0.903061	0.0663265	0	0	0	0	0	0	0	0	0	0	0	0	0	0	0	0	0	0	0	0	0	0	0	0	0	0	0	0	0	0	0	0	0.00510204	1
71000	0	0	0	0	0	0	0	0	0	0	0	0	0	0.0808081	0.919192	0.020202	0	0	0	0	0	0	0	0	0	0	0	0	0	0	0	0	0	0	0	0	0	0	0	0	0	0	0	0	0	0	0	0	0	1
72000	0	0	0	0	0	0	0	0	0	0	0	0	0	0.0923077	0.938462	0.0205128	0	0	0	0	0	0	0	0	0	0	0	0	0	0	0	0	0	0	0	0	0	0	0	0	0	0	0	0	0	0	0	0	0	1
73000	0	0	0	0	0	0	0	0	0	0	0	0	0	0.0885417	0.984375	0.0104167	0	0	0	0	0	0	0	0	0	0	0	0	0	0	0	0	0	0	0	0	0	0	0	0	0	0	0	0	0	0	0	0	0	1
74000	0	0	0	0	0	0	0	0	0	0	0	0	0	0.0696517	0.910448	0.00995025	0	0	0	0	0	0	0	0	0	0	0	0	0	0	0	0	0	0	0	0	0	0	0	0	0	0	0	0	0	0	0	0	0	1
75000	0	0	0	0	0	0	0	0	0	0	0	0	0	0.0820513	0.958974	0.0102564	0	0	0	0	0	0	0	0	0	0	0	0	0	0	0	0	0	0	0	0	0	0	0	0	0	0	0	0	0	0	0	0	0	1
76000	0	0	0	0	0	0	0	0	0	0	0	0	0	0.0653266	0.929648	0.0150754	0	0	0	0	0	0	0	0	0	0	0	0	0	0	0	0	0	0	0	0	0	0	0	0	0	0	0	0	0	0	0	0	0	1
77000	0	0	0	0	0	0	0	0	0	0	0	0	0	0.0703518	0.924623	0.0150754	0	0	0	0	0	0	0	0	0	0	0	0	0	0	0	0	0	0	0	0	0	0	0	0	0	0	0	0	0	0	0	0	0	1
78000	0	0	0	0	0	0	0	0	0	0	0	0	0	0.0434783	0.869565	0.0193237	0	0	0	0	0	0	0	0	0	0	0	0	0	0	0	0	0	0	0	0	0	0	0	0	0	0	0	0	0	0	0	0	0	1
79000	0	0	0	0	0	0	0	0	0	0	0	0	0	0.0394089	0.906404	0.0246305	0	0	0	0	0	0	0	0	0	0	0	0	0	0	0	0	0	0	0	0	0	0	0	0	0	0	0	0	0	0	0	0	0	1
80000	0	0	0	0	0	0	0	0	0	0	0	0	0	0.0197044	0.916256	0.0344828	0	0	0	0	0	0	0	0	0	0	0	0	0	0	0	0	0	0	0	0	0	0	0	0	0	0	0	0	0	0	0	0	0	1
81000	0	0	0	0	0	0	0	0	0	0	0	0	0	0.0247525	0.920792	0.0346535	0	0	0	0	0	0	0	0	0	0	0	0	0	0	0	0	0	0	0	0	0	0	0	0	0	0	0	0	0	0	0	0	0	1
82000	0	0	0	0	0	0	0	0	0	0	0	0	0	0.0298507	0.925373	0.0348259	0	0	0	0	0	0	0	0	0	0	0	0	0	0	0	0	0	0	0	0	0	0	0	0	0	0	0	0	0	0	0	0	0	1
83000	0	0	0	0	0	0	0	0	0	0	0	0	0	0.0618557	0.979381	0.0154639	0	0	0	0	0	0	0	0	0	0	0	0	0	0	0	0	0	0	0	0	0	0	0	0	0	0	0	0	0	0	0	0.00515464	0	1
84000	0	0	0	0	0	0	0	0	0	0	0	0	0	0.0673575	0.994819	0.0103627	0	0	0	0	0	0	0	0	0	0	0	0	0	0	0	0	0	0	0	0	0	0	0	0	0	0	0	0	0	0	0	0	0	1
85000	0	0	0	0	0	0	0	0	0	0	0	0	0	0.0663265	0.964286	0.0102041	0	0	0	0	0	0	0	0	0	0	0	0	0	0	0	0	0	0	0	0	0	0	0	0	0	0	0	0	0	0	0	0	0	1
86000	0	0	0	0	0	0	0	0	0	0	0	0	0	0.0663265	0.964286	0.0102041	0	0	0	0	0	0	0	0	0	0	0	0	0	0	0	0	0	0	0	0	0	0	0	0	0	0	0	0	0	0	0	0	0	1
87000	0	0	0	0	0	0	0	0	0	0	0	0	0.00510204	0.0816327	0.938776	0.0102041	0	0	0	0	0	0	0	0	0	0	0	0	0	0	0	0	0	0	0	0	0	0	0	0	0	0	0	0	0	0	0	0	0.00510204	1
88000	0	0	0	0	0	0	0	0	0	0	0	0	0	0.101523	0.923858	0	0	0	0	0	0	0	0	0	0	0	0	0	0	0	0	0	0	0	0	0	0	0	0	0	0	0	0	0	0	0	0	0	0.00507614	1
89000	0	0	0	0	0	0	0	0	0	0	0	0	0	0.105528	0.894472	0	0	0	0	0	0	0	0	0	0	0	0	0	0	0	0	0	0	0	0	0	0	0	0	0	0	0	0	0	0	0	0	0	0.0100503	1
90000	0	0	0	0	0	0	0	0	0	0	0	0	0	0.0985222	0.852217	0	0	0	0	0	0	0	0	0	0	0	0	0	0	0	0	0	0	0	0	0	0	0	0	0	0	0	0	0	0	0	0	0.00492611	0.0147783	1
91000	0	0	0	0	0	0	0	0	0	0	0	0	0	0.103286	0.774648	0	0	0	0	0	0	0	0	0	0	0	0	0	0	0	0	0	0	0	0	0	0	0	0	0	0	0	0	0	0	0	0	0	0	1
92000	0	0	0	0	0	0	0	0	0	0	0	0	0	0.129353	0.860697	0	0	0	0	0	0	0	0	0	0	0	0	0	0	0	0	0	0	0	0	0	0	0	0	0	0	0	0	0	0	0	0	0	0	1
93000	0	0	0	0	0	0	0	0	0	0	0	0	0	0.162304	0.926702	0	0	0	0	0	0	0	0	0	0	0	0	0	0	0	0	0	0	0	0	0	0	0	0	0	0	0	0	0	0	0	0	0	0.0052356	1
94000	0	0	0	0	0	0	0	0	0	0	0	0	0	0.168421	0.936842	0	0	0	0	0	0	0	0	0	0	0	0	0	0	0	0	0	0	0	0	0	0	0	0	0	0	0	0	0	0	0	0	0	0	1
95000	0	0	0	0	0	0	0	0	0	0	0	0	0	0.201087	0.972826	0	0	0	0	0	0	0	0	0	0	0	0	0	0	0	0	0	0	0	0	0	0	0	0	0	0	0	0	0	0	0	0	0	0	1
96000	0	0	0	0	0	0	0	0	0	0	0	0	0	0.228261	0.945652	0	0	0	0	0	0	0	0	0	0	0	0	0	0	0	0	0	0	0	0	0	0	0	0	0	0	0	0	0	0	0	0	0	0	1
97000	0	0	0	0	0	0	0	0	0	0	0	0	0	0.188776	0.836735	0	0	0	0	0	0	0	0	0	0	0	0	0	0	0	0	0	0	0	0	0	0	0	0	0	0	0	0	0	0	0	0	0	0.0153061	1
98000	0	0	0	0	0	0	0	0	0	0	0	0	0	0.201031	0.85567	0	0	0	0	0	0	0	0	0	0	0	0	0	0	0	0	0	0	0	0	0	0	0	0	0	0	0	0	0	0	0	0	0	0.00515464	1
99000	0	0	0	0	0	0	0	0	0	0	0	0	0	0.171717	0.843434	0	0	0	0	0	0	0	0	0	0	0	0	0	0	0	0	0	0	0	0	0	0	0	0	0	0	0	0	0	0	0	0	0	0.00505051	1
100000	0	0	0	0	0	0	0	0	0	0	0	0	0	0.171717	0.848485	0	0	0	0	0	0	0	0	0	0	0	0	0	0	0	0	0	0	0	0	0	0	0	0	0	0	0	0	0	0	0	0	0	0	1
