	0	0.02	0.04	0.06	0.08	0.1	0.12	0.14	0.16	0.18	0.2	0.22	0.24	0.26	0.28	0.3	0.32	0.34	0.36	0.38	0.4	0.42	0.44	0.46	0.48	0.5	0.52	0.54	0.56	0.58	0.6	0.62	0.64	0.66	0.68	0.7	0.72	0.74	0.76	0.78	0.8	0.82	0.84	0.86	0.88	0.9	0.92	0.94	0.96	0.98
1000	0	0	0	0	0	0	0	0	0	0	0	0.0428571	0.671429	1	0.928571	0.185714	0.0142857	0	0	0	0	0	0	0	0	0	0	0	0	0	0	0	0	0	0	0	0.171429	0.885714	0.985714	0.571429	0.242857	0.0142857	0	0	0	0	0	0	0	0
2000	0	0	0	0	0	0	0	0	0	0	0	0.0594059	0.445545	1	0.554455	0.029703	0	0	0	0	0	0	0	0	0	0	0	0	0	0	0	0	0	0	0	0	0	0.227723	0.861386	0.584158	0.178218	0.019802	0	0	0	0	0	0	0	0
3000	0	0	0	0	0	0	0	0	0	0	0.00990099	0.0693069	0.356436	1	0.49505	0	0	0	0	0	0	0	0	0	0	0	0	0	0	0	0	0	0	0	0	0	0	0.0693069	0.960396	0.683168	0.217822	0.049505	0.019802	0.029703	0	0	0	0	0	0
4000	0	0	0	0	0	0	0	0	0	0	0	0.049505	0.326733	1	0.574257	0	0	0	0	0	0	0	0	0	0	0	0	0	0	0	0	0	0	0	0	0	0	0	0.554455	0.851485	0.326733	0.118812	0.0891089	0.0693069	0	0	0	0	0	0
5000	0	0	0	0	0	0	0	0	0	0	0	0.0210526	0.178947	1	0.915789	0.0105263	0	0	0	0	0	0	0	0	0	0	0	0	0	0	0	0	0	0	0	0	0	0	0.273684	0.810526	0.305263	0.157895	0.189474	0.242105	0.105263	0	0	0	0	0
6000	0	0	0	0	0	0	0	0	0	0	0	0	0.0598291	0.487179	1	0.0683761	0	0	0	0	0	0	0	0	0	0	0	0	0	0	0	0	0	0	0	0	0	0	0	0	0.034188	0.119658	0.290598	0.555556	0.555556	0.119658	0.042735	0.042735	0.00854701	0.034188
7000	0	0	0	0	0	0	0	0	0	0	0.0126582	0	0.0126582	0.379747	0.746835	0.0949367	0	0	0	0	0	0	0	0	0	0	0	0	0	0	0	0	0	0	0	0	0	0	0	0	0	0	0	0	0	0	0	0.0253165	0.259494	1
8000	0	0	0	0	0	0	0	0	0	0	0	0	0.0368421	0.331579	0.647368	0.0789474	0	0	0	0	0	0	0	0	0	0	0	0	0	0	0	0	0	0	0	0	0	0	0	0	0	0	0	0	0	0	0	0.00526316	0.00526316	1
9000	0	0	0	0	0	0	0	0	0	0	0	0.010929	0.0546448	0.284153	0.743169	0.0874317	0	0	0	0	0	0	0	0	0	0	0	0	0	0	0	0	0	0	0	0	0	0	0	0	0	0	0	0	0	0	0	0	0.00546448	1
10000	0	0	0	0	0	0	0	0	0	0	0	0	0.0380435	0.25	0.788043	0.0815217	0	0	0	0	0	0	0	0	0	0	0	0	0	0	0	0	0	0	0	0	0	0	0	0	0	0	0	0	0	0	0	0	0.0163043	1
11000	0	0	0	0	0	0	0	0	0	0	0	0.011236	0.0337079	0.297753	0.820225	0.0786517	0	0	0	0	0	0	0	0	0	0	0	0	0	0	0	0	0	0	0	0	0	0	0	0	0	0	0	0	0	0	0	0	0.00561798	1
12000	0	0	0	0	0	0	0	0	0	0	0	0.0168539	0.0280899	0.213483	0.91573	0.0730337	0	0	0	0	0	0	0	0	0	0	0	0	0	0	0	0	0	0	0	0	0	0	0	0	0	0	0	0	0	0	0	0	0	1
13000	0	0	0	0	0	0	0	0	0	0	0	0	0.00473934	0.180095	0.701422	0.00947867	0	0	0	0	0	0	0	0	0	0	0	0	0	0	0	0	0	0	0	0	0	0	0	0	0	0	0	0	0	0	0	0	0	1
14000	0	0	0	0	0	0	0	0	0	0	0	0.00588235	0.0588235	0.317647	0.970588	0	0	0	0	0	0	0	0	0	0	0	0	0	0	0	0	0	0	0	0	0	0	0	0	0	0	0	0	0	0	0	0	0	0	1
15000	0	0	0	0	0	0	0	0	0	0	0	0.010101	0.030303	0.287879	0.691919	0	0	0	0	0	0	0	0	0	0	0	0	0	0	0	0	0	0	0	0	0	0	0	0	0	0	0	0	0	0	0	0	0	0	1
16000	0	0	0	0	0	0	0	0	0	0.00510204	0	0.00510204	0.0510204	0.341837	0.617347	0.00510204	0	0	0	0	0	0	0	0	0	0	0	0	0	0	0	0	0	0	0	0	0	0	0	0	0	0	0	0	0	0	0	0	0.0153061	1
17000	0	0	0	0	0	0	0	0	0.0454545	0.0340909	0.0965909	0.0681818	0.0511364	0.397727	0.568182	0	0	0	0	0	0	0	0	0	0	0	0	0	0	0	0	0	0	0	0	0	0	0	0	0	0	0	0	0	0	0	0	0	0.0113636	1
18000	0	0	0	0	0	0	0.0272109	0.156463	0.326531	0.326531	0.29932	0.156463	0.0748299	0.292517	0.0544218	0	0	0	0	0	0	0	0	0	0	0	0	0	0	0	0	0	0	0	0	0	0	0	0	0	0	0	0	0	0	0	0	0	0.00680272	1
19000	0	0	0	0	0	0.0484848	0.0787879	0.181818	0.309091	0.369697	0.290909	0.10303	0.0242424	0.00606061	0	0	0	0	0	0	0	0	0	0	0	0	0	0	0	0	0	0	0	0	0	0	0	0	0	0	0	0	0	0	0	0	0	0	0.0121212	1
20000	0	0	0	0.0125786	0.0880503	0.157233	0.081761	0.0943396	0.201258	0.383648	0.345912	0.113208	0.0251572	0.00628931	0	0	0	0	0	0	0	0	0	0	0	0	0	0	0	0	0	0	0	0	0	0	0	0	0	0	0	0	0	0	0	0	0	0	0.00628931	1
21000	0.0860215	0.0645161	0.0268817	0.0215054	0	0	0	0	0.0967742	0.252688	0.33871	0.134409	0.0645161	0.0322581	0	0	0	0	0	0	0	0	0	0	0	0	0	0	0	0	0	0	0	0	0	0	0	0	0	0	0	0	0	0	0	0	0	0.00537634	0.0268817	1
22000	0.597222	0.00694444	0	0	0	0	0	0	0	0	0.118056	0.256944	0.277778	0.222222	0.194444	0.0555556	0	0	0	0	0	0	0	0	0	0	0	0	0	0	0	0	0	0	0	0	0	0	0	0	0	0	0	0	0	0	0	0	0.0486111	1
23000	0.606897	0.00689655	0	0	0	0	0	0	0	0	0	0	0.0758621	0.268966	0.365517	0.289655	0.103448	0.00689655	0	0	0	0	0	0	0	0	0	0	0	0	0	0	0	0	0	0	0	0	0	0	0	0	0	0	0	0	0	0.00689655	0.0275862	1
24000	0.632353	0.0294118	0	0	0	0	0	0	0	0	0	0	0	0.00735294	0.382353	0.485294	0.301471	0.0514706	0.00735294	0	0	0	0	0	0	0	0	0	0	0	0	0	0	0	0	0	0	0	0	0	0	0	0	0	0	0	0	0	0.0441176	1
25000	0.880342	0.017094	0	0	0	0	0	0	0	0	0	0	0	0	0.00854701	0.555556	0.452991	0.222222	0.0854701	0.119658	0.017094	0	0	0	0	0	0	0	0	0	0	0	0	0	0	0	0	0	0	0	0	0	0	0	0	0	0	0	0.0598291	1
26000	0.714286	0.0150376	0	0	0	0	0	0	0	0	0	0	0	0	0	0	0.308271	0.240602	0.157895	0.300752	0.150376	0.0451128	0.0150376	0	0	0	0	0	0	0	0	0	0	0	0	0	0	0	0	0	0	0	0	0	0	0	0	0	0.0601504	1
27000	0.83871	0.00806452	0	0	0	0	0	0	0	0	0	0	0	0	0	0	0	0.145161	0.185484	0.387097	0.274194	0.193548	0.129032	0.0241935	0	0	0	0	0	0	0	0	0	0	0	0	0	0	0	0	0	0	0	0	0	0	0	0.00806452	0.0322581	1
28000	0.543478	0	0	0	0	0	0	0	0	0	0	0	0	0	0	0	0	0	0.130435	0.355072	0.253623	0.231884	0.217391	0.115942	0.0289855	0	0	0	0	0	0	0	0	0	0	0	0	0	0	0	0	0	0	0	0	0	0	0	0.0217391	1
29000	0.525926	0.0148148	0	0	0	0	0	0	0	0	0	0	0	0	0	0	0	0	0	0.266667	0.259259	0.237037	0.296296	0.222222	0.0814815	0.00740741	0	0	0	0	0	0	0	0	0	0	0	0	0	0	0	0	0	0	0	0	0	0	0.0518519	1
30000	0.822034	0.0169492	0	0	0	0	0	0	0	0	0	0	0	0	0	0	0	0	0	0.110169	0.29661	0.271186	0.364407	0.313559	0.144068	0.0254237	0	0	0	0	0	0	0	0	0	0	0	0	0	0	0	0	0	0	0	0	0	0	0.0254237	1
31000	0.611511	0.00719424	0	0	0	0	0	0	0	0	0	0	0	0	0	0	0	0	0	0	0.0863309	0.230216	0.338129	0.302158	0.201439	0.0719424	0.00719424	0	0	0	0	0	0	0	0	0	0	0	0	0	0	0	0	0	0	0	0	0	0.0215827	1
32000	0.862385	0.0183486	0	0	0	0	0	0	0	0	0	0	0	0	0	0	0	0	0	0	0	0.229358	0.504587	0.486239	0.376147	0.146789	0.00917431	0	0	0	0	0	0	0	0	0	0	0	0	0	0	0	0	0	0	0	0	0	0.0366972	1
33000	0.473684	0	0	0	0	0	0	0	0	0	0	0	0	0	0	0	0	0	0	0	0	0.12782	0.421053	0.406015	0.360902	0.165414	0.0150376	0	0	0	0	0	0	0	0	0	0	0	0	0	0	0	0	0	0	0	0	0	0.037594	1
34000	0.658333	0	0	0	0	0	0	0	0	0	0	0	0	0	0	0	0	0	0	0	0	0.0416667	0.466667	0.475	0.416667	0.208333	0.0166667	0	0	0	0	0	0	0	0	0	0	0	0	0	0	0	0	0	0	0	0	0	0.05	1
35000	0.920792	0.00990099	0	0	0	0	0	0	0	0	0	0	0	0	0	0	0	0	0	0	0	0.029703	0.554455	0.564356	0.524752	0.287129	0.039604	0	0	0	0	0	0	0	0	0	0	0	0	0	0	0	0	0	0	0	0	0	0.029703	1
36000	0.848485	0.020202	0	0	0	0	0	0	0	0	0	0	0	0	0	0	0	0	0	0	0	0	0.565657	0.575758	0.606061	0.343434	0.040404	0	0	0	0	0	0	0	0	0	0	0	0	0	0	0	0	0	0	0	0	0	0.040404	1
37000	0.752475	0.019802	0	0	0	0	0	0	0	0	0	0	0	0	0	0	0	0	0	0	0	0	0.524752	0.564356	0.643564	0.376238	0.049505	0	0	0	0	0	0	0	0	0	0	0	0	0	0	0	0	0	0	0	0	0	0.029703	1
38000	1	0.0462963	0	0	0	0	0	0	0	0	0	0	0	0	0	0	0	0	0	0	0	0	0.388889	0.527778	0.601852	0.37963	0.0462963	0	0	0	0	0	0	0	0	0	0	0	0	0	0	0	0	0	0	0	0	0	0.00925926	0.703704
39000	1	0.00925926	0	0	0	0	0	0	0	0	0	0	0	0	0	0	0	0	0	0	0	0	0.351852	0.527778	0.601852	0.388889	0.0462963	0	0	0	0	0	0	0	0	0	0	0	0	0	0	0	0	0	0	0	0	0	0.0277778	0.75
40000	0.902174	0.076087	0	0	0	0	0	0	0	0	0	0	0	0	0	0	0	0	0	0	0	0	0.347826	0.619565	0.771739	0.48913	0.0652174	0	0	0	0	0	0	0	0	0	0	0	0	0	0	0	0	0	0	0	0	0	0.076087	1
41000	0.737864	0.00970874	0	0	0	0	0	0	0	0	0	0	0	0	0	0	0	0	0	0	0	0	0.300971	0.563107	0.699029	0.436893	0.0582524	0	0	0	0	0	0	0	0	0	0	0	0	0	0	0	0	0	0	0	0	0	0.0776699	1
42000	0.782178	0.039604	0	0	0	0	0	0	0	0	0	0	0	0	0	0	0	0	0	0	0	0	0.267327	0.584158	0.732673	0.485149	0.0594059	0	0	0	0	0	0	0	0	0	0	0	0	0	0	0	0	0	0	0	0	0	0.00990099	1
43000	0.803922	0.0392157	0	0	0	0	0	0	0	0	0	0	0	0	0	0	0	0	0	0	0	0	0.196078	0.578431	0.72549	0.480392	0.0588235	0	0	0	0	0	0	0	0	0	0	0	0	0	0	0	0	0	0	0	0	0	0.0392157	1
44000	1	0.0190476	0	0	0	0	0	0	0	0	0	0	0	0	0	0	0	0	0	0	0	0	0.171429	0.561905	0.704762	0.466667	0.0571429	0	0	0	0	0	0	0	0	0	0	0	0	0	0	0	0	0	0	0	0	0	0.0285714	0.8
45000	0.897959	0.0408163	0	0	0	0	0	0	0	0	0	0	0	0	0	0	0	0	0	0	0	0	0.163265	0.602041	0.765306	0.520408	0.0612245	0	0	0	0	0	0	0	0	0	0	0	0	0	0	0	0	0	0	0	0	0	0.0306122	1
46000	0.763636	0	0	0	0	0	0	0	0	0	0	0	0	0	0	0	0	0	0	0	0	0	0.1	0.536364	0.7	0.472727	0.0545455	0	0	0	0	0	0	0	0	0	0	0	0	0	0	0	0	0	0	0	0	0	0.00909091	1
47000	0.747664	0.00934579	0	0	0	0	0	0	0	0	0	0	0	0	0	0	0	0	0	0	0	0	0.0560748	0.551402	0.728972	0.495327	0.0560748	0	0	0	0	0	0	0	0	0	0	0	0	0	0	0	0	0	0	0	0	0	0.0934579	1
48000	0.931373	0	0	0	0	0	0	0	0	0	0	0	0	0	0	0	0	0	0	0	0	0	0.0294118	0.578431	0.77451	0.529412	0.0588235	0	0	0	0	0	0	0	0	0	0	0	0	0	0	0	0	0	0	0	0	0	0.0196078	1
49000	1	0	0	0	0	0	0	0	0	0	0	0	0	0	0	0	0	0	0	0	0	0	0.00826446	0.46281	0.669421	0.446281	0.0495868	0	0	0	0	0	0	0	0	0	0	0	0	0	0	0	0	0	0	0	0	0	0.00826446	0.661157
50000	1	0.00943396	0	0	0	0	0	0	0	0	0	0	0	0	0	0	0	0	0	0	0	0	0	0.481132	0.792453	0.528302	0.0566038	0	0	0	0	0	0	0	0	0	0	0	0	0	0	0	0	0	0	0	0	0	0.0188679	0.886792
51000	1	0	0	0	0	0	0	0	0	0	0	0	0	0	0	0	0	0	0	0	0	0	0	0.477064	0.788991	0.522936	0.0550459	0	0	0	0	0	0	0	0	0	0	0	0	0	0	0	0	0	0	0	0	0	0.00917431	0.816514
52000	0.989691	0.0103093	0	0	0	0	0	0	0	0	0	0	0	0	0	0	0	0	0	0	0	0	0	0.536082	0.896907	0.597938	0.0618557	0	0	0	0	0	0	0	0	0	0	0	0	0	0	0	0	0	0	0	0	0	0.0309278	1
53000	0.817308	0.0192308	0	0	0	0	0	0	0	0	0	0	0	0	0	0	0	0	0	0	0	0	0	0.451923	0.865385	0.576923	0.0576923	0	0	0	0	0	0	0	0	0	0	0	0	0	0	0	0	0	0	0	0	0.00961538	0.0480769	1
54000	0.75	0	0	0	0	0	0	0	0	0	0	0	0	0	0	0	0	0	0	0	0	0	0	0.435185	0.851852	0.564815	0.0555556	0	0	0	0	0	0	0	0	0	0	0	0	0	0	0	0	0	0	0	0	0	0.0462963	1
55000	1	0.0288462	0	0	0	0	0	0	0	0	0	0	0	0	0	0	0	0	0	0	0	0	0	0.451923	0.884615	0.596154	0.0480769	0	0	0	0	0	0	0	0	0	0	0	0	0	0	0	0	0	0	0	0	0.00961538	0.0288462	0.798077
56000	0.823529	0.0196078	0	0	0	0	0	0	0	0	0	0	0	0	0	0	0	0	0	0	0	0	0	0.45098	0.921569	0.627451	0.0490196	0	0	0	0	0	0	0	0	0	0	0	0	0	0	0	0	0	0	0	0	0	0.0294118	1
57000	0.938776	0.0408163	0	0	0	0	0	0	0	0	0	0	0	0	0	0	0	0	0	0	0	0	0	0.408163	0.959184	0.673469	0.0510204	0	0	0	0	0	0	0	0	0	0	0	0	0	0	0	0	0	0	0	0	0	0.0102041	1
58000	0.553719	0	0	0	0	0	0	0	0	0	0	0	0	0	0	0	0	0	0	0	0	0	0	0.330579	0.77686	0.553719	0.0413223	0	0	0	0	0	0	0	0	0	0	0	0	0	0	0	0	0	0	0	0	0	0.0495868	1
59000	1	0.0103093	0	0	0	0	0	0	0	0	0	0	0	0	0	0	0	0	0	0	0	0	0	0.402062	0.969072	0.701031	0.0515464	0	0	0	0	0	0	0	0	0	0	0	0	0	0	0	0	0	0	0	0	0	0.0309278	0.958763
60000	0.714286	0.00892857	0	0	0	0	0	0	0	0	0	0	0	0	0	0	0	0	0	0	0	0	0	0.3125	0.848214	0.616071	0.0446429	0	0	0	0	0	0	0	0	0	0	0	0	0	0	0	0	0	0	0	0	0	0.0267857	1
61000	0.948454	0.0309278	0	0	0	0	0	0	0	0	0	0	0	0	0	0	0	0	0	0	0	0	0	0.360825	1	0.71134	0.0515464	0	0	0	0	0	0	0	0	0	0	0	0	0	0	0	0	0	0	0	0	0	0.0309278	0.989691
62000	0.94898	0.0204082	0	0	0	0	0	0	0	0	0	0	0	0	0	0	0	0	0	0	0	0	0	0.357143	1	0.704082	0.0510204	0	0	0	0	0	0	0	0	0	0	0	0	0	0	0	0	0	0	0	0	0	0	1
63000	1	0.02	0	0	0	0	0	0	0	0	0	0	0	0	0	0	0	0	0	0	0	0	0	0.31	0.98	0.69	0.05	0	0	0	0	0	0	0	0	0	0	0	0	0	0	0	0	0	0	0	0	0	0.01	0.94
64000	1	0.0462963	0	0	0	0	0	0	0	0	0	0	0	0	0	0	0	0	0	0	0	0	0	0.277778	0.907407	0.638889	0.0555556	0	0	0	0	0	0	0	0	0	0	0	0	0	0	0	0	0	0	0	0	0	0.0277778	0.75
65000	1	0.00990099	0	0	0	0	0	0	0	0	0	0	0	0	0	0	0	0	0	0	0	0	0	0.287129	0.980198	0.683168	0.0594059	0	0	0	0	0	0	0	0	0	0	0	0	0	0	0	0	0	0	0	0	0.00990099	0.039604	0.891089
66000	0.684211	0.00877193	0	0	0	0	0	0	0	0	0	0	0	0	0	0	0	0	0	0	0	0	0	0.254386	0.877193	0.605263	0.0614035	0	0	0	0	0	0	0	0	0	0	0	0	0	0	0	0	0	0	0	0	0	0.0175439	1
67000	0.465116	0.0155039	0	0	0	0	0	0	0	0	0	0	0	0	0	0	0	0	0	0	0	0	0	0.217054	0.775194	0.550388	0.0542636	0	0	0	0	0	0	0	0	0	0	0	0	0	0	0	0	0	0	0	0	0	0.0232558	1
68000	0.828571	0.00952381	0	0	0	0	0	0	0	0	0	0	0	0	0	0	0	0	0	0	0	0	0	0.257143	0.961905	0.67619	0.0666667	0	0	0	0	0	0	0	0	0	0	0	0	0	0	0	0	0	0	0	0	0	0.00952381	1
69000	0.941176	0.0196078	0	0	0	0	0	0	0	0	0	0	0	0	0	0	0	0	0	0	0	0	0	0.27451	1	0.696078	0.0686275	0	0	0	0	0	0	0	0	0	0	0	0	0	0	0	0	0	0	0	0	0	0.0196078	0.901961
70000	0.883495	0.0194175	0.00970874	0	0	0	0	0	0	0	0	0	0	0	0	0	0	0	0	0	0	0	0	0.242718	1	0.68932	0.0679612	0	0	0	0	0	0	0	0	0	0	0	0	0	0	0	0	0	0	0	0	0	0.0194175	0.951456
71000	0.819048	0.0380952	0.00952381	0	0	0	0	0	0	0	0	0	0	0	0	0	0	0	0	0	0	0	0	0.209524	0.990476	0.67619	0.0666667	0	0	0	0	0	0	0	0	0	0	0	0	0	0	0	0	0	0	0	0	0	0	1
72000	0.732143	0.00892857	0	0	0	0	0	0	0	0	0	0	0	0	0	0	0	0	0	0	0	0	0	0.1875	0.9375	0.633929	0.0535714	0	0	0	0	0	0	0	0	0	0	0	0	0	0	0	0	0	0	0	0	0	0.0178571	1
73000	1	0.0344828	0	0	0	0	0	0	0	0	0	0	0	0	0	0	0	0	0	0	0	0	0	0.181034	0.905172	0.612069	0.0517241	0	0	0	0	0	0	0	0	0	0	0	0	0	0	0	0	0	0	0	0	0	0.0344828	0.62931
74000	0.867925	0.00943396	0	0	0	0	0	0	0	0	0	0	0	0	0	0	0	0	0	0	0	0	0	0.179245	1	0.669811	0.0566038	0	0	0	0	0	0	0	0	0	0	0	0	0	0	0	0	0	0	0	0	0	0.00943396	0.981132
75000	1	0	0	0	0	0	0	0	0	0	0	0	0	0	0	0	0	0	0	0	0	0	0	0.147541	0.868852	0.581967	0.0491803	0	0	0	0	0	0	0	0	0	0	0	0	0	0	0	0	0	0	0	0	0	0.0163934	0.614754
76000	1	0	0	0	0	0	0	0	0	0	0	0	0	0	0	0	0	0	0	0	0	0	0	0.145455	0.963636	0.645455	0.0545455	0	0	0	0	0	0	0	0	0	0	0	0	0	0	0	0	0	0	0	0	0	0.00909091	0.818182
77000	1	0	0	0	0	0	0	0	0	0	0	0	0	0	0	0	0	0	0	0	0	0	0	0.141593	0.946903	0.637168	0.0442478	0	0	0	0	0	0	0	0	0	0	0	0	0	0	0	0	0	0	0	0	0	0.00884956	0.761062
78000	1	0.00884956	0	0	0	0	0	0	0	0	0	0	0	0	0	0	0	0	0	0	0	0	0	0.141593	0.946903	0.654867	0.0442478	0	0	0	0	0	0	0	0	0	0	0	0	0	0	0	0	0	0	0	0	0	0.0353982	0.707965
79000	0.990654	0.0280374	0	0	0	0	0	0	0	0	0	0	0	0	0	0	0	0	0	0	0	0	0	0.130841	1	0.691589	0.046729	0	0	0	0	0	0	0	0	0	0	0	0	0	0	0	0	0	0	0	0	0	0.0186916	0.831776
80000	0.437037	0	0	0	0	0	0	0	0	0	0	0	0	0	0	0	0	0	0	0	0	0	0	0.103704	0.8	0.548148	0.037037	0	0	0	0	0	0	0	0	0	0	0	0	0	0	0	0	0	0	0	0	0	0.037037	1
81000	0.745455	0	0	0	0	0	0	0	0	0	0	0	0	0	0	0	0	0	0	0	0	0	0	0.127273	0.981818	0.672727	0.0454545	0	0	0	0	0	0	0	0	0	0	0	0	0	0	0	0	0	0	0	0	0.00909091	0.0545455	1
82000	0.743363	0	0	0	0	0	0	0	0	0	0	0	0	0	0	0	0	0	0	0	0	0	0	0.115044	0.964602	0.663717	0.0442478	0	0	0	0	0	0	0	0	0	0	0	0	0	0	0	0	0	0	0	0	0	0.00884956	1
83000	1	0.0183486	0	0	0	0	0	0	0	0	0	0	0	0	0	0	0	0	0	0	0	0	0	0.110092	1	0.688073	0.0458716	0	0	0	0	0	0	0	0	0	0	0	0	0	0	0	0	0	0	0	0	0	0.00917431	0.798165
84000	0.899083	0.0275229	0	0	0	0	0	0	0	0	0	0	0	0	0	0	0	0	0	0	0	0	0	0.110092	1	0.688073	0.0458716	0	0	0	0	0	0	0	0	0	0	0	0	0	0	0	0	0	0	0	0	0	0.0183486	0.880734
85000	0.93578	0.0366972	0	0	0	0	0	0	0	0	0	0	0	0	0	0	0	0	0	0	0	0	0	0.110092	1	0.688073	0.0366972	0	0	0	0	0	0	0	0	0	0	0	0	0	0	0	0	0	0	0	0	0	0.00917431	0.853211
86000	0.87156	0.00917431	0	0	0	0	0	0	0	0	0	0	0	0	0	0	0	0	0	0	0	0	0	0.110092	1	0.688073	0.0458716	0	0	0	0	0	0	0	0	0	0	0	0	0	0	0	0	0	0	0	0	0	0	0.944954
87000	0.908257	0.00917431	0	0	0	0	0	0	0	0	0	0	0	0	0	0	0	0	0	0	0	0	0	0.110092	1	0.688073	0.0458716	0	0	0	0	0	0	0	0	0	0	0	0	0	0	0	0	0	0	0	0	0	0.0275229	0.880734
88000	0.72807	0.0350877	0	0	0	0	0	0	0	0	0	0	0	0	0	0	0	0	0	0	0	0	0	0.0877193	0.95614	0.657895	0.0438596	0	0	0	0	0	0	0	0	0	0	0	0	0	0	0	0	0	0	0	0	0	0	1
89000	0.669492	0	0	0	0	0	0	0	0	0	0	0	0	0	0	0	0	0	0	0	0	0	0	0.0847458	0.940678	0.644068	0.0423729	0	0	0	0	0	0	0	0	0	0	0	0	0	0	0	0	0	0	0	0	0	0.00847458	1
90000	0.666667	0.00877193	0	0	0	0	0	0	0	0	0	0	0	0	0	0	0	0	0	0	0	0	0	0.0877193	0.973684	0.666667	0.0438596	0	0	0	0	0	0	0	0	0	0	0	0	0	0	0	0	0	0	0	0	0.00877193	0.0526316	1
91000	0.850877	0	0	0	0	0	0	0	0	0	0	0	0	0	0	0	0	0	0	0	0	0	0	0.0877193	1	0.675439	0.0438596	0	0	0	0	0	0	0	0	0	0	0	0	0	0	0	0	0	0	0	0	0	0.00877193	0.842105
92000	0.885965	0.0175439	0	0	0	0	0	0	0	0	0	0	0	0	0	0	0	0	0	0	0	0	0	0.0789474	1	0.675439	0.0438596	0	0	0	0	0	0	0	0	0	0	0	0	0	0	0	0	0	0	0	0	0	0.00877193	0.798246
93000	0.713043	0.0347826	0	0	0	0	0	0	0	0	0	0	0	0	0	0	0	0	0	0	0	0	0	0.0782609	1	0.669565	0.0434783	0	0	0	0	0	0	0	0	0	0	0	0	0	0	0	0	0	0	0	0	0	0.026087	0.913043
94000	0.818966	0.0172414	0	0	0	0	0	0	0	0	0	0	0	0	0	0	0	0	0	0	0	0	0	0.0775862	1	0.663793	0.0431034	0	0	0	0	0	0	0	0	0	0	0	0	0	0	0	0	0	0	0	0	0	0.00862069	0.818966
95000	0.880342	0.025641	0	0	0	0	0	0	0	0	0	0	0	0	0	0	0	0	0	0	0	0	0	0.0598291	1	0.666667	0.0512821	0	0	0	0	0	0	0	0	0	0	0	0	0	0	0	0	0	0	0	0	0	0	0.735043
96000	0.811966	0.00854701	0	0	0	0	0	0	0	0	0	0	0	0	0	0	0	0	0	0	0	0	0	0.0512821	1	0.666667	0.0512821	0	0	0	0	0	0	0	0	0	0	0	0	0	0	0	0	0	0	0	0	0	0.017094	0.811966
97000	0.846154	0.00854701	0	0	0	0	0	0	0	0	0	0	0	0	0	0	0	0	0	0	0	0	0	0.042735	1	0.666667	0.042735	0	0	0	0	0	0	0	0	0	0	0	0	0	0	0	0	0	0	0	0	0	0.017094	0.794872
98000	0.675214	0	0	0	0	0	0	0	0	0	0	0	0	0	0	0	0	0	0	0	0	0	0	0.042735	1	0.666667	0.042735	0	0	0	0	0	0	0	0	0	0	0	0	0	0	0	0	0	0	0	0	0	0	0.991453
99000	0.697479	0	0	0	0	0	0	0	0	0	0	0	0	0	0	0	0	0	0	0	0	0	0	0.0420168	1	0.655462	0.0420168	0	0	0	0	0	0	0	0	0	0	0	0	0	0	0	0	0	0	0	0	0	0.00840336	0.915966
100000	0.689076	0.0168067	0	0	0	0	0	0	0	0	0	0	0	0	0	0	0	0	0	0	0	0	0	0.0336134	1	0.655462	0.0420168	0	0	0	0	0	0	0	0	0	0	0	0	0	0	0	0	0	0	0	0	0	0.00840336	0.915966
