	0	0.02	0.04	0.06	0.08	0.1	0.12	0.14	0.16	0.18	0.2	0.22	0.24	0.26	0.28	0.3	0.32	0.34	0.36	0.38	0.4	0.42	0.44	0.46	0.48	0.5	0.52	0.54	0.56	0.58	0.6	0.62	0.64	0.66	0.68	0.7	0.72	0.74	0.76	0.78	0.8	0.82	0.84	0.86	0.88	0.9	0.92	0.94	0.96	0.98
1000	0	0	0	0	0	0	0	0	0	0	0	0	0	0.0454545	0.227273	0.25	0.159091	0.113636	0.181818	0.386364	0.340909	0.681818	0.931818	0.659091	1	0.0681818	0.840909	0.909091	0.5	0.590909	0.204545	0.0681818	0.113636	0.0909091	0.386364	0.318182	0.0227273	0	0	0	0	0	0	0	0	0	0	0	0	0
2000	0	0	0	0	0	0	0	0	0	0	0	0	0.121951	0.560976	0.487805	0.292683	0.170732	0.121951	0.195122	0.414634	0.365854	0.731707	1	0.707317	0.0731707	0	0.292683	0.97561	0.536585	0.634146	0.219512	0.0731707	0.121951	0.097561	0.439024	0.756098	0.365854	0	0	0	0	0	0	0	0	0	0	0	0	0
3000	0	0	0	0	0	0	0	0	0	0	0.127273	0.6	0.618182	0.763636	0.381818	0.218182	0.127273	0.0909091	0.145455	0.309091	0.272727	0.327273	0	0	0	0	0	0	0.0181818	0.472727	0.163636	0.0545455	0.0909091	0.0727273	0.327273	0.8	1	0.290909	0	0	0	0	0	0	0	0	0	0	0	0
4000	0	0	0	0	0	0	0	0	0.0144928	0.0869565	0.637681	0.971014	0.652174	0.608696	0.275362	0	0	0	0	0	0	0	0	0	0	0	0	0	0	0	0	0	0	0	0.115942	0.637681	1	0.768116	0.0289855	0	0	0	0	0	0	0	0	0	0	0
5000	0	0	0	0	0	0	0	0.0123457	0.0617284	0.358025	0.876543	0.91358	0.54321	0.0617284	0	0	0	0	0	0	0	0	0	0	0	0	0	0	0	0	0	0	0	0	0	0.0740741	0.864198	1	0.17284	0	0	0	0	0	0	0	0	0	0	0
6000	0	0	0	0	0	0.0102041	0.0204082	0.153061	0.408163	0.469388	0.816327	0.663265	0	0	0	0	0	0	0	0	0	0	0	0	0	0	0	0	0	0	0	0	0	0	0	0	0.244898	1	0.27551	0.0204082	0	0	0	0	0	0	0	0	0	0
7000	0	0	0	0.030303	0.222222	0.59596	0.323232	0.30303	0.454545	0.373737	0.030303	0	0	0	0	0	0	0	0	0	0	0	0	0	0	0	0	0	0	0	0	0	0	0	0	0	0.10101	1	0.505051	0.10101	0	0	0	0	0	0	0	0	0	0
8000	0	0.0945946	0.324324	0.540541	0.743243	1	0.364865	0	0	0	0	0	0	0	0	0	0	0	0	0	0	0	0	0	0	0	0	0	0	0	0	0	0	0	0	0	0	0.878378	0.959459	0.472973	0.027027	0	0	0	0	0	0	0	0	0
9000	0.468354	0.746835	0.810127	0.607595	0.164557	0	0	0	0	0	0	0	0	0	0	0	0	0	0	0	0	0	0	0	0	0	0	0	0	0	0	0	0	0	0	0	0	0	1	0.974684	0.291139	0	0	0	0	0	0	0	0	0
10000	1	0.468354	0.0253165	0	0	0	0	0	0	0	0	0	0	0	0	0	0	0	0	0	0	0	0	0	0	0	0	0	0	0	0	0	0	0	0	0	0	0	0.316456	0.56962	0.14557	0.00632911	0	0	0	0	0	0	0	0
11000	1	0.0325581	0	0	0	0	0	0	0	0	0	0	0	0	0	0	0	0	0	0	0	0	0	0	0	0	0	0	0	0	0	0	0	0	0	0	0	0	0.0697674	0.44186	0.265116	0.0511628	0	0	0	0	0	0	0	0
12000	1	0.0172414	0	0	0	0	0	0	0	0	0	0	0	0	0	0	0	0	0	0	0	0	0	0	0	0	0	0	0	0	0	0	0	0	0	0	0	0	0	0.107759	0.375	0.211207	0.012931	0	0	0	0	0	0	0
13000	1	0.00487805	0	0	0	0	0	0	0	0	0	0	0	0	0	0	0	0	0	0	0	0	0	0	0	0	0	0	0	0	0	0	0	0	0	0	0	0	0	0.0439024	0.468293	0.380488	0.0536585	0	0	0	0	0	0	0
14000	1	0.00980392	0	0	0	0	0	0	0	0	0	0	0	0	0	0	0	0	0	0	0	0	0	0	0	0	0	0	0	0	0	0	0	0	0	0	0	0	0	0	0.411765	0.465686	0.0735294	0	0	0	0	0	0	0
15000	1	0	0	0	0	0	0	0	0	0	0	0	0	0	0	0	0	0	0	0	0	0	0	0	0	0	0	0	0	0	0	0	0	0	0	0	0	0	0	0	0.127451	0.578431	0.25	0.00490196	0	0	0	0	0	0
16000	1	0.00526316	0	0	0	0	0	0	0	0	0	0	0	0	0	0	0	0	0	0	0	0	0	0	0	0	0	0	0	0	0	0	0	0	0	0	0	0	0	0	0	0.584211	0.421053	0.0736842	0.0210526	0	0	0	0	0
17000	1	0.00598802	0	0	0	0	0	0	0	0	0	0	0	0	0	0	0	0	0	0	0	0	0	0	0	0	0	0	0	0	0	0	0	0	0	0	0	0	0	0	0	0.197605	0.526946	0.155689	0.0778443	0.125749	0.137725	0.11976	0.0419162	0.00598802
18000	1	0	0	0	0	0	0	0	0	0	0	0	0	0	0	0	0	0	0	0	0	0	0	0	0	0	0	0	0	0	0	0	0	0	0	0	0	0	0	0	0	0	0	0	0	0.00990099	0.118812	0.148515	0.222772	0.480198
19000	1	0.0318182	0	0	0	0	0	0	0	0	0	0	0	0	0	0	0	0	0	0	0	0	0	0	0	0	0	0	0	0	0	0	0	0	0	0	0	0	0	0	0	0	0	0	0	0	0	0.0136364	0.209091	0.563636
20000	1	0.0541872	0	0	0	0	0	0	0	0	0	0	0	0	0	0	0	0	0	0	0	0	0	0	0	0	0	0	0	0	0	0	0	0	0	0	0	0	0	0	0	0	0	0	0	0	0.0492611	0.118227	0.29064	0.458128
21000	1	0.0987654	0.0493827	0.00617284	0	0	0	0	0	0	0	0	0	0	0	0	0	0	0	0	0	0	0	0	0	0	0	0	0	0	0	0	0	0	0	0	0	0	0	0	0	0	0	0	0	0.0308642	0.388889	0.283951	0.209877	0.401235
22000	0.435484	0.16129	0.298387	0.233871	0.0564516	0.00806452	0	0	0	0	0	0	0	0	0	0	0	0	0	0	0	0	0	0	0	0	0	0	0	0	0	0	0	0	0	0	0	0	0	0	0	0	0	0	0	0.451613	1	0.419355	0.016129	0.145161
23000	0	0	0.0769231	0.367521	0.222222	0.162393	0.384615	0.136752	0.0854701	0	0	0	0	0	0	0	0	0	0	0	0	0	0	0	0	0	0	0	0	0	0	0	0	0	0	0	0	0	0	0	0	0	0	0.034188	0.205128	1	0.74359	0	0	0
24000	0	0.0212766	0.0425532	0.0425532	0.12766	0.404255	0.861702	0.393617	0.329787	0.0212766	0	0	0	0	0	0	0	0	0	0	0	0	0	0	0	0	0	0	0	0	0	0	0	0	0	0	0	0	0	0	0	0	0.0319149	0.276596	0.638298	1	0.0638298	0	0	0
25000	0	0	0	0	0.172414	0.563218	0.988506	0.333333	0.356322	0.16092	0.0229885	0	0	0	0	0	0	0	0	0	0	0	0	0	0	0	0	0	0	0	0	0	0	0	0	0	0	0	0	0	0	0.0229885	0.137931	0.551724	1	0.287356	0	0	0	0
26000	0	0	0	0	0	0.0689655	0.62069	0.436782	0.655172	0.45977	0.091954	0.045977	0	0	0	0	0	0	0	0	0	0	0	0	0	0	0	0	0	0	0	0	0	0	0	0	0	0	0	0	0.0114943	0.16092	0.54023	1	0.505747	0	0	0	0	0
27000	0	0	0	0.0121951	0.0487805	0.231707	0.780488	0.45122	0.719512	0.304878	0.0121951	0	0	0	0	0	0	0	0	0	0	0	0	0	0	0	0	0	0	0	0	0	0	0	0	0	0	0	0	0	0.0121951	0.243902	0.658537	1	0.402439	0	0	0	0	0
28000	0	0	0	0	0	0.043956	0.802198	0.648352	0.67033	0.142857	0.021978	0	0	0	0	0	0	0	0	0	0	0	0	0	0	0	0	0	0	0	0	0	0	0	0	0	0	0	0	0	0	0.142857	1	0.912088	0.010989	0	0	0	0	0
29000	0	0	0	0	0	0	0.0620155	0.348837	0.666667	0.310078	0.124031	0	0	0	0	0	0	0	0	0	0	0	0	0	0	0	0	0	0	0	0	0	0	0	0	0	0	0	0	0	0.0155039	0.387597	1	0.186047	0	0	0	0	0	0
30000	0	0	0	0	0.0148148	0.0666667	0.214815	0.503704	0.659259	0.177778	0	0	0	0	0	0	0	0	0	0	0	0	0	0	0	0	0	0	0	0	0	0	0	0	0	0	0	0	0	0	0	0.125926	1	0.2	0	0	0	0	0	0
31000	0	0	0	0	0	0	0.0394737	0.513158	0.657895	0.0526316	0.00657895	0	0	0	0	0	0	0	0	0	0	0	0	0	0	0	0	0	0	0	0	0	0	0	0	0	0	0	0	0	0	0.276316	1	0.0855263	0	0	0	0	0	0
32000	0	0	0	0	0	0	0	0.191489	1	0.191489	0.0567376	0	0	0	0	0	0	0	0	0	0	0	0	0	0	0	0	0	0	0	0	0	0	0	0	0	0	0	0	0	0.035461	0.574468	0.787234	0	0	0	0	0	0	0
33000	0	0	0	0	0	0	0	0.16129	1	0.167742	0.0322581	0	0	0	0	0	0	0	0	0	0	0	0	0	0	0	0	0	0	0	0	0	0	0	0	0	0	0	0	0	0.0516129	0.580645	0.587097	0	0	0	0	0	0	0
34000	0	0	0	0	0	0	0.00653595	0.228758	1	0.0522876	0	0	0	0	0	0	0	0	0	0	0	0	0	0	0	0	0	0	0	0	0	0	0	0	0	0	0	0	0	0	0.0130719	0.575163	0.718954	0.0196078	0	0	0	0	0	0
35000	0	0	0	0	0	0	0.0977444	0.548872	0.917293	0.0075188	0	0	0	0	0	0	0	0	0	0	0	0	0	0	0	0	0	0	0	0	0	0	0	0	0	0	0	0	0	0	0	0.37594	1	0.0601504	0	0	0	0	0	0
36000	0	0	0	0	0	0.00763359	0.10687	0.70229	0.763359	0.00763359	0	0	0	0	0	0	0	0	0	0	0	0	0	0	0	0	0	0	0	0	0	0	0	0	0	0	0	0	0	0	0	0.450382	1	0.0152672	0	0	0	0	0	0
37000	0	0	0	0	0	0	0	0.321429	1	0.0785714	0.00714286	0	0	0	0	0	0	0	0	0	0	0	0	0	0	0	0	0	0	0	0	0	0	0	0	0	0	0	0	0	0.00714286	0.792857	0.65	0	0	0	0	0	0	0
38000	0	0	0	0	0	0	0	0.0559441	0.937063	0.314685	0.0839161	0	0	0	0	0	0	0	0	0	0	0	0	0	0	0	0	0	0	0	0	0	0	0	0	0	0	0	0	0	0.0769231	1	0.328671	0	0	0	0	0	0	0
39000	0	0	0	0	0	0	0	0.0413793	0.875862	0.324138	0.103448	0.0137931	0	0	0	0	0	0	0	0	0	0	0	0	0	0	0	0	0	0	0	0	0	0	0	0	0	0	0	0.00689655	0.124138	1	0.268966	0	0	0	0	0	0	0
40000	0	0	0	0	0	0	0	0.133333	0.946667	0.146667	0	0	0	0	0	0	0	0	0	0	0	0	0	0	0	0	0	0	0	0	0	0	0	0	0	0	0	0	0	0	0	1	0.44	0	0	0	0	0	0	0
41000	0	0	0	0	0	0	0.034965	0.27972	1	0.027972	0	0	0	0	0	0	0	0	0	0	0	0	0	0	0	0	0	0	0	0	0	0	0	0	0	0	0	0	0	0	0	0.839161	0.608392	0.00699301	0	0	0	0	0	0
42000	0	0	0	0	0	0	0.00675676	0.391892	1	0.0472973	0	0	0	0	0	0	0	0	0	0	0	0	0	0	0	0	0	0	0	0	0	0	0	0	0	0	0	0	0	0	0.00675676	0.817568	0.432432	0	0	0	0	0	0	0
43000	0	0	0	0	0	0	0	0.0709677	1	0.16129	0.0193548	0	0	0	0	0	0	0	0	0	0	0	0	0	0	0	0	0	0	0	0	0	0	0	0	0	0	0	0	0	0.0516129	1	0.277419	0	0	0	0	0	0	0
44000	0	0	0	0	0	0	0	0.0238095	0.803571	0.309524	0.0535714	0	0	0	0	0	0	0	0	0	0	0	0	0	0	0	0	0	0	0	0	0	0	0	0	0	0	0	0	0.00595238	0.107143	1	0.077381	0	0	0	0	0	0	0
45000	0	0	0	0	0	0	0	0.05	0.925	0.2875	0.025	0	0	0	0	0	0	0	0	0	0	0	0	0	0	0	0	0	0	0	0	0	0	0	0	0	0	0	0	0.00625	0.14375	1	0.0625	0	0	0	0	0	0	0
46000	0	0	0	0	0	0	0	0.0697674	0.976744	0.0988372	0	0	0	0	0	0	0	0	0	0	0	0	0	0	0	0	0	0	0	0	0	0	0	0	0	0	0	0	0	0.00581395	0.104651	1	0.0697674	0	0	0	0	0	0	0
47000	0	0	0	0	0	0.0103093	0.0154639	0.108247	0.78866	0.00515464	0	0	0	0	0	0	0	0	0	0	0	0	0	0	0	0	0	0	0	0	0	0	0	0	0	0	0	0	0	0	0.0257732	1	0.108247	0	0	0	0	0	0	0
48000	0	0	0	0.0124224	0.0807453	0.118012	0.10559	0.242236	0.757764	0	0	0	0	0	0	0	0	0	0	0	0	0	0	0	0	0	0	0	0	0	0	0	0	0	0	0	0	0	0	0	0.00621118	1	0.161491	0	0	0	0	0	0	0
49000	0	0.00877193	0.0789474	0.184211	0.324561	0.508772	0.298246	0.350877	0.447368	0	0	0	0	0	0	0	0	0	0	0	0	0	0	0	0	0	0	0	0	0	0	0	0	0	0	0	0	0	0	0	0.00877193	1	0.289474	0.00877193	0	0	0	0	0	0
50000	0.25	0.229167	0.510417	0.53125	0.510417	0.520833	0.0104167	0	0	0	0	0	0	0	0	0	0	0	0	0	0	0	0	0	0	0	0	0	0	0	0	0	0	0	0	0	0	0	0	0	0	1	0.520833	0.0833333	0	0	0	0	0	0
51000	1	0.229412	0	0	0	0	0	0	0	0	0	0	0	0	0	0	0	0	0	0	0	0	0	0	0	0	0	0	0	0	0	0	0	0	0	0	0	0	0	0	0	0.364706	0.523529	0.223529	0.0117647	0	0	0	0	0
52000	1	0.037037	0	0	0	0	0	0	0	0	0	0	0	0	0	0	0	0	0	0	0	0	0	0	0	0	0	0	0	0	0	0	0	0	0	0	0	0	0	0	0	0	0.342593	0.384259	0.087963	0	0	0	0	0
53000	1	0.0233645	0	0	0	0	0	0	0	0	0	0	0	0	0	0	0	0	0	0	0	0	0	0	0	0	0	0	0	0	0	0	0	0	0	0	0	0	0	0	0	0	0.0514019	0.476636	0.303738	0.0140187	0	0	0	0
54000	1	0	0	0	0	0	0	0	0	0	0	0	0	0	0	0	0	0	0	0	0	0	0	0	0	0	0	0	0	0	0	0	0	0	0	0	0	0	0	0	0	0	0	0.374332	0.518717	0.208556	0.0374332	0	0	0
55000	1	0.0193548	0	0	0	0	0	0	0	0	0	0	0	0	0	0	0	0	0	0	0	0	0	0	0	0	0	0	0	0	0	0	0	0	0	0	0	0	0	0	0	0	0	0.0129032	0.625806	0.4	0.329032	0.122581	0.0580645	0.0129032
56000	1	0.0314465	0	0	0	0	0	0	0	0	0	0	0	0	0	0	0	0	0	0	0	0	0	0	0	0	0	0	0	0	0	0	0	0	0	0	0	0	0	0	0	0	0	0	0	0	0.257862	0.194969	0.251572	0.779874
57000	1	0.118919	0.0216216	0.00540541	0	0	0	0	0	0	0	0	0	0	0	0	0	0	0	0	0	0	0	0	0	0	0	0	0	0	0	0	0	0	0	0	0	0	0	0	0	0	0	0	0	0	0.113514	0.210811	0.286486	0.405405
58000	0.869565	0.336957	0.347826	0.25	0.0869565	0.0108696	0	0	0	0	0	0	0	0	0	0	0	0	0	0	0	0	0	0	0	0	0	0	0	0	0	0	0	0	0	0	0	0	0	0	0	0	0	0	0.0108696	0.184783	1	0.73913	0.184783	0.326087
59000	0.0707071	0.010101	0.353535	0.353535	0.444444	0.494949	0.252525	0.0909091	0.040404	0.010101	0	0	0	0	0	0	0	0	0	0	0	0	0	0	0	0	0	0	0	0	0	0	0	0	0	0	0	0	0	0	0	0	0	0.0505051	0.191919	0.656566	1	0.020202	0	0
60000	0	0	0	0	0.0508475	0.559322	0.932203	0.79661	0.677966	0.254237	0.0847458	0.0677966	0.0508475	0.0169492	0	0	0	0	0	0	0	0	0	0	0	0	0	0	0	0	0	0	0	0	0	0	0	0	0	0	0.0169492	0.186441	0.915254	1	0.627119	0.525424	0.0169492	0	0	0
61000	0	0	0	0.0140845	0.183099	0.422535	0.690141	0.830986	0.704225	0.0985915	0	0	0	0	0	0	0	0	0	0	0	0	0	0	0	0	0	0	0	0	0	0	0	0	0	0	0	0	0	0	0.0140845	0.197183	0.943662	1	0.464789	0.056338	0.0140845	0	0	0
62000	0	0	0	0	0	0.18	0.79	0.69	0.25	0.01	0	0	0	0	0	0	0	0	0	0	0	0	0	0	0	0	0	0	0	0	0	0	0	0	0	0	0	0	0	0	0.03	0.38	1	0.67	0	0	0	0	0	0
63000	0	0	0	0	0	0	0.0217391	1	0.934783	0.25	0.0434783	0.0217391	0	0	0	0	0	0	0	0	0	0	0	0	0	0	0	0	0	0	0	0	0	0	0	0	0	0	0	0	0.206522	0.913043	0.956522	0	0	0	0	0	0	0
64000	0	0	0	0	0	0	0	0.0813008	0.853659	0.382114	0.252033	0.0894309	0	0	0	0	0	0	0	0	0	0	0	0	0	0	0	0	0	0	0	0	0	0	0	0	0	0	0	0.0406504	0.439024	1	0.113821	0	0	0	0	0	0	0
65000	0	0	0	0	0	0	0.00813008	0.105691	0.804878	0.398374	0.243902	0.0650407	0	0	0	0	0	0	0	0	0	0	0	0	0	0	0	0	0	0	0	0	0	0	0	0	0	0	0	0.0325203	0.487805	1	0.105691	0	0	0	0	0	0	0
66000	0	0	0	0	0.00689655	0.0344828	0.0827586	0.206897	0.77931	0.255172	0	0	0	0	0	0	0	0	0	0	0	0	0	0	0	0	0	0	0	0	0	0	0	0	0	0	0	0	0	0	0.172414	1	0.22069	0	0	0	0	0	0	0
67000	0	0	0	0	0	0.00621118	0.0993789	0.385093	0.73913	0.0559006	0	0	0	0	0	0	0	0	0	0	0	0	0	0	0	0	0	0	0	0	0	0	0	0	0	0	0	0	0	0	0.0621118	1	0.136646	0	0	0	0	0	0	0
68000	0	0	0.0150376	0.0676692	0.0225564	0.0300752	0.157895	0.533835	0.917293	0.0601504	0	0	0	0	0	0	0	0	0	0	0	0	0	0	0	0	0	0	0	0	0	0	0	0	0	0	0	0	0	0	0.0150376	1	0.18797	0	0	0	0	0	0	0
69000	0.673684	0.263158	0.326316	0.505263	0.0947368	0.0842105	0.221053	0.326316	0	0	0	0	0	0	0	0	0	0	0	0	0	0	0	0	0	0	0	0	0	0	0	0	0	0	0	0	0	0	0	0	0	1	0.621053	0.0947368	0	0	0	0	0	0
70000	1	0.0295567	0	0	0	0	0	0	0	0	0	0	0	0	0	0	0	0	0	0	0	0	0	0	0	0	0	0	0	0	0	0	0	0	0	0	0	0	0	0	0	0.270936	0.477833	0.162562	0.0197044	0.00985222	0	0	0	0
71000	1	0.0149254	0	0	0	0	0	0	0	0	0	0	0	0	0	0	0	0	0	0	0	0	0	0	0	0	0	0	0	0	0	0	0	0	0	0	0	0	0	0	0	0	0.323383	0.288557	0.159204	0.189055	0.0149254	0	0	0
72000	1	0	0	0	0	0	0	0	0	0	0	0	0	0	0	0	0	0	0	0	0	0	0	0	0	0	0	0	0	0	0	0	0	0	0	0	0	0	0	0	0	0	0	0.235294	0.30719	0.575163	0.222222	0.104575	0.0653595	0.104575
73000	1	0.0857143	0.00714286	0	0	0	0	0	0	0	0	0	0	0	0	0	0	0	0	0	0	0	0	0	0	0	0	0	0	0	0	0	0	0	0	0	0	0	0	0	0	0	0	0.0142857	0.35	0.857143	0.335714	0.0928571	0	0.114286
74000	1	0.117647	0.0117647	0	0	0	0	0	0	0	0	0	0	0	0	0	0	0	0	0	0	0	0	0	0	0	0	0	0	0	0	0	0	0	0	0	0	0	0	0	0	0	0.00588235	0.0941176	0.623529	0.388235	0	0.00588235	0	0.105882
75000	1	0.0584795	0.0116959	0	0	0	0	0	0	0	0	0	0	0	0	0	0	0	0	0	0	0	0	0	0	0	0	0	0	0	0	0	0	0	0	0	0	0	0	0	0	0	0.0467836	0.339181	0.695906	0.0292398	0	0	0.0175439	0.140351
76000	1	0.035503	0.0118343	0	0	0	0	0	0	0	0	0	0	0	0	0	0	0	0	0	0	0	0	0	0	0	0	0	0	0	0	0	0	0	0	0	0	0	0	0	0.0177515	0.0769231	0.153846	0.485207	0.35503	0	0	0	0.0118343	0.218935
77000	0.961832	0.0381679	0.00763359	0	0	0	0	0	0	0	0	0	0	0	0	0	0	0	0	0	0	0	0	0	0	0	0	0	0	0	0	0	0	0	0	0	0	0	0	0	0.282443	0.305344	0.244275	0.183206	0	0	0	0	0.0305344	1
78000	1	0.0457516	0.00653595	0	0	0	0	0	0	0	0	0	0	0	0	0	0	0	0	0	0	0	0	0	0	0	0	0	0	0	0	0	0	0	0	0	0	0	0	0.0718954	0.405229	0.176471	0	0	0	0	0	0	0	0.908497
79000	1	0.0466667	0	0	0	0	0	0	0	0	0	0	0	0	0	0	0	0	0	0	0	0	0	0	0	0	0	0	0	0	0	0	0	0	0	0	0	0	0.04	0.386667	0.506667	0.02	0	0	0	0	0	0	0	0.666667
80000	1	0.0141509	0	0	0	0	0	0	0	0	0	0	0	0	0	0	0	0	0	0	0	0	0	0	0	0	0	0	0	0	0	0	0	0	0	0	0	0	0	0	0	0	0	0	0	0	0	0	0.0141509	0.858491
81000	1	0.0666667	0.00512821	0	0	0	0	0	0	0	0	0	0	0	0	0	0	0	0	0	0	0	0	0	0	0	0	0	0	0	0	0	0	0	0	0	0	0	0	0	0	0	0	0	0	0	0	0	0.025641	0.953846
82000	0.908602	0.112903	0.0376344	0.00537634	0	0	0	0	0	0	0	0	0	0	0	0	0	0	0	0	0	0	0	0	0	0	0	0	0	0	0	0	0	0	0	0	0	0	0	0	0	0	0	0	0	0	0	0	0.0860215	1
83000	0.471154	0.0961538	0.144231	0.0721154	0	0	0	0	0	0	0	0	0	0	0	0	0	0	0	0	0	0	0	0	0	0	0	0	0	0	0	0	0	0	0	0	0	0	0	0	0	0	0	0	0	0	0.00961538	0.0240385	0.105769	1
84000	0.141844	0.0851064	0.375887	0.361702	0.0851064	0	0	0	0	0	0	0	0	0	0	0	0	0	0	0	0	0	0	0	0	0	0	0	0	0	0	0	0	0	0	0	0	0	0	0	0	0	0	0	0	0.070922	0.198582	0.234043	0.283688	1
85000	0	0	0	0.458333	0.861111	0.541667	0.166667	0	0	0	0	0	0	0	0	0	0	0	0	0	0	0	0	0	0	0	0	0	0	0	0	0	0	0	0	0	0	0	0	0	0	0	0.0277778	0.0694444	0.513889	1	1	0.597222	0.0833333	0.236111
86000	0	0	0	0	0	0.333333	0.986667	0.28	0.08	0.0266667	0	0	0	0	0	0	0	0	0	0	0	0	0	0	0	0	0	0	0	0	0	0	0	0	0	0	0	0	0	0	0.08	0.306667	0.506667	0.773333	0.933333	1	0.0266667	0	0	0
87000	0	0	0	0	0	0	0.0722892	0.409639	0.662651	0.385542	0.26506	0.0481928	0.0120482	0	0	0	0	0	0	0	0	0	0	0	0	0	0	0	0	0	0	0	0	0	0	0	0	0	0	0.0722892	0.481928	1	0.927711	0.481928	0	0	0	0	0	0
88000	0	0	0	0	0	0	0.0113636	0.329545	0.738636	0.579545	0.477273	0.136364	0	0	0	0	0	0	0	0	0	0	0	0	0	0	0	0	0	0	0	0	0	0	0	0	0	0	0.0681818	0.125	0.693182	1	0.386364	0	0	0	0	0	0	0
89000	0	0	0	0	0	0.00925926	0.138889	0.5	0.777778	0.287037	0	0	0	0	0	0	0	0	0	0	0	0	0	0	0	0	0	0	0	0	0	0	0	0	0	0	0	0	0	0	0.342593	1	0.583333	0.0648148	0	0	0	0	0	0
90000	0	0	0.00884956	0.0265487	0	0.079646	0.353982	0.80531	0.654867	0.0176991	0	0	0	0	0	0	0	0	0	0	0	0	0	0	0	0	0	0	0	0	0	0	0	0	0	0	0	0	0	0	0.0619469	1	0.495575	0.0353982	0	0	0	0	0	0
91000	0	0	0	0	0	0	0.0530303	0.704545	0.734848	0.0378788	0	0	0	0	0	0	0	0	0	0	0	0	0	0	0	0	0	0	0	0	0	0	0	0	0	0	0	0	0	0	0.151515	1	0.348485	0	0	0	0	0	0	0
92000	0	0	0	0	0	0	0.0441176	0.705882	0.720588	0.0294118	0	0	0	0	0	0	0	0	0	0	0	0	0	0	0	0	0	0	0	0	0	0	0	0	0	0	0	0	0	0	0.0514706	1	0.389706	0	0	0	0	0	0	0
93000	0	0	0	0	0	0.00833333	0.158333	1	0.616667	0	0	0	0	0	0	0	0	0	0	0	0	0	0	0	0	0	0	0	0	0	0	0	0	0	0	0	0	0	0	0	0	0.858333	0.65	0.0333333	0.00833333	0	0	0	0	0
94000	0	0	0	0.0152672	0.0381679	0.137405	0.290076	1	0.175573	0	0	0	0	0	0	0	0	0	0	0	0	0	0	0	0	0	0	0	0	0	0	0	0	0	0	0	0	0	0	0	0	0.40458	0.725191	0.167939	0.0839695	0.0152672	0	0	0	0
95000	1	0.30303	0.272727	0.166667	0.30303	0.409091	0.651515	0.30303	0	0	0	0	0	0	0	0	0	0	0	0	0	0	0	0	0	0	0	0	0	0	0	0	0	0	0	0	0	0	0	0	0	0	0.636364	0.560606	0.757576	0.545455	0.151515	0	0	0
96000	1	0.0855615	0	0	0	0	0	0	0	0	0	0	0	0	0	0	0	0	0	0	0	0	0	0	0	0	0	0	0	0	0	0	0	0	0	0	0	0	0	0	0	0	0	0	0.192513	0.374332	0.31016	0.101604	0.0695187	0.00534759
97000	1	0.0611111	0.00555556	0	0	0	0	0	0	0	0	0	0	0	0	0	0	0	0	0	0	0	0	0	0	0	0	0	0	0	0	0	0	0	0	0	0	0	0	0	0	0	0	0	0.0111111	0.266667	0.444444	0.211111	0.127778	0.0944444
98000	1	0.170732	0.0365854	0.0182927	0	0	0	0	0	0	0	0	0	0	0	0	0	0	0	0	0	0	0	0	0	0	0	0	0	0	0	0	0	0	0	0	0	0	0	0	0	0	0	0.00609756	0.115854	0.737805	0.335366	0	0	0.0182927
99000	1	0.206612	0.115702	0.0909091	0.0330579	0.00826446	0	0	0	0	0	0	0	0	0	0	0	0	0	0	0	0	0	0	0	0	0	0	0	0	0	0	0	0	0	0	0	0	0	0	0	0	0.00826446	0.115702	0.603306	0.991736	0.0165289	0.00826446	0	0.107438
100000	0.245283	0	0.113208	0.283019	0.226415	0.320755	0.273585	0.226415	0.00943396	0	0	0	0	0	0	0	0	0	0	0	0	0	0	0	0	0	0	0	0	0	0	0	0	0	0	0	0	0	0	0	0	0.0188679	0.141509	0.669811	1	0.207547	0	0	0	0.0377358
