	0	0.02	0.04	0.06	0.08	0.1	0.12	0.14	0.16	0.18	0.2	0.22	0.24	0.26	0.28	0.3	0.32	0.34	0.36	0.38	0.4	0.42	0.44	0.46	0.48	0.5	0.52	0.54	0.56	0.58	0.6	0.62	0.64	0.66	0.68	0.7	0.72	0.74	0.76	0.78	0.8	0.82	0.84	0.86	0.88	0.9	0.92	0.94	0.96	0.98
1000	0	0	0	0	0	0	0	0	0	0	0	0.0810811	0.216216	0.972973	0.351351	0.108108	0.0540541	0.135135	0.27027	0.378378	0.72973	1	0.837838	0.27027	0	0	0.486486	0.702703	0.621622	0.567568	0.486486	0.27027	0.297297	0.108108	0.0540541	0.0810811	0.567568	0.810811	0.324324	0.027027	0	0	0	0	0	0	0	0	0	0
2000	0	0	0	0	0	0	0	0	0	0.0508475	0.355932	1	0.542373	0.949153	0.237288	0.0677966	0.0338983	0.0847458	0.169492	0.0508475	0	0	0	0	0	0	0	0	0	0	0	0	0.101695	0.0677966	0.0338983	0.0508475	0.40678	0.745763	0.915254	0.745763	0.135593	0.0338983	0	0	0	0	0	0	0	0
3000	0	0	0	0	0	0	0	0.0263158	0.184211	0.302632	0.552632	0.947368	0.184211	0	0	0	0	0	0	0	0	0	0	0	0	0	0	0	0	0	0	0	0	0	0	0	0	0.118421	0.776316	1	0.697368	0.394737	0.0789474	0	0	0	0	0	0	0
4000	0	0	0	0.0555556	0.0972222	0.208333	0.527778	0.347222	0.347222	0.333333	0.0277778	0	0	0	0	0	0	0	0	0	0	0	0	0	0	0	0	0	0	0	0	0	0	0	0	0	0	0	0	0.513889	1	0.75	0.555556	0.277778	0.347222	0.0833333	0.0833333	0	0	0
5000	0.474026	0.12987	0.0909091	0.11039	0.103896	0.0844156	0	0	0	0	0	0	0	0	0	0	0	0	0	0	0	0	0	0	0	0	0	0	0	0	0	0	0	0	0	0	0	0	0	0	0	0	0	0	0.142857	0.0909091	0.116883	0.103896	0.149351	1
6000	0.607595	0.0506329	0	0	0	0	0	0	0	0	0	0	0	0	0	0	0	0	0	0	0	0	0	0	0	0	0	0	0	0	0	0	0	0	0	0	0	0	0	0	0	0	0	0	0	0	0	0	0.0295359	1
7000	1	0.135135	0.00540541	0	0	0	0	0	0	0	0	0	0	0	0	0	0	0	0	0	0	0	0	0	0	0	0	0	0	0	0	0	0	0	0	0	0	0	0	0	0	0	0	0	0	0	0.0108108	0	0.0540541	0.956757
8000	1	0.163934	0.0163934	0	0	0	0	0	0	0	0	0	0	0	0	0	0	0	0	0	0	0	0	0	0	0	0	0	0	0	0	0	0	0	0	0	0	0	0	0	0	0	0	0	0.00546448	0.0601093	0.103825	0.0437158	0.0382514	0.754098
9000	1	0.131868	0.043956	0.010989	0	0	0	0	0	0	0	0	0	0	0	0	0	0	0	0	0	0	0	0	0	0	0	0	0	0	0	0	0	0	0	0	0	0	0	0	0	0	0	0.0274725	0.0879121	0.21978	0.225275	0.0164835	0.00549451	0.428571
10000	1	0.0491803	0.0655738	0.0218579	0	0	0	0	0	0	0	0	0	0	0	0	0	0	0	0	0	0	0	0	0	0	0	0	0	0	0	0	0	0	0	0	0	0	0	0	0	0	0.0163934	0.185792	0.224044	0.125683	0	0	0	0.497268
11000	1	0.0232558	0.0775194	0.0387597	0.0775194	0.0387597	0	0	0	0	0	0	0	0	0	0	0	0	0	0	0	0	0	0	0	0	0	0	0	0	0	0	0	0	0	0	0	0	0	0	0	0.0232558	0.217054	0.503876	0.356589	0.0387597	0	0	0	0.705426
12000	0.364583	0	0	0.135417	0.375	0.270833	0.0625	0.0208333	0	0	0	0	0	0	0	0	0	0	0	0	0	0	0	0	0	0	0	0	0	0	0	0	0	0	0	0	0	0	0	0.03125	0.0104167	0.302083	0.760417	0.75	0.0833333	0	0	0	0	1
13000	0.278481	0.0126582	0	0	0.0126582	0.405063	0.392405	0.582278	0.493671	0.151899	0	0	0	0	0	0	0	0	0	0	0	0	0	0	0	0	0	0	0	0	0	0	0	0	0	0	0	0.0126582	0.291139	0.582278	0.21519	0.455696	0.177215	0	0	0	0	0	0	1
14000	0.0547945	0	0	0	0	0	0	0.164384	1	0.630137	0.315068	0.0273973	0	0	0	0	0	0	0	0	0	0	0	0	0	0	0	0	0	0	0	0	0	0	0	0.0273973	0.191781	0.30137	0.712329	0.890411	0.260274	0	0	0	0	0	0	0	0.0136986	0.890411
15000	0	0	0	0	0	0	0.00699301	0.048951	0.398601	0.496503	0.363636	0.048951	0.027972	0	0	0	0	0	0	0	0	0	0	0	0	0	0	0	0	0	0	0	0	0	0	0.020979	0.216783	0.104895	0.013986	0	0	0	0	0	0	0	0	0.00699301	0.041958	1
16000	0	0	0.00591716	0	0.0177515	0.0887574	0.106509	0.213018	0.491124	0.420118	0.0118343	0	0	0	0	0	0	0	0	0	0	0	0	0	0	0	0	0	0	0	0	0	0	0	0	0	0	0	0	0	0	0	0	0	0	0	0	0	0.0118343	1
17000	0.3125	0.168269	0.110577	0.0432692	0.0817308	0.129808	0.0480769	0.00480769	0	0	0	0	0	0	0	0	0	0	0	0	0	0	0	0	0	0	0	0	0	0	0	0	0	0	0	0	0	0	0	0	0	0	0	0	0	0	0	0	0.0240385	1
18000	0.481675	0.151832	0.0942408	0.0366492	0.0890052	0.0994764	0.0471204	0.0157068	0	0	0	0	0	0	0	0	0	0	0	0	0	0	0	0	0	0	0	0	0	0	0	0	0	0	0	0	0	0	0	0	0	0	0	0	0	0	0	0.0157068	0.0628272	1
19000	0.439394	0	0	0	0.020202	0.176768	0.116162	0.131313	0.0808081	0.00505051	0	0	0	0	0	0	0	0	0	0	0	0	0	0	0	0	0	0	0	0	0	0	0	0	0	0	0	0	0	0	0	0	0	0	0	0	0	0.020202	0.030303	1
20000	0.848684	0.0460526	0	0	0	0	0.0197368	0.184211	0.263158	0.184211	0.0855263	0	0	0	0	0	0	0	0	0	0	0	0	0	0	0	0	0	0	0	0	0	0	0	0	0	0	0	0	0	0	0	0	0	0	0	0	0	0	1
21000	0.741573	0	0	0	0	0	0	0	0.0449438	0.202247	0.185393	0.0224719	0.011236	0	0	0	0	0	0	0	0	0	0	0	0	0	0	0	0	0	0	0	0	0	0	0	0	0	0	0	0	0	0	0	0	0	0	0	0.0393258	1
22000	0.709251	0.0264317	0	0	0	0	0	0	0	0	0	0	0	0	0	0	0	0	0	0	0	0	0	0	0	0	0	0	0	0	0	0	0	0	0	0	0	0	0	0	0	0	0	0	0	0	0	0	0.0264317	1
23000	0.840796	0.114428	0	0	0	0	0	0	0	0	0	0	0	0	0	0	0	0	0	0	0	0	0	0	0	0	0	0	0	0	0	0	0	0	0	0	0	0	0	0	0	0	0	0	0	0	0	0	0.0348259	1
24000	1	0.187845	0.0276243	0	0	0	0	0	0	0	0	0	0	0	0	0	0	0	0	0	0	0	0	0	0	0	0	0	0	0	0	0	0	0	0	0	0	0	0	0	0	0	0	0	0	0	0	0	0.0994475	0.895028
25000	1	0.270588	0.0529412	0.0294118	0.0176471	0	0	0	0	0	0	0	0	0	0	0	0	0	0	0	0	0	0	0	0	0	0	0	0	0	0	0	0	0	0	0	0	0	0	0	0	0	0	0	0	0	0	0.00588235	0.129412	0.847059
26000	0.569948	0.0103627	0.015544	0.0880829	0.139896	0.124352	0.0569948	0.0207254	0	0	0	0	0	0	0	0	0	0	0	0	0	0	0	0	0	0	0	0	0	0	0	0	0	0	0	0	0	0	0	0	0	0	0	0	0	0	0	0.0103627	0.0362694	1
27000	0.63125	0.025	0	0	0.0625	0.275	0.19375	0.18125	0.08125	0	0.00625	0	0	0	0	0	0	0	0	0	0	0	0	0	0	0	0	0	0	0	0	0	0	0	0	0	0	0	0	0	0	0	0	0	0	0	0	0.01875	0.025	1
28000	0.774194	0.0387097	0	0	0	0	0.0451613	0.264516	0.193548	0.083871	0.109677	0.0451613	0	0	0	0	0	0	0	0	0	0	0	0	0	0	0	0	0	0	0	0	0	0	0	0	0	0	0	0	0	0	0	0	0	0	0	0	0.0258065	1
29000	1	0.0510204	0.00510204	0	0	0	0	0	0	0.00510204	0.0969388	0.117347	0.0255102	0	0	0	0	0	0	0	0	0	0	0	0	0	0	0	0	0	0	0	0	0	0	0	0	0	0	0	0	0	0	0	0	0	0	0	0.0357143	0.704082
30000	0.737374	0	0.00505051	0	0	0	0	0	0	0	0.010101	0.126263	0.0757576	0.0252525	0	0	0	0	0	0	0	0	0	0	0	0	0	0	0	0	0	0	0	0	0	0	0	0	0	0	0	0	0	0	0	0	0	0	0.040404	1
31000	1	0.0904255	0.0159574	0	0	0	0	0	0	0	0	0	0	0	0	0	0	0	0	0	0	0	0	0	0	0	0	0	0	0	0	0	0	0	0	0	0	0	0	0	0	0	0	0	0	0	0	0	0.0212766	1
32000	0.808081	0.126263	0.020202	0	0	0	0	0	0	0	0	0	0	0	0	0	0	0	0	0	0	0	0	0	0	0	0	0	0	0	0	0	0	0	0	0	0	0	0	0	0	0	0	0	0	0	0	0.010101	0.0555556	1
33000	0.678756	0.160622	0.0984456	0.0103627	0	0	0	0	0	0	0	0	0	0	0	0	0	0	0	0	0	0	0	0	0	0	0	0	0	0	0	0	0	0	0	0	0	0	0	0	0	0	0	0	0	0	0.00518135	0.0259067	0.0932642	1
34000	0.595376	0.017341	0.109827	0.0635838	0.0809249	0.109827	0.0462428	0.00578035	0	0	0	0	0	0	0	0	0	0	0	0	0	0	0	0	0	0	0	0	0	0	0	0	0	0	0	0	0	0	0	0	0	0	0	0.00578035	0.0231214	0	0.0751445	0.104046	0.0751445	1
35000	0.57971	0	0	0.0434783	0.15942	0.73913	0.594203	0.710145	0.231884	0.0144928	0	0	0	0	0	0	0	0	0	0	0	0	0	0	0	0	0	0	0	0	0	0	0	0	0	0	0	0	0	0	0	0.0144928	0.246377	0.449275	0.521739	0.246377	0.231884	0.0144928	0	1
36000	0.202381	0	0	0	0	0	0.357143	1	0.678571	0.321429	0.119048	0	0	0	0	0	0	0	0	0	0	0	0	0	0	0	0	0	0	0	0	0	0	0	0	0	0	0	0	0	0.0357143	0.404762	0.928571	0.642857	0.0238095	0	0	0	0.0119048	0.0357143
37000	0.385542	0.0240964	0	0	0	0	0	0.385542	0.771084	0.674699	0.39759	0.13253	0.108434	0.060241	0.0120482	0	0	0	0	0	0	0	0	0	0	0	0	0	0	0	0	0	0	0	0	0	0	0	0	0.0361446	0.301205	1	0.53012	0	0	0	0	0	0	0
38000	1	0.130682	0	0	0	0	0	0	0	0	0	0	0	0	0	0	0	0	0	0	0	0	0	0	0	0	0	0	0	0	0	0	0	0	0	0	0	0	0	0	0.227273	0.545455	0.3125	0.0511364	0.00568182	0	0	0	0	0
39000	1	0	0	0	0	0	0	0	0	0	0	0	0	0	0	0	0	0	0	0	0	0	0	0	0	0	0	0	0	0	0	0	0	0	0	0	0	0	0	0	0	0.333333	0.478788	0.266667	0.248485	0.0909091	0.00606061	0	0	0
40000	1	0.00473934	0	0	0	0	0	0	0	0	0	0	0	0	0	0	0	0	0	0	0	0	0	0	0	0	0	0	0	0	0	0	0	0	0	0	0	0	0	0	0	0	0	0.00947867	0.241706	0.170616	0.113744	0.109005	0.118483	0.127962
41000	1	0.101124	0.011236	0	0	0	0	0	0	0	0	0	0	0	0	0	0	0	0	0	0	0	0	0	0	0	0	0	0	0	0	0	0	0	0	0	0	0	0	0	0	0	0	0	0	0	0.00561798	0.011236	0.179775	0.938202
42000	1	0.141304	0.0163043	0.00543478	0	0	0	0	0	0	0	0	0	0	0	0	0	0	0	0	0	0	0	0	0	0	0	0	0	0	0	0	0	0	0	0	0	0	0	0	0	0	0	0	0	0.00543478	0.0271739	0.0108696	0.130435	0.836957
43000	1	0.00657895	0.0526316	0.184211	0.164474	0.118421	0.125	0.0263158	0.00657895	0	0	0	0	0	0	0	0	0	0	0	0	0	0	0	0	0	0	0	0	0	0	0	0	0	0	0	0	0	0	0	0	0	0.0131579	0.0263158	0.0263158	0.0986842	0.131579	0.0328947	0.00657895	0.611842
44000	0.583333	0	0	0	0.1	0.7	0.8	0.783333	0.333333	0.133333	0.183333	0.0166667	0	0	0	0	0	0	0	0	0	0	0	0	0	0	0	0	0	0	0	0	0	0	0	0	0	0	0	0.0666667	0.3	0.566667	0.433333	1	0.316667	0.0833333	0	0	0	0.266667
45000	0.73913	0.0289855	0.0434783	0	0	0	0.0434783	0.565217	0.463768	0.376812	0.884058	0.26087	0.101449	0	0	0	0	0	0	0	0	0	0	0	0	0	0	0	0	0	0	0	0	0	0	0	0	0	0.115942	0.318841	0.782609	1	0.0434783	0	0	0	0	0	0	0.0289855
46000	0.519481	0.012987	0	0	0	0	0	0	0	0.285714	1	0.415584	0.467532	0.0909091	0.025974	0	0	0	0	0	0	0	0	0	0	0	0	0	0	0	0	0	0	0	0	0	0.0779221	0.207792	0.662338	0.675325	0.584416	0	0	0	0	0	0	0	0.038961	0.12987
47000	1	0.0970149	0.00746269	0	0	0	0	0	0	0	0	0.00746269	0.201493	0.156716	0.0671642	0.0149254	0	0	0	0	0	0	0	0	0	0	0	0	0	0	0	0	0	0	0	0.00746269	0.119403	0.30597	0.58209	0.410448	0.00746269	0	0	0	0	0	0	0	0	0
48000	1	0.0283019	0.00471698	0	0	0	0	0	0	0	0	0	0	0	0	0	0	0	0	0	0	0	0	0	0	0	0	0	0	0	0	0	0	0	0	0	0	0.00471698	0.339623	0.415094	0.0754717	0.0141509	0.00471698	0	0	0	0	0	0	0
49000	1	0	0	0	0	0	0	0	0	0	0	0	0	0	0	0	0	0	0	0	0	0	0	0	0	0	0	0	0	0	0	0	0	0	0	0	0	0	0.0319149	0.526596	0.271277	0.154255	0.0851064	0.0425532	0.0159574	0	0	0	0	0
50000	1	0.027933	0	0	0	0	0	0	0	0	0	0	0	0	0	0	0	0	0	0	0	0	0	0	0	0	0	0	0	0	0	0	0	0	0	0	0	0	0	0	0.189944	0.217877	0.173184	0.189944	0.167598	0.117318	0.0391061	0.0558659	0.0391061	0.0167598
51000	1	0.0515464	0.0103093	0	0	0	0	0	0	0	0	0	0	0	0	0	0	0	0	0	0	0	0	0	0	0	0	0	0	0	0	0	0	0	0	0	0	0	0	0	0	0	0	0.0154639	0.0824742	0.0927835	0.0670103	0.123711	0.164948	0.453608
52000	1	0.0451613	0.0129032	0	0	0	0	0	0	0	0	0	0	0	0	0	0	0	0	0	0	0	0	0	0	0	0	0	0	0	0	0	0	0	0	0	0	0	0	0	0.00645161	0.0258065	0.0903226	0.167742	0.296774	0.167742	0.0451613	0.0258065	0.0129032	0.683871
53000	1	0.028777	0	0	0	0	0	0	0	0	0	0	0	0	0	0	0	0	0	0	0	0	0	0	0	0	0	0	0	0	0	0	0	0	0	0	0	0	0.00719424	0.0647482	0.057554	0.129496	0.201439	0.230216	0.136691	0	0	0	0.0215827	1
54000	1	0.0952381	0.0047619	0	0	0	0	0	0	0	0	0	0	0	0	0	0	0	0	0	0	0	0	0	0	0	0	0	0	0	0	0	0	0	0	0	0	0	0	0.0190476	0.0142857	0.0142857	0.0285714	0.0190476	0	0	0	0	0.0142857	0.695238
55000	1	0.0424528	0.0141509	0	0	0	0	0	0	0	0	0	0	0	0	0	0	0	0	0	0	0	0	0	0	0	0	0	0	0	0	0	0	0	0	0	0	0	0	0	0	0	0	0	0	0	0	0.00471698	0.0377358	0.787736
56000	1	0.0904523	0.0201005	0.0150754	0	0	0	0	0	0	0	0	0	0	0	0	0	0	0	0	0	0	0	0	0	0	0	0	0	0	0	0	0	0	0	0	0	0	0	0	0	0	0.0100503	0.040201	0.040201	0.0100503	0.00502513	0.0100503	0.040201	0.728643
57000	1	0.00558659	0.0167598	0.0167598	0	0	0	0	0	0	0	0	0	0	0	0	0	0	0	0	0	0	0	0	0	0	0	0	0	0	0	0	0	0	0	0	0	0	0	0	0	0.0223464	0.156425	0.201117	0.122905	0.0391061	0	0	0	0.653631
58000	1	0.0285714	0.00571429	0.0228571	0	0	0	0	0	0	0	0	0	0	0	0	0	0	0	0	0	0	0	0	0	0	0	0	0	0	0	0	0	0	0	0	0	0	0	0.0228571	0.0285714	0.102857	0.24	0.114286	0.0114286	0	0	0.00571429	0.0228571	0.68
59000	1	0.0357143	0.00510204	0	0	0	0	0	0	0	0	0	0	0	0	0	0	0	0	0	0	0	0	0	0	0	0	0	0	0	0	0	0	0	0	0	0	0	0	0	0	0	0	0	0	0	0	0	0.0357143	0.964286
60000	0.952128	0.101064	0.0212766	0	0	0	0	0	0	0	0	0	0	0	0	0	0	0	0	0	0	0	0	0	0	0	0	0	0	0	0	0	0	0	0	0	0	0	0	0	0	0	0	0	0	0	0	0.0159574	0.037234	1
61000	1	0.168539	0.0730337	0.0280899	0.011236	0	0	0	0	0	0	0	0	0	0	0	0	0	0	0	0	0	0	0	0	0	0	0	0	0	0	0	0	0	0	0	0	0	0	0	0	0	0	0	0	0	0.0224719	0.0617978	0.117978	0.764045
62000	1	0.0205479	0.171233	0.184932	0.226027	0.116438	0.0205479	0	0	0	0	0	0	0	0	0	0	0	0	0	0	0	0	0	0	0	0	0	0	0	0	0	0	0	0	0	0	0	0	0	0	0	0	0	0	0.0479452	0.19863	0.171233	0.0684932	0.513699
63000	1	0	0.0136986	0.136986	0.739726	0.890411	0.69863	0.246575	0.0410959	0	0	0	0	0	0	0	0	0	0	0	0	0	0	0	0	0	0	0	0	0	0	0	0	0	0	0	0	0	0	0	0	0	0.0273973	0.232877	0.356164	0.438356	0.589041	0.0547945	0	0.0136986
64000	0.205128	0.0128205	0	0	0	0.5	1	0.74359	0.397436	0.166667	0.025641	0	0	0	0	0	0	0	0	0	0	0	0	0	0	0	0	0	0	0	0	0	0	0	0	0	0	0	0	0.0128205	0.0897436	0.346154	0.602564	0.884615	0.115385	0	0	0	0	0.025641
65000	0.846154	0.138462	0	0	0	0	0.0307692	1	0.846154	0.630769	0.292308	0.0461538	0.0153846	0.0153846	0	0	0	0	0	0	0	0	0	0	0	0	0	0	0	0	0	0	0	0	0	0	0	0	0.0769231	0.292308	0.630769	0.953846	0.246154	0	0	0	0	0	0	0.0923077
66000	1	0.131579	0.0131579	0	0	0	0	0	0	0.0460526	0.131579	0.0723684	0.0328947	0.0197368	0	0	0	0	0	0	0	0	0	0	0	0	0	0	0	0	0	0	0	0	0	0	0	0.00657895	0.144737	0.361842	0.440789	0.210526	0.0197368	0	0	0	0	0	0	0
67000	1	0.00917431	0.00458716	0	0	0	0	0	0	0	0	0	0	0	0	0	0	0	0	0	0	0	0	0	0	0	0	0	0	0	0	0	0	0	0	0	0	0	0	0.0366972	0.366972	0.325688	0.087156	0.00458716	0	0	0	0	0	0
68000	1	0.00641026	0	0	0	0	0	0	0	0	0	0	0	0	0	0	0	0	0	0	0	0	0	0	0	0	0	0	0	0	0	0	0	0	0	0	0	0	0	0	0.378205	0.557692	0.435897	0.128205	0.025641	0.0320513	0	0	0	0
69000	1	0.015	0.005	0	0	0	0	0	0	0	0	0	0	0	0	0	0	0	0	0	0	0	0	0	0	0	0	0	0	0	0	0	0	0	0	0	0	0	0	0	0	0	0.25	0.12	0.105	0.105	0.065	0.12	0.105	0.11
70000	1	0.0436893	0.00485437	0	0	0	0	0	0	0	0	0	0	0	0	0	0	0	0	0	0	0	0	0	0	0	0	0	0	0	0	0	0	0	0	0	0	0	0	0	0	0	0	0	0	0	0	0.00970874	0.0631068	0.820388
71000	0.923497	0.0928962	0.0382514	0	0	0	0	0	0	0	0	0	0	0	0	0	0	0	0	0	0	0	0	0	0	0	0	0	0	0	0	0	0	0	0	0	0	0	0	0	0	0	0	0	0	0	0.00546448	0.0218579	0.103825	1
72000	0.949045	0.0764331	0.11465	0.0700637	0.0573248	0.00636943	0	0	0	0	0	0	0	0	0	0	0	0	0	0	0	0	0	0	0	0	0	0	0	0	0	0	0	0	0	0	0	0	0	0	0	0	0	0	0.0191083	0.0509554	0.0573248	0.0764331	0.0700637	1
73000	0.117647	0.0117647	0.0588235	0.4	0.552941	0.223529	0.129412	0.0352941	0.0235294	0.0117647	0	0	0	0	0	0	0	0	0	0	0	0	0	0	0	0	0	0	0	0	0	0	0	0	0	0	0	0	0	0	0.0117647	0.0941176	0.247059	0.552941	0.564706	0.447059	0.176471	0.0352941	0.0117647	1
74000	0	0	0	0.015625	0.0625	0.34375	0.546875	0.71875	0.609375	0.1875	0.03125	0	0	0	0	0	0	0	0	0	0	0	0	0	0	0	0	0	0	0	0	0	0	0	0	0	0	0	0	0.015625	0.15625	0.515625	0.8125	1	0.4375	0	0	0	0.046875	0.75
75000	0.1	0.133333	0.105556	0.127778	0.161111	0.172222	0.138889	0.255556	0.0166667	0	0	0	0	0	0	0	0	0	0	0	0	0	0	0	0	0	0	0	0	0	0	0	0	0	0	0	0	0	0	0	0	0	0	0	0	0	0	0	0.0111111	1
76000	0.253086	0.0432099	0.154321	0.191358	0.216049	0.234568	0.160494	0.0555556	0.037037	0	0	0	0	0	0	0	0	0	0	0	0	0	0	0	0	0	0	0	0	0	0	0	0	0	0	0	0	0	0	0	0	0	0	0	0	0	0.00617284	0.00617284	0.111111	1
77000	0.515528	0.0559006	0.00621118	0.00621118	0.00621118	0.180124	0.229814	0.136646	0.15528	0.0807453	0.0124224	0	0	0	0	0	0	0	0	0	0	0	0	0	0	0	0	0	0	0	0	0	0	0	0	0	0	0	0	0	0	0	0	0	0	0.00621118	0.0310559	0.0186335	0.0434783	1
78000	0.779762	0.0357143	0	0	0	0	0	0.0297619	0.220238	0.184524	0.0654762	0.0119048	0	0	0	0	0	0	0	0	0	0	0	0	0	0	0	0	0	0	0	0	0	0	0	0	0	0	0	0	0	0	0	0	0	0	0.0178571	0.0119048	0.0238095	1
79000	1	0.0507614	0.00507614	0	0	0	0	0	0	0.00507614	0.0101523	0	0	0	0	0	0	0	0	0	0	0	0	0	0	0	0	0	0	0	0	0	0	0	0	0	0	0	0	0	0	0	0	0	0	0	0	0.00507614	0.0203046	0.93401
80000	0.77	0	0	0	0	0	0	0.005	0	0.045	0.075	0.03	0	0	0	0	0	0	0	0	0	0	0	0	0	0	0	0	0	0	0	0	0	0	0	0	0	0	0	0	0	0	0	0	0	0	0	0.01	0.065	1
81000	0.550661	0.00440529	0	0	0	0	0	0	0	0.0396476	0.0792952	0.0572687	0.00440529	0	0	0	0	0	0	0	0	0	0	0	0	0	0	0	0	0	0	0	0	0	0	0	0	0	0	0	0	0	0	0	0	0	0	0	0.0264317	1
82000	1	0.0603015	0.0100503	0	0	0	0	0	0	0	0	0	0	0	0	0	0	0	0	0	0	0	0	0	0	0	0	0	0	0	0	0	0	0	0	0	0	0	0	0	0	0	0	0	0	0	0	0.00502513	0.040201	0.894472
83000	0.994413	0.100559	0.0223464	0	0	0	0	0	0	0	0	0	0	0	0	0	0	0	0	0	0	0	0	0	0	0	0	0	0	0	0	0	0	0	0	0	0	0	0	0	0	0	0	0	0	0	0.00558659	0.0111732	0.100559	1
84000	0.957576	0.127273	0.0727273	0.0424242	0.0242424	0	0	0	0	0	0	0	0	0	0	0	0	0	0	0	0	0	0	0	0	0	0	0	0	0	0	0	0	0	0	0	0	0	0	0	0	0	0	0	0	0.0242424	0.0121212	0.0363636	0.127273	1
85000	1	0.00840336	0.117647	0.193277	0.235294	0.193277	0.109244	0.0420168	0	0	0	0	0	0	0	0	0	0	0	0	0	0	0	0	0	0	0	0	0	0	0	0	0	0	0	0	0	0	0	0	0	0	0	0.0252101	0.0840336	0.226891	0.218487	0.117647	0.00840336	0.781513
86000	0.8	0.0181818	0	0	0.145455	0.6	0.945455	0.618182	0.254545	0.145455	0.145455	0.0909091	0	0	0	0	0	0	0	0	0	0	0	0	0	0	0	0	0	0	0	0	0	0	0	0	0	0	0	0	0.109091	0.127273	0.690909	0.818182	1	0.545455	0.0363636	0	0.0181818	0.163636
87000	1	0.0126582	0	0	0	0	0	0.0253165	0.202532	0.202532	0.443038	0.544304	0.405063	0.0759494	0.0126582	0	0	0	0	0	0	0	0	0	0	0	0	0	0	0	0	0	0	0	0	0	0	0	0.0759494	0.126582	0.35443	0.518987	0.848101	0.164557	0	0	0	0	0	0.0506329
88000	0.888889	0.0185185	0	0	0	0	0	0	0	0.0185185	0.555556	0.944444	0.777778	0.425926	0.37037	0.12963	0	0	0	0	0	0	0	0	0	0	0	0	0	0	0	0	0	0	0	0.0185185	0.0555556	0.333333	1	0.555556	0.777778	0.111111	0	0	0	0	0	0	0.0740741	0.351852
89000	0.788732	0.0140845	0.0140845	0	0	0	0	0	0	0	0	0.464789	0.591549	0.394366	0.746479	0.450704	0.056338	0.0140845	0	0	0	0	0	0	0	0	0	0	0	0	0	0	0	0	0	0.0985915	0.309859	0.619718	1	0.0704225	0	0	0	0	0	0	0	0	0	0
90000	1	0.0378378	0	0	0	0	0	0	0	0	0	0	0	0	0	0	0	0	0	0	0	0	0	0	0	0	0	0	0	0	0	0	0	0	0.00540541	0.0486486	0.145946	0.275676	0.535135	0.0810811	0.0108108	0.0216216	0	0	0	0	0	0	0	0
91000	1	0.0222222	0	0	0	0	0	0	0	0	0	0	0	0	0	0	0	0	0	0	0	0	0	0	0	0	0	0	0	0	0	0	0	0	0	0	0	0	0.62963	0.140741	0.133333	0.244444	0.377778	0.251852	0.0814815	0.0592593	0.00740741	0.0148148	0	0
92000	1	0.0310881	0	0	0	0	0	0	0	0	0	0	0	0	0	0	0	0	0	0	0	0	0	0	0	0	0	0	0	0	0	0	0	0	0	0	0	0	0	0	0	0.0207254	0.145078	0.176166	0.0880829	0.129534	0.129534	0.181347	0.134715	0.0362694
93000	1	0.039548	0	0	0	0	0	0	0	0	0	0	0	0	0	0	0	0	0	0	0	0	0	0	0	0	0	0	0	0	0	0	0	0	0	0	0	0	0	0.00564972	0.0225989	0.101695	0.248588	0.248588	0.129944	0.0847458	0.0282486	0.0508475	0.112994	0.186441
94000	1	0.0108696	0	0	0	0	0	0	0	0	0	0	0	0	0	0	0	0	0	0	0	0	0	0	0	0	0	0	0	0	0	0	0	0	0	0	0	0	0	0	0.0326087	0.0978261	0.201087	0.103261	0.00543478	0	0.0108696	0.0217391	0.119565	0.570652
95000	1	0.118644	0.0112994	0	0	0	0	0	0	0	0	0	0	0	0	0	0	0	0	0	0	0	0	0	0	0	0	0	0	0	0	0	0	0	0	0	0	0	0	0	0.0112994	0	0	0	0	0	0.00564972	0.039548	0.124294	0.949153
96000	1	0.0177515	0.00591716	0	0	0	0	0	0	0	0	0	0	0	0	0	0	0	0	0	0	0	0	0	0	0	0	0	0	0	0	0	0	0	0	0	0	0.0295858	0.100592	0.16568	0.100592	0.035503	0	0	0	0	0	0.00591716	0.0236686	0.881657
97000	1	0.020979	0.00699301	0	0	0	0	0	0	0	0	0	0	0	0	0	0	0	0	0	0	0	0	0	0	0	0	0	0	0	0	0	0	0	0.00699301	0.027972	0.153846	0.307692	0.223776	0.216783	0.034965	0.00699301	0	0	0	0	0	0	0	0.79021
98000	1	0.0333333	0	0	0	0	0	0	0	0	0	0	0	0	0	0	0	0	0	0	0	0	0	0	0	0	0	0	0	0	0	0	0	0.0166667	0.05	0.0888889	0.2	0.283333	0.15	0.00555556	0	0	0	0	0	0	0	0	0.0111111	0.383333
99000	1	0.0233918	0.00584795	0	0	0	0	0	0	0	0	0	0	0	0	0	0	0	0	0	0	0	0	0	0	0	0	0	0	0	0	0.00584795	0.0350877	0.0584795	0.210526	0.19883	0.233918	0.187135	0	0	0	0	0	0	0	0	0	0	0.0116959	0.368421
100000	1	0.0444444	0	0	0	0	0	0	0	0	0	0	0	0	0	0	0	0	0	0	0	0	0	0	0	0	0	0	0	0	0.037037	0.0888889	0.259259	0.2	0.4	0.311111	0.118519	0	0	0	0	0	0	0	0	0	0	0	0.0296296	0.474074
