0.5	0.5	0.5	0.5	0.5	0.5	0.5	0.5	0.5	0.5	0.5	0.5	0.5	0.5	0.5	0.5	0.5	0.5	0.5	0.5	0.5	0.5	0.5	0.5	0.5	0.580346	0.627893	0.638878	0.588285	0.557058	0.589897	0.57414	0.639692	0.608984	0.606222	0.603583	0.568041	0.586118	0.596731	0.643054	0.645941	0.588504	0.625211	0.600779	0.614606	0.604677	0.585803	0.606377	0.578	0.61419	
0.5	0.5	0.5	0.5	0.5	0.5	0.5	0.5	0.5	0.5	0.5	0.5	0.5	0.5	0.5	0.5	0.5	0.5	0.5	0.5	0.5	0.5	0.5	0.5	0.5	0.721931	0.771978	0.79055	0.787557	0.731417	0.844548	0.746005	0.809343	0.774118	0.768124	0.720804	0.76922	0.730711	0.747694	0.751817	0.809705	0.751868	0.809449	0.767159	0.778292	0.779966	0.735563	0.745968	0.817138	0.782989	
0.5	0.5	0.5	0.5	0.5	0.5	0.5	0.5	0.5	0.5	0.5	0.5	0.5	0.5	0.5	0.5	0.5	0.5	0.5	0.5	0.5	0.5	0.5	0.5	0.5	0.754112	0.71059	0.865213	0.796057	0.726911	0.741807	0.809224	0.665394	0.74193	0.689848	0.839199	0.738349	0.820946	0.763261	0.763876	0.676366	0.870889	0.739621	0.838158	0.741418	0.801888	0.721124	0.755029	0.702193	0.721376	
0.5	0.5	0.5	0.5	0.5	0.5	0.5	0.5	0.5	0.5	0.5	0.5	0.5	0.5	0.5	0.5	0.5	0.5	0.5	0.5	0.5	0.5	0.5	0.5	0.5	0.58632	0.632257	0.772373	0.625061	0.598618	0.695134	0.639538	0.704118	0.732116	0.756932	0.621522	0.653638	0.673858	0.678298	0.627515	0.675425	0.722202	0.691966	0.720348	0.790677	0.61881	0.709222	0.657222	0.643964	0.604424	
0.5	0.5	0.5	0.5	0.5	0.5	0.5	0.5	0.5	0.5	0.5	0.5	0.5	0.5	0.5	0.5	0.5	0.5	0.5	0.5	0.5	0.5	0.5	0.5	0.5	0.571043	0.624249	0.513879	0.55325	0.540096	0.49472	0.564982	0.676703	0.567496	0.51936	0.662543	0.53268	0.62218	0.572493	0.524959	0.530262	0.603928	0.515526	0.647977	0.44794	0.486601	0.587915	0.51637	0.52257	0.558415	
0.5	0.5	0.5	0.5	0.5	0.5	0.5	0.5	0.5	0.5	0.5	0.5	0.5	0.5	0.5	0.5	0.5	0.5	0.5	0.5	0.5	0.5	0.5	0.5	0.5	0.491068	0.589932	0.485538	0.418526	0.364657	0.444957	0.502636	0.367803	0.501956	0.52182	0.430667	0.48602	0.397544	0.399507	0.51806	0.387651	0.42913	0.421486	0.458596	0.437214	0.446679	0.603525	0.51376	0.493893	0.47065	
0.5	0.5	0.5	0.5	0.5	0.5	0.5	0.5	0.5	0.5	0.5	0.5	0.5	0.5	0.5	0.5	0.5	0.5	0.5	0.5	0.5	0.5	0.5	0.5	0.5	0.333865	0.316224	0.358918	0.360767	0.245481	0.351536	0.320753	0.339029	0.308352	0.334278	0.345703	0.335725	0.262509	0.352022	0.335305	0.27916	0.367512	0.394182	0.411262	0.282743	0.410071	0.374114	0.335723	0.288914	0.399446	
0.5	0.5	0.5	0.5	0.5	0.5	0.5	0.5	0.5	0.5	0.5	0.5	0.5	0.5	0.5	0.5	0.5	0.5	0.5	0.5	0.5	0.5	0.5	0.5	0.5	0.345707	0.335148	0.26277	0.295451	0.367209	0.228325	0.326685	0.35633	0.282058	0.334095	0.299903	0.313976	0.237177	0.3303	0.326399	0.351501	0.299666	0.319993	0.365486	0.202575	0.313172	0.290203	0.352273	0.318461	0.330002	
1	1	1	1	1	1	1	1	1	1	1	1	1	1	1	1	1	1	1	1	1	1	1	1	1	0.595431	0.640995	0.623074	0.628951	0.559569	0.580957	0.635242	0.624335	0.626165	0.617695	0.624088	0.632702	0.596103	0.651596	0.566899	0.621957	0.617856	0.675352	0.637086	0.587337	0.635817	0.631854	0.643893	0.642889	0.619936	
1	1	1	1	1	1	1	1	1	1	1	1	1	1	1	1	1	1	1	1	1	1	1	1	1	0.82984	0.782132	0.800713	0.760649	0.754381	0.846879	0.762287	0.759579	0.763403	0.802054	0.754167	0.76929	0.801622	0.785563	0.806115	0.823554	0.758033	0.745468	0.770437	0.786329	0.780602	0.765814	0.76328	0.795428	0.797105	
1	1	1	1	1	1	1	1	1	1	1	1	1	1	1	1	1	1	1	1	1	1	1	1	1	0.759127	0.800267	0.86087	0.792633	0.864283	0.739669	0.887918	0.803109	0.821298	0.910372	0.8441	0.742884	0.838648	0.844871	0.812839	0.836006	0.801205	0.913829	0.871077	0.758757	0.868027	0.763593	0.855749	0.796071	0.854779	
1	1	1	1	1	1	1	1	1	1	1	1	1	1	1	1	1	1	1	1	1	1	1	1	1	0.739207	0.716186	0.683655	0.815336	0.926529	0.732291	0.762163	0.736339	0.673247	0.72658	0.7238	0.724944	0.861244	0.791219	0.716947	0.830269	0.695883	0.823201	0.740109	0.725542	0.771755	0.711657	0.649141	0.786175	0.82794	
1	1	1	1	1	1	1	1	1	1	1	1	1	1	1	1	1	1	1	1	1	1	1	1	1	0.699247	0.576369	0.680824	0.588329	0.709123	0.687076	0.786798	0.628091	0.689902	0.692513	0.796719	0.659752	0.706421	0.628658	0.565057	0.68495	0.698271	0.609351	0.610094	0.653154	0.714296	0.693238	0.693802	0.599867	0.65533	
1	1	1	1	1	1	1	1	1	1	1	1	1	1	1	1	1	1	1	1	1	1	1	1	1	0.562514	0.537062	0.537444	0.547148	0.589881	0.528877	0.584202	0.49678	0.474357	0.501629	0.609618	0.56226	0.652073	0.540959	0.558405	0.485793	0.684291	0.615833	0.581563	0.567731	0.500001	0.502104	0.524915	0.551775	0.425562	
1	1	1	1	1	1	1	1	1	1	1	1	1	1	1	1	1	1	1	1	1	1	1	1	1	0.443164	0.395621	0.526309	0.440471	0.314677	0.375059	0.480297	0.555746	0.484183	0.366546	0.426473	0.343502	0.501377	0.449472	0.380159	0.527547	0.47784	0.538435	0.37321	0.406632	0.428545	0.524627	0.476047	0.299781	0.492353	
1	1	1	1	1	1	1	1	1	1	1	1	1	1	1	1	1	1	1	1	1	1	1	1	1	0.381632	0.386792	0.423823	0.39806	0.44284	0.339878	0.383887	0.38427	0.274053	0.367666	0.39814	0.363023	0.349269	0.516337	0.389648	0.406716	0.376137	0.395857	0.316114	0.383593	0.327341	0.394022	0.307887	0.542721	0.405592	
0.5	0.5	0.5	0.5	0.5	0.5	0.5	0.5	0.5	0.5	0.5	0.5	0.5	0.5	0.5	0.5	0.5	0.5	0.5	0.5	0.5	0.5	0.5	0.5	0.5	0.628912	0.602508	0.589334	0.650305	0.632871	0.690624	0.637712	0.611966	0.664083	0.606903	0.546864	0.603396	0.636232	0.589203	0.641146	0.650445	0.611884	0.596384	0.60088	0.628058	0.551986	0.583903	0.601546	0.690334	0.616042	
0.5	0.5	0.5	0.5	0.5	0.5	0.5	0.5	0.5	0.5	0.5	0.5	0.5	0.5	0.5	0.5	0.5	0.5	0.5	0.5	0.5	0.5	0.5	0.5	0.5	0.639122	0.733925	0.740005	0.781373	0.768106	0.769855	0.788759	0.657109	0.691913	0.707434	0.94857	0.745412	0.706631	0.710504	0.694928	0.878479	0.739484	0.71662	0.712417	0.800695	0.88994	0.746549	0.737111	0.678141	0.721446	
0.5	0.5	0.5	0.5	0.5	0.5	0.5	0.5	0.5	0.5	0.5	0.5	0.5	0.5	0.5	0.5	0.5	0.5	0.5	0.5	0.5	0.5	0.5	0.5	0.5	0.541159	0.628989	0.528773	0.640211	0.557606	0.609117	0.605592	0.63535	0.826546	0.502563	0.572393	0.595386	0.611489	0.547166	0.572768	0.515475	0.568704	0.47503	0.675299	0.671603	0.576627	0.518799	0.735656	0.580151	0.553	
0.5	0.5	0.5	0.5	0.5	0.5	0.5	0.5	0.5	0.5	0.5	0.5	0.5	0.5	0.5	0.5	0.5	0.5	0.5	0.5	0.5	0.5	0.5	0.5	0.5	0.44452	0.475066	0.434724	0.420787	0.51228	0.4682	0.474054	0.470091	0.448448	0.556637	0.424472	0.402624	0.517329	0.569075	0.516319	0.419325	0.442828	0.468776	0.496307	0.496511	0.460659	0.446142	0.344942	0.481698	0.386842	
0.5	0.5	0.5	0.5	0.5	0.5	0.5	0.5	0.5	0.5	0.5	0.5	0.5	0.5	0.5	0.5	0.5	0.5	0.5	0.5	0.5	0.5	0.5	0.5	0.5	0.326603	0.380098	0.385224	0.338963	0.349949	0.374309	0.368675	0.443777	0.32363	0.467916	0.40167	0.313288	0.363088	0.347909	0.38366	0.312014	0.339573	0.330064	0.362484	0.354386	0.355026	0.380243	0.313638	0.260485	0.298511	
0.5	0.5	0.5	0.5	0.5	0.5	0.5	0.5	0.5	0.5	0.5	0.5	0.5	0.5	0.5	0.5	0.5	0.5	0.5	0.5	0.5	0.5	0.5	0.5	0.5	0.267019	0.333482	0.270159	0.282064	0.344315	0.329562	0.30129	0.303324	0.258007	0.226641	0.330543	0.264271	0.381188	0.270137	0.245294	0.278365	0.386594	0.291559	0.26979	0.336553	0.282102	0.290079	0.229589	0.286112	0.274571	
0.5	0.5	0.5	0.5	0.5	0.5	0.5	0.5	0.5	0.5	0.5	0.5	0.5	0.5	0.5	0.5	0.5	0.5	0.5	0.5	0.5	0.5	0.5	0.5	0.5	0.244368	0.206984	0.195701	0.198938	0.188747	0.231688	0.201935	0.264772	0.144776	0.22615	0.253851	0.261953	0.193944	0.198498	0.330197	0.265702	0.192262	0.186252	0.162094	0.184641	0.173785	0.229015	0.25984	0.232016	0.183663	
0.5	0.5	0.5	0.5	0.5	0.5	0.5	0.5	0.5	0.5	0.5	0.5	0.5	0.5	0.5	0.5	0.5	0.5	0.5	0.5	0.5	0.5	0.5	0.5	0.5	0.211412	0.141088	0.159538	0.217372	0.157618	0.200527	0.248584	0.225445	0.237259	0.213526	0.215214	0.22423	0.217304	0.237576	0.22111	0.183079	0.206711	0.219886	0.226423	0.169128	0.184529	0.185958	0.149967	0.144596	0.219847	
1	1	1	1	1	1	1	1	1	1	1	1	1	1	1	1	1	1	1	1	1	1	1	1	1	0.666612	0.64677	0.685324	0.602539	0.602749	0.607493	0.592297	0.641133	0.63769	0.628326	0.616236	0.612006	0.586486	0.601574	0.60059	0.594546	0.615266	0.601935	0.598468	0.584742	0.632606	0.632781	0.632743	0.675304	0.611114	
1	1	1	1	1	1	1	1	1	1	1	1	1	1	1	1	1	1	1	1	1	1	1	1	1	0.783948	0.880018	0.67628	0.747495	0.864591	0.77679	0.767538	0.801834	0.752997	0.734653	0.783951	0.717091	0.809093	0.892982	0.94202	0.807684	0.771555	0.72448	0.760832	0.784683	0.782948	0.78471	0.734154	0.737073	0.75813	
1	1	1	1	1	1	1	1	1	1	1	1	1	1	1	1	1	1	1	1	1	1	1	1	1	0.614019	0.733724	0.547586	0.601673	0.570772	0.84875	0.723859	0.715821	0.554707	0.681994	0.593977	0.78352	0.742299	0.615833	0.600427	0.771159	0.725514	0.661813	0.650866	0.656586	0.7087	0.695659	0.506063	0.58803	0.823589	
1	1	1	1	1	1	1	1	1	1	1	1	1	1	1	1	1	1	1	1	1	1	1	1	1	0.480247	0.692157	0.394696	0.646377	0.503784	0.464597	0.499373	0.457739	0.52076	0.523565	0.513338	0.500088	0.516634	0.543323	0.440256	0.479633	0.468631	0.622399	0.656401	0.463782	0.601051	0.566096	0.54479	0.63423	0.454106	
1	1	1	1	1	1	1	1	1	1	1	1	1	1	1	1	1	1	1	1	1	1	1	1	1	0.61876	0.467185	0.417791	0.583541	0.47965	0.386594	0.499491	0.387802	0.422362	0.507318	0.371817	0.483054	0.409487	0.408707	0.449244	0.439835	0.413067	0.356092	0.436844	0.455207	0.495294	0.395275	0.534627	0.437538	0.532484	
1	1	1	1	1	1	1	1	1	1	1	1	1	1	1	1	1	1	1	1	1	1	1	1	1	0.384285	0.361461	0.414821	0.589181	0.363823	0.380441	0.344897	0.267165	0.320926	0.331435	0.397119	0.362521	0.436468	0.372887	0.388743	0.354163	0.775489	0.423996	0.337105	0.411334	0.397007	0.421976	0.410159	0.32694	0.324054	
1	1	1	1	1	1	1	1	1	1	1	1	1	1	1	1	1	1	1	1	1	1	1	1	1	0.274375	0.239611	0.274983	0.472409	0.362176	0.376422	0.230728	0.222942	0.311191	0.284773	0.38189	0.29873	0.355067	0.230822	0.191025	0.30534	0.401176	0.233561	0.290159	0.289508	0.300162	0.271701	0.25105	0.257316	0.311477	
1	1	1	1	1	1	1	1	1	1	1	1	1	1	1	1	1	1	1	1	1	1	1	1	1	0.197286	0.250128	0.306897	0.350658	0.319973	0.217318	0.257246	0.290562	0.204686	0.189465	0.212723	0.255644	0.298917	0.241393	0.290371	0.264061	0.255676	0.195631	0.192253	0.317488	0.348642	0.318539	0.316244	0.250925	0.277473	
0.5	0.5	0.5	0.5	0.5	0.5	0.5	0.5	0.5	0.5	0.5	0.5	0.5	0.5	0.5	0.5	0.5	0.5	0.5	0.5	0.5	0.5	0.5	0.5	0.5	0.610866	0.609751	0.602686	0.596071	0.613154	0.621523	0.630871	0.612405	0.59616	0.612229	0.610193	0.636127	0.64404	0.636678	0.619093	0.617072	0.598922	0.612161	0.633778	0.601534	0.64235	0.614848	0.589938	0.644023	0.632997	
0.5	0.5	0.5	0.5	0.5	0.5	0.5	0.5	0.5	0.5	0.5	0.5	0.5	0.5	0.5	0.5	0.5	0.5	0.5	0.5	0.5	0.5	0.5	0.5	0.5	0.782662	0.772695	0.787388	0.77107	0.725421	0.743834	0.796942	0.716563	0.782513	0.78295	0.761319	0.742918	0.802277	0.735042	0.793622	0.764641	0.804897	0.787884	0.759749	0.768756	0.772145	0.752204	0.783097	0.768353	0.773242	
0.5	0.5	0.5	0.5	0.5	0.5	0.5	0.5	0.5	0.5	0.5	0.5	0.5	0.5	0.5	0.5	0.5	0.5	0.5	0.5	0.5	0.5	0.5	0.5	0.5	0.813299	0.809037	0.842657	0.867836	0.836993	0.833784	0.85674	0.887364	0.820195	0.837917	0.816936	0.824838	0.860493	0.816875	0.821718	0.881098	0.83287	0.833287	0.826199	0.857929	0.808596	0.818173	0.79132	0.887397	0.855388	
0.5	0.5	0.5	0.5	0.5	0.5	0.5	0.5	0.5	0.5	0.5	0.5	0.5	0.5	0.5	0.5	0.5	0.5	0.5	0.5	0.5	0.5	0.5	0.5	0.5	0.842533	0.839363	0.894773	0.856338	0.834219	0.796135	0.816505	0.805776	0.834958	0.844078	0.780181	0.825328	0.825204	0.723091	0.787282	0.828966	0.78407	0.862774	0.855334	0.829764	0.868814	0.833799	0.837182	0.886061	0.818562	
0.5	0.5	0.5	0.5	0.5	0.5	0.5	0.5	0.5	0.5	0.5	0.5	0.5	0.5	0.5	0.5	0.5	0.5	0.5	0.5	0.5	0.5	0.5	0.5	0.5	0.760901	0.778809	0.67991	0.747931	0.759876	0.738218	0.770731	0.724756	0.769815	0.744414	0.70466	0.747454	0.726589	0.785327	0.768969	0.766821	0.723984	0.773794	0.728172	0.754433	0.79432	0.730055	0.76388	0.837563	0.840658	
0.5	0.5	0.5	0.5	0.5	0.5	0.5	0.5	0.5	0.5	0.5	0.5	0.5	0.5	0.5	0.5	0.5	0.5	0.5	0.5	0.5	0.5	0.5	0.5	0.5	0.697209	0.727092	0.692863	0.734192	0.706616	0.677543	0.741305	0.64059	0.748367	0.778627	0.68277	0.673021	0.673069	0.686521	0.665592	0.646991	0.675108	0.652771	0.68647	0.686491	0.671326	0.719851	0.684892	0.660522	0.698837	
0.5	0.5	0.5	0.5	0.5	0.5	0.5	0.5	0.5	0.5	0.5	0.5	0.5	0.5	0.5	0.5	0.5	0.5	0.5	0.5	0.5	0.5	0.5	0.5	0.5	0.507919	0.531942	0.526718	0.483579	0.506855	0.599358	0.547721	0.5254	0.563119	0.595277	0.518044	0.605582	0.489407	0.524055	0.481027	0.501028	0.547367	0.548663	0.524252	0.52573	0.585644	0.519182	0.488779	0.471789	0.572903	
0.5	0.5	0.5	0.5	0.5	0.5	0.5	0.5	0.5	0.5	0.5	0.5	0.5	0.5	0.5	0.5	0.5	0.5	0.5	0.5	0.5	0.5	0.5	0.5	0.5	0.455815	0.416905	0.432384	0.409129	0.409511	0.426245	0.402633	0.364927	0.426933	0.496901	0.425672	0.446048	0.38318	0.437231	0.473724	0.395193	0.351862	0.487492	0.429729	0.418492	0.393908	0.431915	0.43028	0.435681	0.385569	
1	1	1	1	1	1	1	1	1	1	1	1	1	1	1	1	1	1	1	1	1	1	1	1	1	0.624739	0.622749	0.635395	0.603548	0.623971	0.631763	0.609112	0.631666	0.636519	0.607676	0.622149	0.643985	0.652982	0.63362	0.621057	0.647488	0.646726	0.635024	0.606312	0.610105	0.649268	0.59715	0.639858	0.623854	0.621976	
1	1	1	1	1	1	1	1	1	1	1	1	1	1	1	1	1	1	1	1	1	1	1	1	1	0.759655	0.764758	0.761385	0.808956	0.767794	0.772763	0.804063	0.729109	0.794079	0.774563	0.795206	0.800426	0.769012	0.767205	0.767596	0.772354	0.765756	0.771053	0.79663	0.782641	0.786607	0.777311	0.807817	0.76678	0.771234	
1	1	1	1	1	1	1	1	1	1	1	1	1	1	1	1	1	1	1	1	1	1	1	1	1	0.856233	0.910264	0.858793	0.879786	0.891713	0.864891	0.83667	0.874057	0.863218	0.862444	0.861593	0.839503	0.853145	0.827683	0.86805	0.851372	0.851672	0.842115	0.864365	0.852861	0.901448	0.875189	0.842259	0.864767	0.85158	
1	1	1	1	1	1	1	1	1	1	1	1	1	1	1	1	1	1	1	1	1	1	1	1	1	0.904035	0.846965	0.87863	0.867203	0.875346	0.800124	0.88855	0.865724	0.851127	0.879757	0.856083	0.921504	0.836979	0.900837	0.844937	0.886148	0.88495	0.864402	0.834068	0.915801	0.906859	0.87886	0.869023	0.836223	0.874084	
1	1	1	1	1	1	1	1	1	1	1	1	1	1	1	1	1	1	1	1	1	1	1	1	1	0.851334	0.853854	0.815209	0.81158	0.794512	0.805157	0.872708	0.784787	0.751117	0.882054	0.855913	0.806156	0.777969	0.797531	0.800442	0.793918	0.810965	0.894379	0.834834	0.805318	0.848272	0.762924	0.82502	0.828131	0.828823	
1	1	1	1	1	1	1	1	1	1	1	1	1	1	1	1	1	1	1	1	1	1	1	1	1	0.731498	0.736356	0.811996	0.792438	0.748873	0.789935	0.744335	0.728075	0.759355	0.810226	0.891626	0.823891	0.757274	0.777239	0.808144	0.790509	0.725339	0.786427	0.70806	0.71821	0.851685	0.807325	0.732463	0.737966	0.809961	
1	1	1	1	1	1	1	1	1	1	1	1	1	1	1	1	1	1	1	1	1	1	1	1	1	0.568289	0.741065	0.565381	0.642037	0.621308	0.667371	0.569413	0.645567	0.625347	0.67184	0.62869	0.644132	0.698494	0.631827	0.668804	0.598946	0.596276	0.63045	0.708929	0.641616	0.618874	0.598641	0.634878	0.597027	0.657798	
1	1	1	1	1	1	1	1	1	1	1	1	1	1	1	1	1	1	1	1	1	1	1	1	1	0.671089	0.50898	0.580298	0.581113	0.502694	0.509313	0.471665	0.556337	0.570665	0.550232	0.499377	0.619343	0.475706	0.600312	0.592211	0.527776	0.525845	0.54271	0.474315	0.574191	0.522656	0.602077	0.448737	0.475165	0.578559	
0.5	0.5	0.5	0.5	0.5	0.5	0.5	0.5	0.5	0.5	0.5	0.5	0.5	0.5	0.5	0.5	0.5	0.5	0.5	0.5	0.5	0.5	0.5	0.5	0.5	0.62475	0.623671	0.632894	0.605145	0.609145	0.658907	0.578219	0.618095	0.626643	0.619102	0.608261	0.623031	0.588133	0.627349	0.626786	0.604939	0.605588	0.61781	0.581434	0.615224	0.597839	0.626078	0.57811	0.582431	0.616568	
0.5	0.5	0.5	0.5	0.5	0.5	0.5	0.5	0.5	0.5	0.5	0.5	0.5	0.5	0.5	0.5	0.5	0.5	0.5	0.5	0.5	0.5	0.5	0.5	0.5	0.754357	0.78599	0.774276	0.708869	0.756879	0.754406	0.687895	0.792977	0.768973	0.711038	0.67794	0.806514	0.773965	0.778994	0.713747	0.771031	0.742829	0.737122	0.766195	0.737968	0.764088	0.810431	0.725999	0.714533	0.708398	
0.5	0.5	0.5	0.5	0.5	0.5	0.5	0.5	0.5	0.5	0.5	0.5	0.5	0.5	0.5	0.5	0.5	0.5	0.5	0.5	0.5	0.5	0.5	0.5	0.5	0.686563	0.692674	0.688263	0.669078	0.711025	0.642679	0.678615	0.585778	0.708655	0.632942	0.624279	0.659781	0.654367	0.694031	0.727393	0.720251	0.686212	0.614674	0.692115	0.676742	0.684529	0.694411	0.664468	0.62619	0.761204	
0.5	0.5	0.5	0.5	0.5	0.5	0.5	0.5	0.5	0.5	0.5	0.5	0.5	0.5	0.5	0.5	0.5	0.5	0.5	0.5	0.5	0.5	0.5	0.5	0.5	0.568434	0.543214	0.567359	0.491527	0.482122	0.543593	0.516412	0.583133	0.593178	0.476632	0.571746	0.502001	0.513414	0.546068	0.508246	0.544569	0.574059	0.475912	0.504863	0.627535	0.504539	0.540033	0.587068	0.530674	0.563332	
0.5	0.5	0.5	0.5	0.5	0.5	0.5	0.5	0.5	0.5	0.5	0.5	0.5	0.5	0.5	0.5	0.5	0.5	0.5	0.5	0.5	0.5	0.5	0.5	0.5	0.425092	0.431541	0.463721	0.44806	0.431531	0.380231	0.413696	0.426116	0.430829	0.430347	0.369474	0.38617	0.451932	0.386924	0.392769	0.418173	0.41139	0.40748	0.416726	0.413478	0.45497	0.358658	0.416701	0.422551	0.361166	
0.5	0.5	0.5	0.5	0.5	0.5	0.5	0.5	0.5	0.5	0.5	0.5	0.5	0.5	0.5	0.5	0.5	0.5	0.5	0.5	0.5	0.5	0.5	0.5	0.5	0.312984	0.406154	0.399582	0.322862	0.353245	0.317685	0.36451	0.327548	0.330722	0.328785	0.425924	0.361894	0.365812	0.350232	0.349397	0.32751	0.33269	0.323101	0.31011	0.374725	0.306909	0.37319	0.356883	0.337537	0.317453	
0.5	0.5	0.5	0.5	0.5	0.5	0.5	0.5	0.5	0.5	0.5	0.5	0.5	0.5	0.5	0.5	0.5	0.5	0.5	0.5	0.5	0.5	0.5	0.5	0.5	0.27979	0.223754	0.270008	0.302831	0.266011	0.322044	0.263801	0.307671	0.225479	0.247289	0.278356	0.253964	0.310421	0.248634	0.321699	0.2811	0.331104	0.249855	0.274415	0.269547	0.366342	0.304011	0.261845	0.254001	0.245109	
0.5	0.5	0.5	0.5	0.5	0.5	0.5	0.5	0.5	0.5	0.5	0.5	0.5	0.5	0.5	0.5	0.5	0.5	0.5	0.5	0.5	0.5	0.5	0.5	0.5	0.384475	0.236571	0.235367	0.212705	0.260409	0.259301	0.241523	0.231041	0.257011	0.231175	0.324573	0.193748	0.316106	0.248409	0.19293	0.298736	0.231331	0.281764	0.22386	0.245195	0.240762	0.291743	0.268836	0.203585	0.182914	
1	1	1	1	1	1	1	1	1	1	1	1	1	1	1	1	1	1	1	1	1	1	1	1	1	0.627427	0.603137	0.596258	0.625178	0.610917	0.612978	0.627346	0.588861	0.599161	0.614445	0.650961	0.585574	0.603704	0.629599	0.594101	0.637495	0.634134	0.619178	0.625929	0.603548	0.638066	0.632934	0.618115	0.582613	0.598989	
1	1	1	1	1	1	1	1	1	1	1	1	1	1	1	1	1	1	1	1	1	1	1	1	1	0.798193	0.739498	0.780132	0.754365	0.80797	0.747933	0.741259	0.806169	0.755658	0.78115	0.755999	0.755904	0.769986	0.734881	0.756186	0.773881	0.737499	0.787887	0.735598	0.794801	0.811995	0.741518	0.797661	0.759792	0.805146	
1	1	1	1	1	1	1	1	1	1	1	1	1	1	1	1	1	1	1	1	1	1	1	1	1	0.729397	0.755267	0.769691	0.727117	0.72756	0.754572	0.786939	0.686961	0.732363	0.64669	0.714257	0.738001	0.724531	0.727758	0.779511	0.814259	0.79013	0.685874	0.691088	0.745308	0.678143	0.763533	0.769151	0.710085	0.708099	
1	1	1	1	1	1	1	1	1	1	1	1	1	1	1	1	1	1	1	1	1	1	1	1	1	0.595422	0.611301	0.627671	0.56464	0.582171	0.588728	0.609691	0.587711	0.624514	0.566884	0.558747	0.601495	0.637949	0.640197	0.651649	0.712829	0.629959	0.584434	0.629408	0.665395	0.591186	0.668169	0.604661	0.569341	0.651749	
1	1	1	1	1	1	1	1	1	1	1	1	1	1	1	1	1	1	1	1	1	1	1	1	1	0.540557	0.524206	0.452329	0.542478	0.57377	0.539659	0.446308	0.463524	0.48482	0.546115	0.426307	0.459896	0.513798	0.433278	0.495241	0.464276	0.441248	0.574783	0.446149	0.501977	0.503228	0.529314	0.576437	0.500155	0.431669	
1	1	1	1	1	1	1	1	1	1	1	1	1	1	1	1	1	1	1	1	1	1	1	1	1	0.460115	0.450111	0.540726	0.393136	0.406181	0.364952	0.367322	0.344873	0.450226	0.38263	0.400006	0.434176	0.432251	0.489182	0.436182	0.478237	0.467529	0.410321	0.423042	0.457284	0.438649	0.434356	0.502202	0.491264	0.405279	
1	1	1	1	1	1	1	1	1	1	1	1	1	1	1	1	1	1	1	1	1	1	1	1	1	0.302247	0.35888	0.379698	0.322633	0.403354	0.349726	0.358988	0.366702	0.351018	0.302127	0.340605	0.403157	0.331164	0.401214	0.310824	0.350691	0.345857	0.380261	0.332541	0.347905	0.352646	0.355902	0.318941	0.361862	0.355031	
1	1	1	1	1	1	1	1	1	1	1	1	1	1	1	1	1	1	1	1	1	1	1	1	1	0.369361	0.284632	0.432344	0.42859	0.365801	0.289952	0.32818	0.304947	0.319557	0.396092	0.282387	0.247969	0.327963	0.267241	0.264487	0.46283	0.345314	0.341228	0.294907	0.306565	0.315585	0.243927	0.36822	0.265755	0.300093	
