	1.11	1.12	1.13	1.14	1.15	1.16	1.17	1.18	1.19	1.2	1.21	1.22	1.23	1.24	1.25	1.26	1.27	1.28	1.29	1.3	1.31	1.32	1.33	1.34	1.35	1.36	1.37	1.38	1.39	1.4	1.41	1.42	1.43	1.44	1.45	1.46	1.47	1.48	1.49	1.5	1.51	1.52	1.53	1.54	1.55	1.56	1.57	1.58	1.59	1.6	1.61	1.62	1.63	1.64	1.65	1.66	1.67	1.68	1.69	1.7	1.71	1.72	1.73	1.74	1.75	1.76	1.77	1.78	1.79	1.8	1.81	1.82	1.83	1.84	1.85	1.86	1.87	1.88	1.89	1.9	1.91	1.92	1.93	1.94	1.95	1.96	1.97	1.98	1.99	2	2.01	2.02	2.03	2.04	2.05	2.06	2.07	2.08	2.09	2.1
0.02	10	10	10	10	1	1	1	1	1	1	1	1	1	1	1	1	1	1	1	1	1	1	1	1	1	1	1	1	1	1	1	1	1	1	1	1	1	1	1	0.9999996	0.9999996	0.9999996	0.9999996	0.9999994	0.9999981	0.9999984	0.999998	0.9999979	0.999998	0.9999985	0.9999985	0.9999985	0.9999989	0.9999988	0.9999991	0.9999994	1.003324	1.004639	1.005959	1.012397	1.013831	1.01527	1.016712	1.024111	1.02567	1.027232	1.028798	1.030367	1.038897	1.040583	1.042272	1.051752	1.05356	1.050817	1.062137	1.07451	1.087133	1.080898	1.06777	1.066715	1.067243	1.071778	1.077676	1.079682	1.078103	1.086378	1.076613	1.0918	1.080507	1.095819	1.110748	1.104318	1.099126	1.102665	1.108969	1.114777	1.117508	1.117308	1.114848	1.115357
0.03	10	10	10	10	1	1	1	1	1	1	1	1	1	1	1	1	1	1	1	1	1	1	1	1	1	1	1	1	1	1	1	1	1	1	1	1	1	1	1	1	1	1	1	1	1	1	1	1	1	1	1	1	1	1	1	1	1	1	1	0.9999999	0.9999999	0.9999999	1	1	0.9999993	0.9999993	0.9999992	0.9999992	0.9999992	0.9999987	0.9999989	0.999999	0.9999988	0.999999	1.003788	1.004589	1.009656	1.010535	1.011416	1.017177	1.018141	1.019108	1.020077	1.026679	1.027735	1.028793	1.029852	1.037367	1.038518	1.039671	1.040825	1.041982	1.050571	1.051822	1.053073	1.054327	1.055581	1.056837	1.058094	1.068023
0.04	10	10	10	10	1	1	1	1	1	1	1	1	1	1	1	1	1	1	1	1	1	1	1	1	1	1	1	1	1	1	1	1	1	1	1	1	1	1	1	1	1	1	1	1	1	1	1	1	1	1	1	1	1	1	1	1	1	1	1	1	1	1	1	1	1	1	1	1	1	1	1	1	1	1	1	1	1	1	0.9999999	1	1	0.9999999	0.9999998	1	1	1	1	1	1	1	0.9999997	0.9999997	0.9999997	0.9999997	1.005731	1.006962	1.008183	1.009393	1.010516	1.018074
0.05	10	10	10	10	1	1	1	1	1	1	1	1	1	1	1	1	1	1	1	1	1	1	1	1	1	1	1	1	1	1	1	1	1	1	1	1	1	1	1	1	1	1	1	1	1	1	1	1	1	1	1	1	1	1	1	1	1	1	1	1	1	1	1	1	1	1	1	1	1	1	1	1	1	1	1	1	1	1	1	1	1	1	1	1	1	1	1	1	1	1	1	1	1	1	1	1	1	1	0.9999999	1
0.06	10	10	10	10	1	1	1	1	1	1	1	1	1	1	1	1	1	1	1	1	1	1	1	1	1	1	1	1	1	1	1	1	1	1	1	1	1	1	1	1	1	1	1	1	1	1	1	1	1	1	1	1	1	1	1	1	1	1	1	1	1	1	1	1	1	1	1	1	1	1	1	1	1	1	1	1	1	1	1	1	1	1	1	1	1	1	1	1	1	1	1	1	1	1	1	1	1	1	1	1
0.07	10	10	10	10	1	1	1	1	1	1	1	1	1	1	1	1	1	1	1	1	1	1	1	1	1	1	1	1	1	1	1	1	1	1	1	1	1	1	1	1	1	1	1	1	1	1	1	1	1	1	1	1	1	1	1	1	1	1	1	1	1	1	1	1	1	1	1	1	1	1	1	1	1	1.000115	1.000235	1.000349	1.000459	1.000564	1.000665	1.000762	1.000855	1.000944	1.00103	1.001112	1.00119	1.001266	1.001339	1.001408	1.001475	1.00154	1.001602	1.001661	1.001718	1.001773	1.001826	1.001877	1.001926	1.001973	1.002018	1.002061
0.08	10	10	10	10	1	1	1	1	1	1	1	1	1	1	1	1	1	1	1	1	1	1	1	1	1	1	1	1	1	1	1	1	1	1	1	1	1	1	1	1	1	1	1	1	1	1	1	1	1.000157	1.000624	1.001073	1.001504	1.001918	1.002317	1.002699	1.003067	1.003421	1.003761	1.004089	1.004403	1.004706	1.004997	1.005277	1.005546	1.005805	1.006055	1.006295	1.006526	1.006749	1.006963	1.007169	1.007368	1.007559	1.007743	1.007921	1.008092	1.008257	1.008416	1.008569	1.008717	1.008859	1.008997	1.009129	1.009257	1.00938	1.009499	1.009614	1.009725	1.009832	1.009935	1.010035	1.010131	1.010224	1.010314	1.010401	1.010484	1.010566	1.010644	1.01072	1.010793
0.09	10	10	10	10	1	1	1	1	1	1	1	1	1	1	1	1	1	1	1	1	1	1	1	1	1	1	1	1	1	1	1	1	1	1	1	1	1	1	1	1	1	1.000494	1.001217	1.001914	1.002586	1.003236	1.003862	1.004467	1.00505	1.005613	1.006157	1.006682	1.007189	1.007679	1.008151	1.008608	1.009049	1.009474	1.009886	1.010283	1.010667	1.011038	1.011397	1.011743	1.012078	1.012402	1.012715	1.013018	1.01331	1.013593	1.013867	1.014131	1.014387	1.014635	1.014874	1.015106	1.015331	1.015548	1.015758	1.015961	1.016158	1.016349	1.016534	1.016712	1.016886	1.017054	1.017216	1.017374	1.017526	1.017674	1.017818	1.017957	1.018091	1.018222	1.018349	1.018471	1.018591	1.018706	1.018818	1.018927
0.1	10	10	10	10	1	1	1	1	1	1	1	1	1	1	1	1	1	1	1	1	1	1	1	1	1	1	1	1	1	1	1	1	1	1	1	1	1	1.000633	1.001562	1.002462	1.003332	1.004174	1.004989	1.005778	1.006542	1.007282	1.007998	1.008692	1.009364	1.010015	1.010646	1.011257	1.011849	1.012423	1.012979	1.013518	1.01404	1.014546	1.015037	1.015513	1.015975	1.016422	1.016856	1.017277	1.017685	1.018081	1.018465	1.018838	1.019199	1.01955	1.01989	1.020221	1.020542	1.020853	1.021155	1.021448	1.021733	1.02201	1.022278	1.022539	1.022793	1.023039	1.023278	1.02351	1.023736	1.023955	1.024169	1.024376	1.024577	1.024773	1.024964	1.025149	1.025329	1.025504	1.025674	1.02584	1.026001	1.026158	1.02631	1.026459
0.11	10	10	10	10	1	1	1	1	1	1	1	1	1	1	1	1	1	1	1	1	1	1	1	1	1	1	1	1	1	1	1	1	1	1	1.000331	1.001445	1.002524	1.00357	1.004584	1.005567	1.006521	1.007447	1.008344	1.009216	1.010062	1.010883	1.01168	1.012454	1.013206	1.013936	1.014646	1.015335	1.016005	1.016655	1.017288	1.017902	1.0185	1.01908	1.019645	1.020193	1.020727	1.021246	1.021751	1.022241	1.022719	1.023183	1.023634	1.024074	1.024501	1.024917	1.025322	1.025716	1.026099	1.026473	1.026836	1.027189	1.027534	1.027869	1.028195	1.028513	1.028823	1.029124	1.029418	1.029704	1.029982	1.030254	1.030518	1.030776	1.031028	1.031272	1.031511	1.031744	1.031971	1.032192	1.032407	1.032617	1.032823	1.033022	1.033218	1.033408
0.12	10	10	10	10	1	1	1	1	1	1	1	1	1	1	1	1	1	1	1	1	1	1	1	1	1	1	1	1	1	1	1	1	1.000243	1.001509	1.002738	1.003929	1.005086	1.006208	1.007299	1.008358	1.009387	1.010387	1.01136	1.012305	1.013225	1.014119	1.014989	1.015836	1.01666	1.017462	1.018243	1.019003	1.019743	1.020463	1.021165	1.021849	1.022515	1.023163	1.023795	1.024411	1.025011	1.025596	1.026166	1.026722	1.027263	1.027791	1.028306	1.028808	1.029298	1.029775	1.03024	1.030694	1.031137	1.031569	1.031991	1.032402	1.032803	1.033195	1.033577	1.033949	1.034313	1.034669	1.035015	1.035354	1.035684	1.036007	1.036322	1.03663	1.03693	1.037224	1.037511	1.037791	1.038064	1.038331	1.038593	1.038848	1.039097	1.039341	1.039579	1.039812
0.13	10	10	10	10	1	1	1	1	1	1	1	1	1	1	1	1	1	1	1	1	1	1	1	1	1	1	1	1	1	1	1	1.000898	1.002278	1.003616	1.004916	1.006179	1.007406	1.008598	1.009758	1.010886	1.011984	1.013053	1.014093	1.015105	1.016092	1.017053	1.017989	1.018902	1.019791	1.020658	1.021504	1.022328	1.023132	1.023917	1.024682	1.025428	1.026157	1.026868	1.027562	1.028239	1.0289	1.029545	1.030176	1.030791	1.031392	1.031979	1.032552	1.033112	1.033659	1.034194	1.034716	1.035226	1.035725	1.036212	1.036689	1.037154	1.037609	1.038054	1.038489	1.038914	1.03933	1.039736	1.040134	1.040523	1.040903	1.041275	1.041639	1.041995	1.042343	1.042683	1.043017	1.043343	1.043662	1.043975	1.04428	1.04458	1.044873	1.04516	1.04544	1.045715
0.14	10	10	10	10	1	1	1	1	1	1	1	1	1	1	1	1	1	1	1	1	1	1	1	1	1	1	1	1	1	1	1.001193	1.002683	1.00413	1.005535	1.006901	1.008229	1.009521	1.010778	1.012002	1.013193	1.014354	1.015485	1.016587	1.017662	1.018709	1.019731	1.020728	1.021701	1.02265	1.023577	1.024482	1.025365	1.026228	1.02707	1.027893	1.028697	1.029483	1.030251	1.031002	1.031735	1.032453	1.033154	1.03384	1.03451	1.035166	1.035807	1.036435	1.037048	1.037649	1.038236	1.038811	1.039374	1.039924	1.040463	1.04099	1.041507	1.042012	1.042507	1.042991	1.043466	1.04393	1.044385	1.044831	1.045267	1.045695	1.046114	1.046524	1.046926	1.04732	1.047705	1.048084	1.048454	1.048817	1.049173	1.049522	1.049864	1.050199	1.050528	1.05085	1.051166
0.15	10	10	10	10	1	1	1	1	1	1	1	1	1	1	1	1	1	1	1	1	1	1	1	1	1	1	1	1	1	1.001162	1.002761	1.004315	1.005824	1.007292	1.008719	1.010108	1.01146	1.012777	1.01406	1.015311	1.01653	1.017718	1.018878	1.020009	1.021114	1.022192	1.023245	1.024273	1.025277	1.026259	1.027218	1.028155	1.029072	1.029968	1.030845	1.031702	1.03254	1.033361	1.034164	1.034949	1.035718	1.036471	1.037207	1.037929	1.038635	1.039326	1.040004	1.040667	1.041317	1.041954	1.042577	1.043188	1.043787	1.044374	1.044949	1.045513	1.046065	1.046606	1.047137	1.047658	1.048168	1.048669	1.049159	1.04964	1.050112	1.050575	1.051029	1.051475	1.051912	1.05234	1.052761	1.053174	1.053578	1.053976	1.054366	1.054749	1.055124	1.055493	1.055855	1.05621
0.16	10	10	10	10	1	1	1	1	1	1	1	1	1	1	1	1	1	1	1	1	1	1	1	1	1	1	1	1	1.000833	1.002541	1.004201	1.005813	1.007382	1.008907	1.010392	1.011838	1.013247	1.01462	1.015958	1.017263	1.018536	1.019779	1.020992	1.022177	1.023334	1.024464	1.025569	1.026648	1.027704	1.028736	1.029746	1.030734	1.0317	1.032646	1.033572	1.034478	1.035365	1.036234	1.037085	1.037919	1.038735	1.039535	1.040319	1.041088	1.041841	1.042579	1.043302	1.044012	1.044707	1.045389	1.046058	1.046714	1.047358	1.047989	1.048609	1.049216	1.049812	1.050398	1.050972	1.051535	1.052088	1.052631	1.053164	1.053687	1.054201	1.054705	1.0552	1.055687	1.056164	1.056633	1.057094	1.057546	1.057991	1.058427	1.058856	1.059278	1.059692	1.060099	1.060498	1.060891
0.17	10	10	10	10	1	1	1	1	1	1	1	1	1	1	1	1	1	1	1	1	1	1	1	1	1	1	1	1.000229	1.002046	1.003811	1.005527	1.007195	1.008819	1.010399	1.011938	1.013437	1.014899	1.016324	1.017714	1.019071	1.020395	1.021688	1.022951	1.024186	1.025392	1.026571	1.027724	1.028852	1.029955	1.031035	1.032092	1.033126	1.034139	1.035131	1.036103	1.037055	1.037988	1.038902	1.039797	1.040676	1.041537	1.042381	1.043209	1.044021	1.044817	1.045598	1.046365	1.047117	1.047855	1.04858	1.049291	1.049989	1.050674	1.051347	1.052007	1.052656	1.053293	1.053919	1.054533	1.055137	1.05573	1.056312	1.056885	1.057447	1.058	1.058543	1.059077	1.059601	1.060117	1.060624	1.061122	1.061612	1.062094	1.062567	1.063033	1.063491	1.063941	1.064384	1.06482	1.065248
0.18	10	10	10	10	1	1	1	1	1	1	1	1	1	1	1	1	1	1	1	1	1	1	1	1	1	1	1	1.001295	1.003166	1.004985	1.006753	1.008474	1.010149	1.011781	1.01337	1.01492	1.016432	1.017906	1.019346	1.020751	1.022123	1.023464	1.024774	1.026055	1.027307	1.028533	1.029731	1.030904	1.032053	1.033177	1.034278	1.035356	1.036413	1.037448	1.038462	1.039457	1.040432	1.041388	1.042326	1.043246	1.044148	1.045034	1.045903	1.046755	1.047592	1.048414	1.049221	1.050013	1.05079	1.051554	1.052305	1.053042	1.053766	1.054477	1.055176	1.055863	1.056538	1.057202	1.057854	1.058495	1.059126	1.059745	1.060355	1.060954	1.061543	1.062122	1.062692	1.063253	1.063804	1.064347	1.064881	1.065406	1.065922	1.066431	1.066931	1.067424	1.067908	1.068385	1.068854	1.069317
0.19	10	10	10	10	1	1	1	1	1	1	1	1	1	1	1	1	1	1	1	1	1	1	1	1	1	1	1.000305	1.002282	1.004203	1.006072	1.00789	1.00966	1.011385	1.013065	1.014703	1.0163	1.017859	1.01938	1.020866	1.022317	1.023734	1.02512	1.026475	1.0278	1.029096	1.030365	1.031606	1.032822	1.034012	1.035179	1.036321	1.037441	1.038538	1.039614	1.040669	1.041704	1.042719	1.043715	1.044692	1.045651	1.046592	1.047516	1.048424	1.049315	1.05019	1.051049	1.051893	1.052723	1.053538	1.054338	1.055125	1.055899	1.05666	1.057407	1.058142	1.058865	1.059576	1.060275	1.060962	1.061639	1.062304	1.062958	1.063602	1.064236	1.06486	1.065473	1.066077	1.066671	1.067256	1.067832	1.068399	1.068958	1.069507	1.070048	1.070581	1.071106	1.071623	1.072132	1.072633	1.073127
0.2	10	10	10	10	1	1	1	1	1	1	1	1	1	1	1	1	1	1	1	1	1	1	1	1	1	1	1.001172	1.003197	1.005166	1.007082	1.008948	1.010765	1.012535	1.014261	1.015945	1.017587	1.019191	1.020756	1.022286	1.02378	1.025241	1.026669	1.028066	1.029433	1.030771	1.03208	1.033363	1.034619	1.03585	1.037055	1.038237	1.039396	1.040532	1.041647	1.04274	1.043813	1.044866	1.045899	1.046913	1.047909	1.048887	1.049847	1.050791	1.051718	1.052628	1.053523	1.054403	1.055267	1.056117	1.056953	1.057774	1.058582	1.059377	1.060159	1.060928	1.061684	1.062428	1.063161	1.063882	1.064591	1.065289	1.065976	1.066653	1.067319	1.067974	1.06862	1.069256	1.069882	1.070498	1.071106	1.071704	1.072293	1.072874	1.073446	1.074009	1.074565	1.075112	1.075651	1.076182	1.076706
0.21	10	10	10	10	1	1	1	1	1	1	1	1	1	1	1	1	1	1	1	1	1	1	1	1	1	1	1.001978	1.004048	1.006063	1.008024	1.009934	1.011795	1.013609	1.015379	1.017106	1.018791	1.020437	1.022045	1.023616	1.025151	1.026653	1.028122	1.029559	1.030966	1.032343	1.033692	1.035013	1.036307	1.037576	1.038819	1.040039	1.041235	1.042408	1.043559	1.044688	1.045797	1.046885	1.047954	1.049003	1.050034	1.051047	1.052042	1.053019	1.05398	1.054925	1.055853	1.056766	1.057664	1.058547	1.059415	1.060269	1.06111	1.061937	1.062751	1.063551	1.06434	1.065115	1.065879	1.066631	1.067372	1.068101	1.068819	1.069526	1.070222	1.070908	1.071584	1.07225	1.072906	1.073552	1.074189	1.074817	1.075436	1.076045	1.076646	1.077239	1.077823	1.078399	1.078966	1.079526	1.080078
0.22	10	10	10	10	1	1	1	1	1	1	1	1	1	1	1	1	1	1	1	1	1	1	1	1	1	1.000558	1.002729	1.004842	1.006899	1.008903	1.010855	1.012758	1.014614	1.016425	1.018193	1.019919	1.021606	1.023253	1.024864	1.026439	1.02798	1.029487	1.030963	1.032407	1.033822	1.035208	1.036566	1.037897	1.039202	1.040481	1.041736	1.042968	1.044176	1.045361	1.046525	1.047668	1.048791	1.049893	1.050976	1.05204	1.053085	1.054113	1.055123	1.056116	1.057093	1.058053	1.058998	1.059927	1.060841	1.06174	1.062626	1.063497	1.064354	1.065198	1.066029	1.066848	1.067653	1.068447	1.069228	1.069998	1.070756	1.071503	1.072239	1.072965	1.073679	1.074384	1.075078	1.075762	1.076437	1.077102	1.077757	1.078403	1.079041	1.079669	1.080289	1.0809	1.081503	1.082098	1.082684	1.083263
0.23	10	10	10	10	1	1	1	1	1	1	1	1	1	1	1	1	1	1	1	1	1	1	1	1	1	1.001219	1.003431	1.005585	1.007682	1.009726	1.011718	1.013661	1.015557	1.017407	1.019214	1.020979	1.022704	1.02439	1.026038	1.027651	1.029228	1.030773	1.032285	1.033766	1.035216	1.036638	1.038031	1.039397	1.040736	1.04205	1.043339	1.044604	1.045846	1.047065	1.048262	1.049437	1.050592	1.051726	1.052841	1.053936	1.055013	1.056072	1.057113	1.058137	1.059144	1.060135	1.06111	1.062069	1.063013	1.063942	1.064856	1.065756	1.066643	1.067516	1.068375	1.069222	1.070056	1.070878	1.071687	1.072485	1.073271	1.074046	1.074809	1.075562	1.076303	1.077035	1.077756	1.078467	1.079168	1.079859	1.080541	1.081214	1.081877	1.082532	1.083177	1.083814	1.084443	1.085063	1.085675	1.086279
0.24	10	10	10	10	1	1	1	1	1	1	1	1	1	1	1	1	1	1	1	1	1	1	1	1	1	1.001838	1.004088	1.00628	1.008416	1.010498	1.012528	1.014509	1.016442	1.01833	1.020174	1.021976	1.023738	1.02546	1.027144	1.028793	1.030406	1.031986	1.033533	1.035048	1.036533	1.037988	1.039415	1.040815	1.042187	1.043534	1.044856	1.046153	1.047427	1.048677	1.049906	1.051112	1.052298	1.053463	1.054608	1.055734	1.056841	1.057929	1.059	1.060053	1.06109	1.062109	1.063113	1.0641	1.065072	1.06603	1.066972	1.0679	1.068814	1.069714	1.070601	1.071475	1.072336	1.073185	1.074021	1.074845	1.075657	1.076458	1.077248	1.078026	1.078794	1.079551	1.080297	1.081034	1.08176	1.082477	1.083184	1.083881	1.084569	1.085249	1.085919	1.08658	1.087233	1.087877	1.088513	1.089141
0.25	10	10	10	10	1	1	1	1	1	1	1	1	1	1	1	1	1	1	1	1	1	1	1	1	1.00007	1.002418	1.004704	1.006933	1.009105	1.011223	1.01329	1.015307	1.017276	1.0192	1.021079	1.022916	1.024713	1.02647	1.028189	1.029871	1.031519	1.033132	1.034712	1.036261	1.037779	1.039267	1.040726	1.042158	1.043562	1.04494	1.046293	1.047621	1.048925	1.050206	1.051465	1.052701	1.053917	1.055111	1.056286	1.05744	1.058576	1.059693	1.060792	1.061873	1.062937	1.063985	1.065016	1.06603	1.06703	1.068014	1.068983	1.069938	1.070878	1.071805	1.072718	1.073617	1.074504	1.075378	1.07624	1.077089	1.077927	1.078752	1.079567	1.08037	1.081162	1.081944	1.082715	1.083475	1.084226	1.084966	1.085697	1.086418	1.08713	1.087833	1.088526	1.089211	1.089887	1.090554	1.091213	1.091864
0.26	10	10	10	10	1	1	1	1	1	1	1	1	1	1	1	1	1	1	1	1	1	1	1	1	1.00058	1.002962	1.005284	1.007547	1.009753	1.011906	1.014007	1.016058	1.018062	1.02002	1.021933	1.023804	1.025634	1.027424	1.029176	1.030892	1.032572	1.034217	1.03583	1.03741	1.038959	1.040479	1.041969	1.043431	1.044866	1.046274	1.047657	1.049015	1.050348	1.051659	1.052946	1.054211	1.055455	1.056678	1.05788	1.059063	1.060226	1.061371	1.062497	1.063605	1.064696	1.065769	1.066827	1.067868	1.068893	1.069903	1.070898	1.071878	1.072843	1.073795	1.074733	1.075658	1.076569	1.077467	1.078353	1.079227	1.080088	1.080938	1.081776	1.082603	1.083419	1.084224	1.085018	1.085801	1.086575	1.087338	1.088092	1.088835	1.08957	1.090295	1.091011	1.091717	1.092415	1.093105	1.093786	1.094458
0.27	10	10	10	10	1	1	1	1	1	1	1	1	1	1	1	1	1	1	1	1	1	1	1	1	1.00106	1.003475	1.005829	1.008125	1.010365	1.01255	1.014684	1.016768	1.018805	1.020795	1.022741	1.024644	1.026506	1.028328	1.030111	1.031858	1.033569	1.035246	1.036889	1.0385	1.040079	1.041629	1.043149	1.04464	1.046104	1.047542	1.048953	1.05034	1.051702	1.05304	1.054355	1.055648	1.056919	1.058169	1.059399	1.060608	1.061798	1.062968	1.064121	1.065255	1.066371	1.06747	1.068553	1.069619	1.070669	1.071704	1.072723	1.073728	1.074718	1.075694	1.076655	1.077604	1.078539	1.079461	1.08037	1.081267	1.082151	1.083024	1.083885	1.084734	1.085572	1.086399	1.087216	1.088022	1.088817	1.089602	1.090377	1.091143	1.091899	1.092645	1.093382	1.09411	1.094829	1.09554	1.096241	1.096935
0.28	10	10	10	10	1	1	1	1	1	1	1	1	1	1	1	1	1	1	1	1	1	1	1	1	1.001512	1.003958	1.006344	1.008671	1.010942	1.013159	1.015324	1.017439	1.019507	1.021528	1.023505	1.025439	1.027331	1.029184	1.030998	1.032775	1.034516	1.036222	1.037895	1.039535	1.041144	1.042722	1.044271	1.045791	1.047283	1.048748	1.050187	1.051601	1.05299	1.054356	1.055698	1.057017	1.058315	1.059591	1.060846	1.062081	1.063296	1.064493	1.06567	1.066829	1.06797	1.069094	1.070201	1.071291	1.072365	1.073424	1.074467	1.075495	1.076508	1.077507	1.078492	1.079463	1.080421	1.081365	1.082297	1.083216	1.084122	1.085017	1.0859	1.086771	1.087631	1.088479	1.089317	1.090144	1.09096	1.091767	1.092563	1.093349	1.094125	1.094892	1.09565	1.096398	1.097137	1.097868	1.098589	1.099303
0.29	10	10	10	10	1	1	1	1	1	1	1	1	1	1	1	1	1	1	1	1	1	1	1	1	1.001939	1.004414	1.00683	1.009187	1.011488	1.013735	1.01593	1.018075	1.020172	1.022223	1.02423	1.026193	1.028115	1.029997	1.03184	1.033646	1.035416	1.037151	1.038852	1.04052	1.042156	1.043762	1.045339	1.046886	1.048405	1.049897	1.051363	1.052804	1.054219	1.055611	1.056978	1.058324	1.059646	1.060948	1.062228	1.063488	1.064728	1.065948	1.06715	1.068333	1.069498	1.070645	1.071776	1.072889	1.073987	1.075068	1.076134	1.077185	1.07822	1.079242	1.080249	1.081242	1.082221	1.083187	1.084141	1.085081	1.086009	1.086925	1.087828	1.08872	1.089601	1.09047	1.091328	1.092176	1.093012	1.093839	1.094655	1.095461	1.096257	1.097044	1.097821	1.098589	1.099347	1.100097	1.100838	1.10157
0.3	10	10	10	10	1	1	1	1	1	1	1	1	1	1	1	1	1	1	1	1	1	1	1	1	1.002342	1.004846	1.00729	1.009675	1.012004	1.01428	1.016504	1.018678	1.020804	1.022883	1.024918	1.02691	1.02886	1.03077	1.032641	1.034475	1.036272	1.038034	1.039762	1.041458	1.043121	1.044754	1.046357	1.04793	1.049476	1.050994	1.052485	1.053951	1.055392	1.056809	1.058201	1.059571	1.060919	1.062244	1.063549	1.064832	1.066096	1.06734	1.068565	1.069771	1.070959	1.07213	1.073283	1.074419	1.075539	1.076642	1.07773	1.078802	1.07986	1.080903	1.081931	1.082945	1.083946	1.084933	1.085907	1.086868	1.087816	1.088752	1.089676	1.090589	1.091489	1.092378	1.093256	1.094123	1.094979	1.095825	1.096661	1.097486	1.098301	1.099107	1.099903	1.100689	1.101466	1.102235	1.102994	1.103744
0.31	10	10	10	10	1	1	1	1	1	1	1	1	1	1	1	1	1	1	1	1	1	1	1	1.00013	1.002724	1.005255	1.007726	1.010138	1.012495	1.014798	1.017049	1.01925	1.021403	1.02351	1.025572	1.027591	1.029568	1.031505	1.033403	1.035264	1.037087	1.038876	1.040631	1.042352	1.044041	1.0457	1.047328	1.048927	1.050498	1.052041	1.053557	1.055048	1.056513	1.057954	1.05937	1.060764	1.062135	1.063484	1.064812	1.066119	1.067406	1.068672	1.06992	1.071148	1.072359	1.073551	1.074726	1.075884	1.077025	1.07815	1.079259	1.080353	1.081431	1.082495	1.083544	1.084579	1.0856	1.086607	1.087601	1.088582	1.08955	1.090506	1.09145	1.092381	1.093301	1.094209	1.095106	1.095992	1.096867	1.097732	1.098586	1.099429	1.100263	1.101087	1.101901	1.102705	1.103501	1.104287	1.105064	1.105832
0.32	10	10	10	10	1	1	1	1	1	1	1	1	1	1	1	1	1	1	1	1	1	1	1	1.000467	1.003086	1.005643	1.008139	1.010578	1.01296	1.015289	1.017567	1.019794	1.021974	1.024107	1.026195	1.02824	1.030243	1.032206	1.03413	1.036016	1.037865	1.039679	1.041459	1.043205	1.04492	1.046603	1.048256	1.049879	1.051474	1.053042	1.054582	1.056096	1.057585	1.059049	1.060489	1.061906	1.0633	1.064672	1.066022	1.067351	1.06866	1.069949	1.071218	1.072469	1.0737	1.074914	1.07611	1.077289	1.078451	1.079597	1.080727	1.081841	1.082939	1.084023	1.085092	1.086147	1.087187	1.088214	1.089228	1.090228	1.091215	1.09219	1.093152	1.094103	1.095041	1.095968	1.096883	1.097788	1.098681	1.099563	1.100435	1.101297	1.102148	1.10299	1.103821	1.104643	1.105456	1.106259	1.107053	1.107839
0.33	10	10	10	10	1	1	1	1	1	1	1	1	1	1	1	1	1	1	1	1	1	1	1	1.000786	1.00343	1.006011	1.008532	1.010995	1.013403	1.015757	1.01806	1.020312	1.022517	1.024675	1.026788	1.028858	1.030887	1.032874	1.034823	1.036734	1.038608	1.040446	1.04225	1.044021	1.045759	1.047466	1.049143	1.05079	1.052409	1.053999	1.055563	1.0571	1.058612	1.060098	1.061561	1.063	1.064416	1.06581	1.067182	1.068533	1.069863	1.071173	1.072464	1.073735	1.074988	1.076222	1.077439	1.078638	1.079821	1.080986	1.082136	1.08327	1.084388	1.085491	1.086579	1.087653	1.088713	1.089759	1.090791	1.09181	1.092816	1.093809	1.09479	1.095758	1.096715	1.097659	1.098593	1.099514	1.100425	1.101325	1.102215	1.103093	1.103962	1.10482	1.105669	1.106508	1.107337	1.108157	1.108968	1.10977
0.34	10	10	10	10	1	1	1	1	1	1	1	1	1	1	1	1	1	1	1	1	1	1	1	1.00109	1.003757	1.006361	1.008906	1.011393	1.013825	1.016203	1.018529	1.020806	1.023035	1.025217	1.027354	1.029449	1.031501	1.033512	1.035485	1.037419	1.039317	1.041179	1.043007	1.044801	1.046563	1.048293	1.049992	1.051662	1.053303	1.054917	1.056502	1.058062	1.059596	1.061104	1.062589	1.064049	1.065487	1.066902	1.068295	1.069667	1.071018	1.072349	1.07366	1.074951	1.076224	1.077479	1.078715	1.079934	1.081136	1.082321	1.08349	1.084643	1.08578	1.086902	1.088009	1.089102	1.09018	1.091244	1.092295	1.093332	1.094356	1.095367	1.096365	1.097351	1.098325	1.099287	1.100238	1.101177	1.102105	1.103022	1.103928	1.104823	1.105708	1.106583	1.107448	1.108303	1.109149	1.109985	1.110812	1.111629
0.35	10	10	10	10	1	1	1	1	1	1	1	1	1	1	1	1	1	1	1	1	1	1	1	1.001379	1.004068	1.006695	1.009262	1.011772	1.014226	1.016628	1.018977	1.021277	1.023529	1.025734	1.027895	1.030012	1.032088	1.034122	1.036118	1.038075	1.039996	1.041881	1.043731	1.045548	1.047332	1.049084	1.050806	1.052498	1.054161	1.055796	1.057403	1.058984	1.060539	1.062069	1.063575	1.065056	1.066515	1.06795	1.069364	1.070756	1.072127	1.073478	1.074809	1.07612	1.077413	1.078687	1.079942	1.081181	1.082401	1.083606	1.084793	1.085965	1.08712	1.088261	1.089386	1.090496	1.091592	1.092674	1.093743	1.094797	1.095838	1.096867	1.097882	1.098886	1.099876	1.100855	1.101823	1.102778	1.103723	1.104656	1.105578	1.10649	1.107391	1.108282	1.109163	1.110034	1.110895	1.111747	1.112589	1.113422
0.36	10	10	10	10	1	1	1	1	1	1	1	1	1	1	1	1	1	1	1	1	1	1	1	1.001654	1.004364	1.007013	1.009602	1.012133	1.01461	1.017033	1.019405	1.021727	1.024001	1.026229	1.028412	1.030552	1.032649	1.034706	1.036724	1.038703	1.040646	1.042553	1.044425	1.046263	1.048069	1.049843	1.051586	1.0533	1.054984	1.05664	1.058268	1.05987	1.061446	1.062996	1.064522	1.066024	1.067502	1.068958	1.070391	1.071803	1.073194	1.074564	1.075914	1.077245	1.078556	1.079849	1.081123	1.08238	1.083619	1.084842	1.086047	1.087237	1.088411	1.089569	1.090712	1.09184	1.092953	1.094052	1.095138	1.096209	1.097267	1.098313	1.099345	1.100365	1.101372	1.102367	1.103351	1.104323	1.105283	1.106232	1.10717	1.108098	1.109015	1.109921	1.110818	1.111704	1.11258	1.113447	1.114305	1.115153
0.37	10	10	10	10	1	1	1	1	1	1	1	1	1	1	1	1	1	1	1	1	1	1	1	1.001916	1.004647	1.007316	1.009926	1.012478	1.014976	1.017421	1.019814	1.022157	1.024453	1.026702	1.028906	1.031068	1.033187	1.035265	1.037304	1.039305	1.041269	1.043197	1.04509	1.04695	1.048776	1.050571	1.052335	1.054069	1.055774	1.05745	1.059099	1.060721	1.062316	1.063887	1.065432	1.066954	1.068451	1.069927	1.071379	1.07281	1.07422	1.075609	1.076978	1.078327	1.079657	1.080968	1.08226	1.083535	1.084792	1.086033	1.087256	1.088463	1.089654	1.090829	1.091989	1.093134	1.094265	1.095381	1.096483	1.097571	1.098646	1.099707	1.100756	1.101792	1.102815	1.103826	1.104825	1.105813	1.106789	1.107754	1.108707	1.10965	1.110582	1.111504	1.112415	1.113316	1.114207	1.115089	1.115961	1.116823
0.38	10	10	10	10	1	1	1	1	1	1	1	1	1	1	1	1	1	1	1	1	1	1	1	1.002167	1.004917	1.007606	1.010235	1.012808	1.015326	1.017791	1.020205	1.022569	1.024885	1.027155	1.02938	1.031562	1.033702	1.035801	1.03786	1.039882	1.041866	1.043815	1.045728	1.047608	1.049455	1.05127	1.053054	1.054808	1.056533	1.058229	1.059897	1.061538	1.063154	1.064743	1.066308	1.067848	1.069365	1.070859	1.07233	1.07378	1.075208	1.076615	1.078002	1.079369	1.080717	1.082046	1.083356	1.084649	1.085923	1.087181	1.088421	1.089645	1.090853	1.092045	1.093222	1.094384	1.09553	1.096663	1.097781	1.098885	1.099976	1.101053	1.102118	1.103169	1.104208	1.105235	1.106249	1.107252	1.108243	1.109223	1.110191	1.111149	1.112096	1.113032	1.113958	1.114874	1.115779	1.116675	1.117561	1.118438
0.39	10	10	10	10	1	1	1	1	1	1	1	1	1	1	1	1	1	1	1	1	1	1	1	1.002406	1.005175	1.007883	1.010532	1.013124	1.015661	1.018146	1.020579	1.022963	1.025299	1.027589	1.029834	1.032036	1.034196	1.036315	1.038394	1.040436	1.04244	1.044408	1.046342	1.048241	1.050108	1.051942	1.053745	1.055519	1.057262	1.058978	1.060665	1.062325	1.063959	1.065568	1.067151	1.06871	1.070245	1.071757	1.073247	1.074714	1.07616	1.077585	1.07899	1.080374	1.081739	1.083086	1.084413	1.085722	1.087014	1.088288	1.089545	1.090786	1.09201	1.093219	1.094412	1.09559	1.096752	1.097901	1.099035	1.100154	1.101261	1.102354	1.103433	1.1045	1.105554	1.106596	1.107625	1.108643	1.109649	1.110643	1.111626	1.112598	1.113559	1.11451	1.11545	1.11638	1.117299	1.118209	1.119109	1.119999
0.4	10	10	10	10	1	1	1	1	1	1	1	1	1	1	1	1	1	1	1	1	1	1	1	1.002635	1.005422	1.008148	1.010815	1.013426	1.015982	1.018486	1.020938	1.023341	1.025696	1.028005	1.03027	1.032491	1.03467	1.036808	1.038907	1.040968	1.042991	1.044978	1.046931	1.048849	1.050735	1.052588	1.05441	1.056202	1.057965	1.059699	1.061404	1.063083	1.064735	1.066362	1.067963	1.06954	1.071093	1.072623	1.07413	1.075615	1.077078	1.07852	1.079942	1.081344	1.082726	1.084089	1.085433	1.086759	1.088067	1.089357	1.090631	1.091888	1.093128	1.094352	1.095561	1.096754	1.097933	1.099096	1.100246	1.101381	1.102502	1.10361	1.104705	1.105786	1.106855	1.107912	1.108956	1.109988	1.111008	1.112016	1.113014	1.114	1.114975	1.115939	1.116893	1.117837	1.11877	1.119693	1.120607	1.121511
0.41	10	10	10	10	1	1	1	1	1	1	1	1	1	1	1	1	1	1	1	1	1	1	1	1.002855	1.005659	1.008402	1.011087	1.013716	1.01629	1.018812	1.021282	1.023704	1.026078	1.028405	1.030688	1.032928	1.035125	1.037282	1.0394	1.041479	1.043521	1.045527	1.047498	1.049435	1.051338	1.05321	1.055051	1.056861	1.058641	1.060393	1.062117	1.063813	1.065483	1.067127	1.068746	1.07034	1.07191	1.073457	1.074982	1.076483	1.077964	1.079423	1.080861	1.082279	1.083678	1.085057	1.086418	1.08776	1.089084	1.09039	1.091679	1.092952	1.094208	1.095448	1.096672	1.09788	1.099074	1.100253	1.101417	1.102567	1.103703	1.104826	1.105935	1.107031	1.108114	1.109185	1.110243	1.111289	1.112323	1.113346	1.114357	1.115356	1.116345	1.117323	1.118291	1.119247	1.120194	1.12113	1.122057	1.122974
0.42	10	10	10	10	1	1	1	1	1	1	1	1	1	1	1	1	1	1	1	1	1	1	1.000182	1.003065	1.005885	1.008646	1.011348	1.013994	1.016586	1.019125	1.021613	1.024052	1.026444	1.028789	1.03109	1.033348	1.035563	1.037738	1.039874	1.041971	1.044031	1.046055	1.048043	1.049998	1.05192	1.053809	1.055667	1.057495	1.059293	1.061062	1.062803	1.064517	1.066204	1.067865	1.069501	1.071112	1.072699	1.074263	1.075804	1.077322	1.078819	1.080294	1.081749	1.083183	1.084598	1.085993	1.087369	1.088727	1.090066	1.091388	1.092693	1.093981	1.095252	1.096507	1.097746	1.098969	1.100178	1.101371	1.10255	1.103714	1.104865	1.106002	1.107125	1.108235	1.109332	1.110417	1.111489	1.112549	1.113596	1.114633	1.115657	1.11667	1.117672	1.118663	1.119644	1.120614	1.121573	1.122523	1.123462	1.124392
0.43	10	10	10	10	1	1	1	1	1	1	1	1	1	1	1	1	1	1	1	1	1	1	1.000368	1.003266	1.006103	1.00888	1.011598	1.014261	1.016869	1.019425	1.021931	1.024387	1.026796	1.029159	1.031477	1.033752	1.035985	1.038177	1.04033	1.042444	1.044522	1.046563	1.048569	1.050541	1.05248	1.054387	1.056262	1.058106	1.059921	1.061708	1.063465	1.065196	1.0669	1.068577	1.07023	1.071857	1.073461	1.075041	1.076598	1.078132	1.079645	1.081136	1.082607	1.084057	1.085487	1.086897	1.088289	1.089662	1.091017	1.092354	1.093673	1.094976	1.096262	1.097531	1.098785	1.100023	1.101246	1.102453	1.103647	1.104825	1.10599	1.10714	1.108278	1.109401	1.110512	1.11161	1.112696	1.113769	1.11483	1.115879	1.116917	1.117943	1.118958	1.119962	1.120956	1.121938	1.12291	1.123872	1.124824	1.125766
0.44	10	10	10	10	1	1	1	1	1	1	1	1	1	1	1	1	1	1	1	1	1	1	1.000546	1.00346	1.006312	1.009104	1.011839	1.014517	1.017142	1.019714	1.022236	1.024709	1.027134	1.029514	1.031849	1.034141	1.03639	1.038599	1.040769	1.042901	1.044995	1.047053	1.049076	1.051064	1.05302	1.054943	1.056835	1.058696	1.060528	1.06233	1.064105	1.065851	1.067571	1.069265	1.070934	1.072577	1.074197	1.075792	1.077365	1.078915	1.080443	1.08195	1.083436	1.084901	1.086346	1.087772	1.089179	1.090566	1.091936	1.093288	1.094622	1.095939	1.097239	1.098523	1.099791	1.101043	1.10228	1.103502	1.104709	1.105901	1.107079	1.108244	1.109394	1.110531	1.111656	1.112767	1.113866	1.114952	1.116026	1.117088	1.118139	1.119177	1.120205	1.121222	1.122227	1.123222	1.124207	1.125181	1.126145	1.127099
0.45	10	10	10	10	1	1	1	1	1	1	1	1	1	1	1	1	1	1	1	1	1	1	1.000718	1.003646	1.006513	1.00932	1.01207	1.014764	1.017404	1.019992	1.02253	1.025019	1.02746	1.029856	1.032207	1.034515	1.036781	1.039007	1.041193	1.04334	1.045451	1.047525	1.049564	1.051569	1.053541	1.055481	1.057389	1.059266	1.061113	1.062932	1.064722	1.066485	1.06822	1.06993	1.071614	1.073273	1.074908	1.076519	1.078107	1.079672	1.081216	1.082737	1.084238	1.085718	1.087178	1.088618	1.09004	1.091442	1.092826	1.094192	1.09554	1.096872	1.098186	1.099484	1.100766	1.102032	1.103282	1.104517	1.105738	1.106944	1.108135	1.109313	1.110477	1.111627	1.112764	1.113888	1.115	1.116099	1.117186	1.11826	1.119323	1.120375	1.121415	1.122444	1.123461	1.124469	1.125465	1.126451	1.127427	1.128393
0.46	10	10	10	10	1	1	1	1	1	1	1	1	1	1	1	1	1	1	1	1	1	1	1.000882	1.003825	1.006706	1.009528	1.012292	1.015001	1.017657	1.02026	1.022813	1.025317	1.027774	1.030186	1.032553	1.034876	1.037158	1.039399	1.041601	1.043765	1.045891	1.047981	1.050036	1.052057	1.054044	1.055999	1.057923	1.059816	1.061679	1.063513	1.065319	1.067097	1.068848	1.070573	1.072272	1.073946	1.075596	1.077222	1.078825	1.080405	1.081963	1.083499	1.085014	1.086509	1.087983	1.089438	1.090873	1.09229	1.093688	1.095068	1.09643	1.097775	1.099103	1.100415	1.10171	1.10299	1.104253	1.105502	1.106736	1.107955	1.109159	1.11035	1.111526	1.112689	1.113839	1.114976	1.1161	1.117211	1.118311	1.119398	1.120473	1.121536	1.122588	1.123629	1.124659	1.125678	1.126686	1.127684	1.128672	1.129649
0.47	10	10	10	10	1	1	1	1	1	1	1	1	1	1	1	1	1	1	1	1	1	1	1.001041	1.003997	1.006892	1.009728	1.012506	1.01523	1.0179	1.020518	1.023086	1.025605	1.028077	1.030504	1.032886	1.035225	1.037522	1.039778	1.041995	1.044174	1.046316	1.048421	1.050492	1.052528	1.05453	1.056501	1.05844	1.060348	1.062226	1.064075	1.065895	1.067688	1.069454	1.071194	1.072908	1.074597	1.076261	1.077902	1.079519	1.081114	1.082686	1.084237	1.085766	1.087275	1.088763	1.090232	1.091681	1.093112	1.094523	1.095917	1.097293	1.098651	1.099993	1.101318	1.102626	1.103919	1.105195	1.106457	1.107703	1.108935	1.110152	1.111355	1.112545	1.11372	1.114883	1.116032	1.117168	1.118292	1.119403	1.120502	1.121589	1.122664	1.123728	1.124781	1.125822	1.126853	1.127873	1.128882	1.129881	1.130869
0.48	10	10	10	10	1	1	1	1	1	1	1	1	1	1	1	1	1	1	1	1	1	1	1.001193	1.004163	1.007071	1.00992	1.012713	1.01545	1.018134	1.020767	1.023349	1.025883	1.028369	1.03081	1.033207	1.035561	1.037873	1.040144	1.042376	1.04457	1.046726	1.048847	1.050932	1.052983	1.055	1.056985	1.058939	1.060862	1.062755	1.064618	1.066454	1.068261	1.070041	1.071796	1.073524	1.075227	1.076906	1.078561	1.080192	1.081801	1.083387	1.084952	1.086495	1.088017	1.089519	1.091002	1.092464	1.093908	1.095333	1.09674	1.098129	1.099501	1.100855	1.102193	1.103514	1.10482	1.106109	1.107383	1.108642	1.109887	1.111116	1.112332	1.113533	1.114721	1.115895	1.117057	1.118205	1.11934	1.120463	1.121574	1.122673	1.12376	1.124835	1.125899	1.126952	1.127994	1.129025	1.130045	1.131055	1.132055
0.49	10	10	10	10	1	1	1	1	1	1	1	1	1	1	1	1	1	1	1	1	1	1	1.00134	1.004322	1.007243	1.010106	1.012912	1.015663	1.01836	1.021007	1.023603	1.026151	1.028651	1.031106	1.033517	1.035885	1.038212	1.040497	1.042744	1.044952	1.047123	1.049258	1.051357	1.053423	1.055455	1.057454	1.059422	1.061359	1.063266	1.065144	1.066994	1.068815	1.07061	1.072378	1.07412	1.075838	1.07753	1.079199	1.080844	1.082466	1.084066	1.085644	1.087201	1.088737	1.090252	1.091748	1.093224	1.09468	1.096119	1.097538	1.09894	1.100325	1.101692	1.103043	1.104376	1.105694	1.106996	1.108283	1.109554	1.110811	1.112052	1.11328	1.114493	1.115693	1.116879	1.118052	1.119212	1.120359	1.121494	1.122616	1.123726	1.124825	1.125911	1.126987	1.128051	1.129103	1.130145	1.131177	1.132198	1.133208
0.5	10	10	10	10	1	1	1	1	1	1	1	1	1	1	1	1	1	1	1	1	1	1	1.001482	1.004476	1.00741	1.010285	1.013104	1.015868	1.018579	1.021238	1.023848	1.026409	1.028924	1.031392	1.033817	1.036199	1.038539	1.040839	1.043099	1.045322	1.047506	1.049655	1.051769	1.053848	1.055894	1.057908	1.05989	1.061841	1.063762	1.065654	1.067517	1.069352	1.07116	1.072942	1.074698	1.076429	1.078135	1.079817	1.081476	1.083111	1.084725	1.086316	1.087886	1.089435	1.090963	1.092471	1.09396	1.09543	1.096881	1.098313	1.099728	1.101125	1.102504	1.103867	1.105214	1.106544	1.107858	1.109156	1.11044	1.111708	1.112962	1.114201	1.115426	1.116638	1.117835	1.11902	1.120191	1.12135	1.122496	1.123629	1.12475	1.12586	1.126957	1.128044	1.129118	1.130182	1.131235	1.132277	1.133308	1.134329
0.51	10	10	10	10	1	1	1	1	1	1	1	1	1	1	1	1	1	1	1	1	1	1	1.001619	1.004625	1.007571	1.010458	1.013289	1.016066	1.01879	1.021462	1.024085	1.026659	1.029187	1.031669	1.034107	1.036502	1.038856	1.041169	1.043443	1.045679	1.047878	1.05004	1.052167	1.05426	1.05632	1.058347	1.060342	1.062307	1.064242	1.066147	1.068024	1.069872	1.071694	1.073489	1.075258	1.077002	1.078722	1.080417	1.082088	1.083737	1.085363	1.086967	1.08855	1.090112	1.091653	1.093174	1.094675	1.096157	1.097621	1.099066	1.100492	1.101902	1.103293	1.104668	1.106027	1.107369	1.108695	1.110005	1.1113	1.11258	1.113845	1.115096	1.116333	1.117556	1.118765	1.11996	1.121143	1.122313	1.123469	1.124614	1.125746	1.126866	1.127975	1.129072	1.130157	1.131232	1.132295	1.133347	1.134389	1.135421
0.52	10	10	10	10	1	1	1	1	1	1	1	1	1	1	1	1	1	1	1	1	1	1	1.001751	1.004768	1.007726	1.010625	1.013468	1.016257	1.018993	1.021678	1.024313	1.026901	1.029441	1.031936	1.034387	1.036796	1.039163	1.041489	1.043776	1.046025	1.048237	1.050413	1.052553	1.054659	1.056732	1.058772	1.060781	1.062759	1.064707	1.066625	1.068515	1.070377	1.072211	1.07402	1.075802	1.077559	1.079291	1.080999	1.082683	1.084344	1.085983	1.0876	1.089195	1.090769	1.092323	1.093856	1.09537	1.096864	1.098339	1.099796	1.101235	1.102656	1.10406	1.105447	1.106817	1.10817	1.109508	1.11083	1.112136	1.113428	1.114704	1.115967	1.117214	1.118448	1.119668	1.120875	1.122069	1.123249	1.124417	1.125572	1.126715	1.127846	1.128965	1.130072	1.131168	1.132253	1.133326	1.134389	1.135441	1.136483
0.53	10	10	10	10	1	1	1	1	1	1	1	1	1	1	1	1	1	1	1	1	1	1	1.001878	1.004907	1.007876	1.010786	1.013641	1.016442	1.01919	1.021887	1.024535	1.027134	1.029687	1.032195	1.034659	1.03708	1.039459	1.041799	1.044099	1.04636	1.048585	1.050774	1.052927	1.055046	1.057132	1.059185	1.061206	1.063197	1.065158	1.067089	1.068991	1.070866	1.072713	1.074534	1.076329	1.078098	1.079843	1.081563	1.08326	1.084934	1.086585	1.088214	1.089821	1.091408	1.092973	1.094519	1.096044	1.09755	1.099038	1.100506	1.101957	1.10339	1.104805	1.106203	1.107585	1.10895	1.110299	1.111632	1.11295	1.114252	1.11554	1.116813	1.118072	1.119317	1.120548	1.121765	1.122969	1.12416	1.125339	1.126505	1.127658	1.128799	1.129929	1.131046	1.132152	1.133247	1.134331	1.135404	1.136466	1.137517
0.54	10	10	10	10	1	1	1	1	1	1	1	1	1	1	1	1	1	1	1	1	1	1	1.002002	1.005041	1.00802	1.010943	1.013809	1.016621	1.019381	1.02209	1.024749	1.027361	1.029926	1.032446	1.034922	1.037355	1.039747	1.042098	1.044411	1.046685	1.048922	1.051123	1.053289	1.055421	1.057519	1.059585	1.061619	1.063622	1.065595	1.067539	1.069454	1.071341	1.0732	1.075034	1.076841	1.078622	1.080379	1.082112	1.083821	1.085506	1.087169	1.08881	1.09043	1.092028	1.093605	1.095162	1.0967	1.098218	1.099716	1.101197	1.102659	1.104103	1.105529	1.106939	1.108332	1.109708	1.111068	1.112412	1.113741	1.115054	1.116353	1.117637	1.118906	1.120162	1.121403	1.122631	1.123846	1.125048	1.126236	1.127412	1.128576	1.129727	1.130867	1.131995	1.133111	1.134215	1.135309	1.136392	1.137463	1.138525
0.55	10	10	10	10	1	1	1	1	1	1	1	1	1	1	1	1	1	1	1	1	1	1	1.002121	1.00517	1.008161	1.011094	1.013971	1.016794	1.019565	1.022285	1.024956	1.02758	1.030156	1.032688	1.035176	1.037621	1.040025	1.042389	1.044714	1.047	1.049249	1.051463	1.053641	1.055784	1.057895	1.059973	1.062019	1.064034	1.06602	1.067975	1.069902	1.071802	1.073673	1.075518	1.077337	1.079131	1.0809	1.082644	1.084365	1.086063	1.087737	1.08939	1.091021	1.092631	1.09422	1.095788	1.097337	1.098866	1.100376	1.101868	1.103341	1.104796	1.106234	1.107655	1.109058	1.110445	1.111816	1.113171	1.114511	1.115835	1.117144	1.118439	1.119719	1.120984	1.122236	1.123475	1.1247	1.125911	1.12711	1.128296	1.12947	1.130631	1.131781	1.132918	1.134044	1.135159	1.136262	1.137354	1.138436	1.139506
0.56	10	10	10	10	1	1	1	1	1	1	1	1	1	1	1	1	1	1	1	1	1	1	1.002236	1.005296	1.008296	1.01124	1.014128	1.016962	1.019744	1.022475	1.025157	1.027792	1.03038	1.032923	1.035423	1.03788	1.040295	1.042671	1.045007	1.047305	1.049567	1.051792	1.053982	1.056137	1.05826	1.060349	1.062407	1.064435	1.066432	1.068399	1.070338	1.072249	1.074133	1.075989	1.07782	1.079625	1.081406	1.083162	1.084894	1.086603	1.088289	1.089954	1.091596	1.093217	1.094817	1.096397	1.097957	1.099497	1.101018	1.102521	1.104005	1.105471	1.10692	1.108351	1.109765	1.111163	1.112545	1.11391	1.11526	1.116595	1.117914	1.119219	1.12051	1.121786	1.123048	1.124296	1.125531	1.126753	1.127962	1.129158	1.130341	1.131512	1.132671	1.133819	1.134954	1.136078	1.137191	1.138292	1.139383	1.140463
0.57	10	10	10	10	1	1	1	1	1	1	1	1	1	1	1	1	1	1	1	1	1	1	1.002348	1.005417	1.008428	1.011381	1.01428	1.017124	1.019917	1.022659	1.025352	1.027998	1.030597	1.033151	1.035662	1.03813	1.040557	1.042944	1.045292	1.047602	1.049874	1.052111	1.054312	1.05648	1.058614	1.060715	1.062785	1.064823	1.066832	1.068811	1.070762	1.072684	1.074579	1.076447	1.078289	1.080106	1.081898	1.083665	1.085409	1.087129	1.088826	1.090502	1.092155	1.093787	1.095398	1.096989	1.09856	1.100111	1.101643	1.103156	1.104651	1.106128	1.107587	1.109029	1.110454	1.111862	1.113254	1.11463	1.11599	1.117335	1.118665	1.11998	1.12128	1.122566	1.123838	1.125096	1.126341	1.127573	1.128791	1.129997	1.13119	1.132371	1.133539	1.134696	1.135841	1.136974	1.138096	1.139207	1.140307	1.141396
0.58	10	10	10	10	1	1	1	1	1	1	1	1	1	1	1	1	1	1	1	1	1	1	1.002456	1.005535	1.008555	1.011518	1.014427	1.017282	1.020085	1.022837	1.025541	1.028197	1.030807	1.033372	1.035894	1.038373	1.040812	1.043209	1.045568	1.047889	1.050173	1.052421	1.054634	1.056812	1.058958	1.06107	1.063151	1.065201	1.067221	1.069211	1.071173	1.073107	1.075013	1.076892	1.078746	1.080573	1.082376	1.084154	1.085909	1.08764	1.089349	1.091035	1.092699	1.094342	1.095964	1.097565	1.099147	1.100709	1.102251	1.103775	1.10528	1.106768	1.108237	1.109689	1.111124	1.112543	1.113945	1.115331	1.116701	1.118056	1.119396	1.120721	1.122031	1.123327	1.124609	1.125877	1.127131	1.128372	1.1296	1.130815	1.132018	1.133208	1.134386	1.135552	1.136706	1.137848	1.13898	1.1401	1.141208	1.142307
0.59	10	10	10	10	1	1	1	1	1	1	1	1	1	1	1	1	1	1	1	1	1	1	1.002561	1.005649	1.008678	1.011651	1.014569	1.017434	1.020247	1.02301	1.025724	1.028391	1.031011	1.033587	1.036119	1.038609	1.041058	1.043467	1.045837	1.048169	1.050463	1.052722	1.054946	1.057135	1.059292	1.061415	1.063507	1.065568	1.067599	1.0696	1.071573	1.073518	1.075435	1.077325	1.079189	1.081028	1.082841	1.084631	1.086396	1.088138	1.089857	1.091554	1.093228	1.094882	1.096514	1.098126	1.099718	1.10129	1.102843	1.104377	1.105893	1.107391	1.10887	1.110332	1.111778	1.113206	1.114618	1.116014	1.117394	1.118759	1.120108	1.121443	1.122763	1.124068	1.12536	1.126637	1.127901	1.129151	1.130389	1.131613	1.132825	1.134024	1.135211	1.136386	1.137549	1.138701	1.139841	1.14097	1.142088	1.143195
0.6	10	10	10	10	1	1	1	1	1	1	1	1	1	1	1	1	1	1	1	1	1	1	1.002662	1.005759	1.008798	1.01178	1.014708	1.017582	1.020405	1.023178	1.025902	1.028579	1.031209	1.033795	1.036338	1.038839	1.041298	1.043717	1.046098	1.04844	1.050745	1.053015	1.055249	1.05745	1.059616	1.061751	1.063854	1.065925	1.067967	1.069979	1.071962	1.073917	1.075845	1.077746	1.079621	1.08147	1.083294	1.085094	1.08687	1.088622	1.090352	1.092059	1.093744	1.095408	1.097051	1.098673	1.100275	1.101857	1.10342	1.104964	1.10649	1.107997	1.109487	1.110959	1.112414	1.113853	1.115274	1.11668	1.11807	1.119444	1.120803	1.122147	1.123476	1.124791	1.126092	1.127379	1.128652	1.129911	1.131158	1.132392	1.133612	1.134821	1.136017	1.137201	1.138373	1.139533	1.140682	1.141819	1.142946	1.144061
0.61	10	10	10	10	1	1	1	1	1	1	1	1	1	1	1	1	1	1	1	1	1	1	1.002761	1.005866	1.008914	1.011906	1.014842	1.017726	1.020558	1.023341	1.026074	1.028761	1.031402	1.033998	1.036551	1.039061	1.041531	1.04396	1.046351	1.048704	1.05102	1.0533	1.055544	1.057755	1.059932	1.062077	1.06419	1.066273	1.068325	1.070347	1.072341	1.074306	1.076245	1.078156	1.080041	1.081901	1.083735	1.085545	1.087331	1.089094	1.090834	1.092551	1.094246	1.09592	1.097573	1.099205	1.100817	1.102409	1.103982	1.105536	1.107072	1.108589	1.110088	1.11157	1.113035	1.114483	1.115914	1.117329	1.118728	1.120112	1.12148	1.122834	1.124172	1.125496	1.126806	1.128102	1.129384	1.130653	1.131909	1.133151	1.134381	1.135598	1.136803	1.137995	1.139176	1.140345	1.141503	1.142649	1.143784	1.144908
0.62	10	10	10	10	1	1	1	1	1	1	1	1	1	1	1	1	1	1	1	1	1	1	1.002856	1.00597	1.009027	1.012027	1.014973	1.017866	1.020707	1.023499	1.026242	1.028938	1.031589	1.034195	1.036757	1.039278	1.041757	1.044197	1.046597	1.04896	1.051286	1.053576	1.055831	1.058052	1.06024	1.062395	1.064518	1.06661	1.068673	1.070705	1.072709	1.074685	1.076633	1.078555	1.08045	1.08232	1.084165	1.085985	1.087781	1.089553	1.091303	1.09303	1.094735	1.096419	1.098082	1.099724	1.101346	1.102948	1.10453	1.106094	1.107639	1.109166	1.110675	1.112166	1.11364	1.115097	1.116538	1.117962	1.119371	1.120764	1.122141	1.123504	1.124851	1.126184	1.127503	1.128808	1.130099	1.131377	1.132641	1.133892	1.135131	1.136357	1.13757	1.138771	1.13996	1.141138	1.142304	1.143458	1.144602	1.145734
0.63	10	10	10	10	1	1	1	1	1	1	1	1	1	1	1	1	1	1	1	1	1	1	1.002949	1.006071	1.009136	1.012145	1.015099	1.018001	1.020852	1.023653	1.026405	1.029111	1.03177	1.034386	1.036958	1.039488	1.041977	1.044427	1.046837	1.04921	1.051546	1.053845	1.05611	1.058341	1.060539	1.062704	1.064837	1.066939	1.069012	1.071054	1.073068	1.075054	1.077012	1.078944	1.080849	1.082728	1.084583	1.086413	1.088219	1.090001	1.09176	1.093497	1.095212	1.096906	1.098578	1.10023	1.101861	1.103473	1.105065	1.106638	1.108192	1.109728	1.111247	1.112747	1.11423	1.115697	1.117147	1.11858	1.119998	1.1214	1.122786	1.124158	1.125514	1.126856	1.128184	1.129497	1.130797	1.132083	1.133356	1.134616	1.135863	1.137097	1.138319	1.139529	1.140727	1.141912	1.143087	1.144249	1.145401	1.146541
0.64	10	10	10	10	1	1	1	1	1	1	1	1	1	1	1	1	1	1	1	1	1	1	1.003039	1.00617	1.009243	1.01226	1.015223	1.018133	1.020992	1.023802	1.026563	1.029278	1.031947	1.034572	1.037153	1.039693	1.042191	1.04465	1.04707	1.049452	1.051798	1.054107	1.056382	1.058623	1.06083	1.063004	1.065148	1.06726	1.069342	1.071394	1.073418	1.075413	1.077381	1.079322	1.081237	1.083126	1.08499	1.08683	1.088645	1.090437	1.092206	1.093953	1.095677	1.09738	1.099062	1.100723	1.102364	1.103984	1.105586	1.107168	1.108732	1.110277	1.111804	1.113314	1.114807	1.116282	1.117741	1.119183	1.12061	1.12202	1.123416	1.124796	1.126161	1.127512	1.128848	1.13017	1.131479	1.132773	1.134055	1.135323	1.136578	1.137821	1.139051	1.140269	1.141475	1.142669	1.143851	1.145022	1.146182	1.14733
0.65	10	10	10	10	1	1	1	1	1	1	1	1	1	1	1	1	1	1	1	1	1	1	1.003127	1.006265	1.009346	1.012371	1.015342	1.018261	1.021129	1.023947	1.026717	1.029441	1.032119	1.034753	1.037343	1.039892	1.0424	1.044868	1.047297	1.049689	1.052044	1.054363	1.056647	1.058897	1.061113	1.063297	1.06545	1.067572	1.069663	1.071725	1.073758	1.075763	1.077741	1.079691	1.081616	1.083514	1.085388	1.087237	1.089062	1.090863	1.092641	1.094397	1.096131	1.097843	1.099534	1.101204	1.102854	1.104484	1.106094	1.107686	1.109258	1.110813	1.112349	1.113867	1.115369	1.116853	1.118321	1.119772	1.121207	1.122626	1.12403	1.125419	1.126793	1.128152	1.129497	1.130827	1.132144	1.133447	1.134737	1.136014	1.137277	1.138528	1.139766	1.140992	1.142206	1.143408	1.144598	1.145777	1.146945	1.148101
0.66	10	10	10	10	1	1	1	1	1	1	1	1	1	1	1	1	1	1	1	1	1	1.000007	1.003212	1.006358	1.009446	1.012479	1.015459	1.018386	1.021262	1.024089	1.026867	1.029599	1.032286	1.034929	1.037528	1.040086	1.042602	1.04508	1.047518	1.049919	1.052283	1.054611	1.056904	1.059164	1.061389	1.063583	1.065745	1.067876	1.069976	1.072048	1.07409	1.076104	1.078091	1.080051	1.081985	1.083892	1.085775	1.087633	1.089467	1.091278	1.093065	1.09483	1.096573	1.098294	1.099994	1.101673	1.103332	1.104971	1.106591	1.108191	1.109772	1.111335	1.11288	1.114408	1.115918	1.117411	1.118887	1.120347	1.12179	1.123218	1.124631	1.126028	1.12741	1.128778	1.130131	1.13147	1.132794	1.134106	1.135404	1.136688	1.13796	1.139219	1.140465	1.141699	1.142921	1.144131	1.145329	1.146515	1.14769	1.148854
0.67	10	10	10	10	1	1	1	1	1	1	1	1	1	1	1	1	1	1	1	1	1	1.000083	1.003295	1.006448	1.009544	1.012585	1.015572	1.018507	1.021391	1.024226	1.027013	1.029754	1.032449	1.0351	1.037708	1.040274	1.0428	1.045286	1.047733	1.050143	1.052516	1.054853	1.057155	1.059424	1.061659	1.063861	1.066032	1.068172	1.070282	1.072362	1.074414	1.076437	1.078433	1.080402	1.082344	1.084261	1.086153	1.08802	1.089863	1.091683	1.093479	1.095253	1.097005	1.098735	1.100444	1.102132	1.103799	1.105447	1.107075	1.108684	1.110274	1.111846	1.113399	1.114935	1.116454	1.117955	1.11944	1.120908	1.12236	1.123796	1.125217	1.126623	1.128013	1.129389	1.13075	1.132097	1.13343	1.134749	1.136055	1.137348	1.138627	1.139894	1.141148	1.14239	1.143619	1.144837	1.146043	1.147237	1.14842	1.149591
0.68	10	10	10	10	1	1	1	1	1	1	1	1	1	1	1	1	1	1	1	1	1	1.000157	1.003375	1.006536	1.009639	1.012687	1.015682	1.018625	1.021517	1.02436	1.027155	1.029904	1.032607	1.035267	1.037883	1.040458	1.042992	1.045487	1.047943	1.050361	1.052743	1.055089	1.0574	1.059677	1.061921	1.064132	1.066312	1.068461	1.07058	1.072669	1.074729	1.076762	1.078766	1.080744	1.082696	1.084621	1.086522	1.088398	1.09025	1.092078	1.093883	1.095666	1.097426	1.099165	1.100882	1.102579	1.104255	1.105911	1.107548	1.109166	1.110764	1.112344	1.113906	1.115451	1.116977	1.118487	1.11998	1.121457	1.122917	1.124361	1.12579	1.127204	1.128602	1.129986	1.131355	1.13271	1.134051	1.135378	1.136692	1.137992	1.13928	1.140554	1.141816	1.143065	1.144303	1.145528	1.146741	1.147943	1.149133	1.150312
0.69	10	10	10	10	1	1	1	1	1	1	1	1	1	1	1	1	1	1	1	1	1	1.000228	1.003454	1.006621	1.009732	1.012787	1.01579	1.01874	1.02164	1.02449	1.027294	1.03005	1.032762	1.035429	1.038054	1.040637	1.04318	1.045683	1.048147	1.050574	1.052964	1.055319	1.057639	1.059924	1.062177	1.064397	1.066585	1.068743	1.07087	1.072968	1.075037	1.077078	1.079092	1.081078	1.083038	1.084973	1.086882	1.088766	1.090627	1.092464	1.094277	1.096069	1.097837	1.099585	1.101311	1.103016	1.1047	1.106365	1.10801	1.109636	1.111243	1.112831	1.114402	1.115954	1.117489	1.119007	1.120508	1.121993	1.123461	1.124913	1.12635	1.127772	1.129178	1.13057	1.131947	1.13331	1.134658	1.135993	1.137315	1.138623	1.139918	1.1412	1.142469	1.143726	1.144971	1.146203	1.147424	1.148633	1.149831	1.151017
0.7	10	10	10	10	1	1	1	1	1	1	1	1	1	1	1	1	1	1	1	1	1	1.000298	1.00353	1.006704	1.009822	1.012885	1.015894	1.018852	1.021759	1.024617	1.027428	1.030193	1.032912	1.035588	1.038221	1.040812	1.043363	1.045874	1.048347	1.050782	1.05318	1.055543	1.057871	1.060165	1.062426	1.064655	1.066852	1.069018	1.071154	1.07326	1.075338	1.077387	1.079409	1.081404	1.083373	1.085316	1.087233	1.089126	1.090995	1.09284	1.094663	1.096462	1.098239	1.099995	1.101729	1.103442	1.105135	1.106808	1.108462	1.110096	1.111711	1.113307	1.114886	1.116446	1.117989	1.119515	1.121024	1.122517	1.123993	1.125453	1.126898	1.128327	1.129741	1.131141	1.132526	1.133896	1.135252	1.136595	1.137924	1.139239	1.140542	1.141831	1.143108	1.144373	1.145625	1.146865	1.148093	1.149309	1.150514	1.151707
0.71	10	10	10	10	1	1	1	1	1	1	1	1	1	1	1	1	1	1	1	1	1	1.000366	1.003604	1.006785	1.00991	1.012979	1.015996	1.018961	1.021875	1.024741	1.02756	1.030332	1.033059	1.035742	1.038383	1.040982	1.043541	1.04606	1.048541	1.050984	1.053391	1.055762	1.058098	1.060401	1.06267	1.064907	1.067112	1.069286	1.07143	1.073545	1.075631	1.077689	1.079719	1.081722	1.083699	1.08565	1.087576	1.089478	1.091355	1.093208	1.095039	1.096846	1.098632	1.100396	1.102138	1.103859	1.105561	1.107241	1.108903	1.110545	1.112168	1.113772	1.115359	1.116927	1.118478	1.120012	1.121529	1.123029	1.124513	1.125981	1.127433	1.12887	1.130292	1.131699	1.133092	1.13447	1.135833	1.137183	1.13852	1.139843	1.141153	1.142449	1.143734	1.145005	1.146264	1.147511	1.148747	1.14997	1.151182	1.152383
0.72	10	10	10	10	1	1	1	1	1	1	1	1	1	1	1	1	1	1	1	1	1	1.000432	1.003677	1.006864	1.009995	1.013072	1.016095	1.019067	1.021989	1.024862	1.027688	1.030467	1.033202	1.035893	1.038541	1.041148	1.043715	1.046242	1.04873	1.051182	1.053596	1.055976	1.05832	1.06063	1.062908	1.065153	1.067366	1.069548	1.071701	1.073823	1.075918	1.077983	1.080022	1.082033	1.084018	1.085978	1.087912	1.089821	1.091706	1.093568	1.095406	1.097222	1.099015	1.100787	1.102538	1.104267	1.105976	1.107665	1.109334	1.110984	1.112615	1.114227	1.115821	1.117398	1.118956	1.120498	1.122022	1.12353	1.125022	1.126497	1.127957	1.129402	1.130831	1.132246	1.133645	1.135031	1.136402	1.137759	1.139103	1.140433	1.14175	1.143054	1.144345	1.145624	1.146891	1.148145	1.149387	1.150617	1.151836	1.153044
0.73	10	10	10	10	1	1	1	1	1	1	1	1	1	1	1	1	1	1	1	1	1	1.000496	1.003747	1.006941	1.010078	1.013162	1.016192	1.019171	1.022099	1.02498	1.027813	1.030599	1.033341	1.03604	1.038696	1.04131	1.043884	1.046419	1.048916	1.051375	1.053797	1.056184	1.058536	1.060854	1.06314	1.065392	1.067614	1.069804	1.071964	1.074095	1.076197	1.078271	1.080317	1.082337	1.08433	1.086297	1.088239	1.090156	1.09205	1.093919	1.095765	1.097589	1.09939	1.10117	1.102928	1.104665	1.106382	1.108079	1.109756	1.111413	1.113052	1.114672	1.116274	1.117858	1.119424	1.120973	1.122505	1.12402	1.125519	1.127003	1.12847	1.129922	1.131358	1.13278	1.134187	1.13558	1.136958	1.138323	1.139674	1.141011	1.142335	1.143646	1.144944	1.14623	1.147504	1.148765	1.150014	1.151251	1.152477	1.153691
0.74	10	10	10	10	1	1	1	1	1	1	1	1	1	1	1	1	1	1	1	1	1	1.000559	1.003816	1.007016	1.01016	1.013249	1.016286	1.019272	1.022207	1.025094	1.027934	1.030728	1.033478	1.036183	1.038846	1.041468	1.04405	1.046592	1.049096	1.051563	1.053993	1.056387	1.058747	1.061073	1.063366	1.065627	1.067856	1.070054	1.072222	1.074361	1.076471	1.078552	1.080606	1.082634	1.084634	1.086609	1.088559	1.090484	1.092385	1.094262	1.096117	1.097948	1.099757	1.101544	1.10331	1.105055	1.106779	1.108484	1.110168	1.111833	1.11348	1.115107	1.116716	1.118308	1.119881	1.121438	1.122977	1.1245	1.126006	1.127497	1.128971	1.130431	1.131874	1.133303	1.134717	1.136117	1.137503	1.138874	1.140232	1.141577	1.142908	1.144226	1.145531	1.146824	1.148104	1.149372	1.150628	1.151872	1.153104	1.154325
0.75	10	10	10	10	1	1	1	1	1	1	1	1	1	1	1	1	1	1	1	1	1	1.00062	1.003883	1.007089	1.010239	1.013335	1.016378	1.01937	1.022313	1.025206	1.028053	1.030854	1.03361	1.036323	1.038994	1.041623	1.044211	1.046761	1.049272	1.051746	1.054184	1.056586	1.058954	1.061287	1.063588	1.065856	1.068092	1.070298	1.072474	1.07462	1.076738	1.078827	1.080889	1.082924	1.084932	1.086915	1.088872	1.090805	1.092713	1.094598	1.09646	1.098299	1.100115	1.10191	1.103684	1.105436	1.107168	1.10888	1.110572	1.112244	1.113898	1.115533	1.117149	1.118748	1.120329	1.121893	1.123439	1.124969	1.126483	1.127981	1.129462	1.130929	1.13238	1.133815	1.135237	1.136643	1.138036	1.139415	1.140779	1.142131	1.143469	1.144793	1.146105	1.147405	1.148692	1.149966	1.151229	1.15248	1.153719	1.154946
0.76	10	10	10	10	1	1	1	1	1	1	1	1	1	1	1	1	1	1	1	1	1	1.00068	1.003949	1.00716	1.010316	1.013418	1.016468	1.019466	1.022415	1.025316	1.028169	1.030977	1.03374	1.03646	1.039137	1.041773	1.044369	1.046926	1.049445	1.051926	1.054371	1.05678	1.059155	1.061496	1.063804	1.066079	1.068324	1.070537	1.07272	1.074874	1.076999	1.079095	1.081165	1.083207	1.085223	1.087213	1.089178	1.091118	1.093034	1.094927	1.096796	1.098642	1.100466	1.102268	1.104049	1.105809	1.107548	1.109267	1.110966	1.112646	1.114307	1.115949	1.117573	1.119179	1.120767	1.122338	1.123892	1.125429	1.12695	1.128454	1.129943	1.131416	1.132874	1.134317	1.135745	1.137159	1.138558	1.139944	1.141315	1.142673	1.144018	1.145349	1.146668	1.147974	1.149268	1.150549	1.151818	1.153075	1.154321	1.155555
0.77	10	10	10	10	1	1	1	1	1	1	1	1	1	1	1	1	1	1	1	1	1	1.000738	1.004013	1.00723	1.010392	1.0135	1.016556	1.01956	1.022516	1.025423	1.028283	1.031097	1.033867	1.036593	1.039277	1.041921	1.044524	1.047087	1.049613	1.052101	1.054553	1.05697	1.059352	1.0617	1.064015	1.066298	1.06855	1.07077	1.072961	1.075122	1.077254	1.079358	1.081435	1.083484	1.085508	1.087505	1.089477	1.091425	1.093348	1.095248	1.097124	1.098978	1.100809	1.102619	1.104407	1.106174	1.10792	1.109646	1.111353	1.11304	1.114708	1.116357	1.117988	1.119601	1.121196	1.122774	1.124335	1.125879	1.127407	1.128918	1.130414	1.131894	1.133359	1.134808	1.136243	1.137664	1.13907	1.140462	1.14184	1.143205	1.144556	1.145894	1.147219	1.148532	1.149832	1.15112	1.152395	1.153659	1.154911	1.156151
0.78	10	10	10	10	1	1	1	1	1	1	1	1	1	1	1	1	1	1	1	1	1	1.000795	1.004075	1.007298	1.010466	1.01358	1.016641	1.019652	1.022614	1.025527	1.028393	1.031214	1.03399	1.036724	1.039415	1.042064	1.044674	1.047245	1.049777	1.052273	1.054732	1.057155	1.059544	1.0619	1.064222	1.066512	1.06877	1.070998	1.073196	1.075364	1.077504	1.079615	1.081699	1.083756	1.085786	1.087791	1.08977	1.091725	1.093655	1.095562	1.097446	1.099306	1.101145	1.102961	1.104757	1.106531	1.108284	1.110018	1.111731	1.113425	1.1151	1.116756	1.118394	1.120014	1.121616	1.123201	1.124769	1.12632	1.127854	1.129372	1.130875	1.132362	1.133833	1.135289	1.136731	1.138158	1.139571	1.140969	1.142354	1.143725	1.145083	1.146428	1.14776	1.149079	1.150385	1.151679	1.152961	1.154231	1.155489	1.156736
0.79	10	10	10	10	1	1	1	1	1	1	1	1	1	1	1	1	1	1	1	1	1	1.00085	1.004136	1.007364	1.010538	1.013657	1.016725	1.019742	1.022709	1.025629	1.028501	1.031329	1.034111	1.036851	1.039548	1.042205	1.044821	1.047399	1.049938	1.05244	1.054906	1.057337	1.059733	1.062095	1.064424	1.066721	1.068987	1.071221	1.073426	1.075601	1.077748	1.079866	1.081957	1.084021	1.086058	1.08807	1.090057	1.092018	1.093956	1.09587	1.09776	1.099628	1.101474	1.103297	1.105099	1.10688	1.108641	1.110381	1.112101	1.113802	1.115484	1.117147	1.118792	1.120419	1.122028	1.123619	1.125193	1.126751	1.128292	1.129817	1.131326	1.13282	1.134298	1.135761	1.137209	1.138643	1.140062	1.141467	1.142858	1.144236	1.1456	1.146951	1.148289	1.149615	1.150927	1.152228	1.153516	1.154792	1.156056	1.157309
0.8	10	10	10	10	1	1	1	1	1	1	1	1	1	1	1	1	1	1	1	1	1	1.000905	1.004195	1.007429	1.010608	1.013733	1.016806	1.019829	1.022803	1.025728	1.028607	1.03144	1.03423	1.036975	1.039679	1.042342	1.044965	1.047549	1.050095	1.052604	1.055077	1.057514	1.059917	1.062286	1.064622	1.066926	1.069198	1.07144	1.073651	1.075833	1.077987	1.080112	1.08221	1.084281	1.086325	1.088344	1.090337	1.092306	1.09425	1.096171	1.098068	1.099943	1.101795	1.103626	1.105435	1.107223	1.10899	1.110737	1.112464	1.114172	1.11586	1.11753	1.119182	1.120815	1.122431	1.124029	1.12561	1.127174	1.128722	1.130253	1.131769	1.133269	1.134753	1.136223	1.137678	1.139117	1.140543	1.141955	1.143352	1.144736	1.146107	1.147464	1.148808	1.15014	1.151459	1.152765	1.15406	1.155342	1.156612	1.157871
0.81	10	10	10	10	1	1	1	1	1	1	1	1	1	1	1	1	1	1	1	1	1	1.000958	1.004253	1.007492	1.010677	1.013807	1.016886	1.019915	1.022894	1.025825	1.02871	1.03155	1.034345	1.037097	1.039807	1.042477	1.045106	1.047696	1.050249	1.052764	1.055243	1.057687	1.060097	1.062472	1.064815	1.067126	1.069405	1.071653	1.073871	1.07606	1.078221	1.080353	1.082457	1.084535	1.086586	1.088611	1.090612	1.092587	1.094538	1.096466	1.09837	1.100251	1.10211	1.103948	1.105763	1.107558	1.109332	1.111086	1.112819	1.114534	1.116229	1.117905	1.119563	1.121203	1.122825	1.12443	1.126018	1.127588	1.129143	1.130681	1.132203	1.133709	1.1352	1.136676	1.138137	1.139583	1.141015	1.142433	1.143837	1.145227	1.146603	1.147967	1.149317	1.150655	1.15198	1.153293	1.154593	1.155881	1.157158	1.158423
0.82	10	10	10	10	1	1	1	1	1	1	1	1	1	1	1	1	1	1	1	1	1	1.001009	1.00431	1.007554	1.010744	1.01388	1.016964	1.019998	1.022983	1.02592	1.028811	1.031657	1.034458	1.037216	1.039933	1.042608	1.045244	1.04784	1.050399	1.052921	1.055407	1.057857	1.060273	1.062655	1.065004	1.067321	1.069607	1.071862	1.074087	1.076283	1.078449	1.080588	1.082699	1.084784	1.086842	1.088874	1.09088	1.092863	1.09482	1.096755	1.098665	1.100553	1.102419	1.104263	1.106085	1.107886	1.109667	1.111427	1.113167	1.114888	1.11659	1.118273	1.119937	1.121584	1.123212	1.124823	1.126417	1.127995	1.129555	1.131099	1.132628	1.13414	1.135638	1.13712	1.138587	1.140039	1.141478	1.142901	1.144311	1.145708	1.14709	1.14846	1.149816	1.15116	1.152491	1.15381	1.155116	1.15641	1.157693	1.158963
0.83	10	10	10	10	1	1	1	1	1	1	1	1	1	1	1	1	1	1	1	1	1	1.00106	1.004365	1.007615	1.010809	1.013951	1.017041	1.02008	1.023071	1.026013	1.02891	1.031761	1.034568	1.037333	1.040055	1.042737	1.045378	1.047981	1.050546	1.053074	1.055566	1.058023	1.060445	1.062834	1.065189	1.067513	1.069805	1.072067	1.074298	1.0765	1.078674	1.080819	1.082936	1.085027	1.087092	1.08913	1.091144	1.093132	1.095097	1.097037	1.098955	1.100849	1.102721	1.104572	1.1064	1.108208	1.109995	1.111762	1.113509	1.115236	1.116944	1.118633	1.120304	1.121957	1.123592	1.125209	1.126809	1.128393	1.12996	1.13151	1.133045	1.134564	1.136067	1.137555	1.139028	1.140487	1.141931	1.143361	1.144777	1.146179	1.147568	1.148944	1.150306	1.151656	1.152993	1.154317	1.155629	1.156929	1.158217	1.159494
0.84	10	10	10	10	1	1	1	1	1	1	1	1	1	1	1	1	1	1	1	1	1	1.001109	1.00442	1.007674	1.010873	1.01402	1.017115	1.02016	1.023156	1.026104	1.029007	1.031863	1.034676	1.037447	1.040175	1.042862	1.04551	1.048119	1.05069	1.053225	1.055723	1.058185	1.060614	1.063009	1.065371	1.067701	1.069999	1.072267	1.074505	1.076713	1.078893	1.081045	1.083169	1.085266	1.087337	1.089382	1.091402	1.093397	1.095368	1.097315	1.099238	1.101139	1.103018	1.104874	1.106709	1.108523	1.110317	1.11209	1.113843	1.115576	1.117291	1.118986	1.120664	1.122322	1.123964	1.125587	1.127194	1.128783	1.130356	1.131913	1.133453	1.134978	1.136488	1.137982	1.139461	1.140926	1.142376	1.143812	1.145234	1.146642	1.148037	1.149418	1.150786	1.152142	1.153485	1.154815	1.156133	1.157438	1.158732	1.160014
0.85	10	10	10	10	1	1	1	1	1	1	1	1	1	1	1	1	1	1	1	1	1	1.001158	1.004473	1.007732	1.010936	1.014088	1.017188	1.020238	1.02324	1.026193	1.029101	1.031964	1.034782	1.037558	1.040292	1.042986	1.045639	1.048254	1.050831	1.053371	1.055876	1.058345	1.060779	1.06318	1.065548	1.067884	1.070189	1.072463	1.074707	1.076922	1.079108	1.081266	1.083396	1.0855	1.087577	1.089628	1.091654	1.093656	1.095633	1.097586	1.099516	1.101423	1.103308	1.105171	1.107012	1.108833	1.110632	1.112411	1.114171	1.11591	1.117631	1.119333	1.121016	1.122681	1.124328	1.125958	1.12757	1.129166	1.130745	1.132308	1.133854	1.135385	1.136901	1.138401	1.139886	1.141357	1.142813	1.144254	1.145682	1.147096	1.148497	1.149884	1.151258	1.152619	1.153967	1.155303	1.156627	1.157938	1.159238	1.160525
0.86	10	10	10	10	1	1	1	1	1	1	1	1	1	1	1	1	1	1	1	1	1	1.001205	1.004524	1.007788	1.010998	1.014154	1.017259	1.020315	1.023321	1.02628	1.029193	1.032062	1.034886	1.037667	1.040407	1.043106	1.045765	1.048386	1.050969	1.053515	1.056025	1.0585	1.060941	1.063348	1.065722	1.068064	1.070375	1.072655	1.074906	1.077126	1.079319	1.081483	1.083619	1.085729	1.087812	1.08987	1.091902	1.09391	1.095893	1.097852	1.099788	1.101702	1.103593	1.105462	1.107309	1.109136	1.110941	1.112727	1.114492	1.116238	1.117965	1.119672	1.121362	1.123033	1.124686	1.126322	1.12794	1.129542	1.131127	1.132695	1.134248	1.135785	1.137306	1.138812	1.140303	1.141779	1.143241	1.144689	1.146122	1.147542	1.148948	1.150341	1.15172	1.153087	1.154441	1.155783	1.157112	1.158429	1.159734	1.161027
0.87	10	10	10	10	1	1	1	1	1	1	1	1	1	1	1	1	1	1	1	1	1	1.001251	1.004575	1.007843	1.011058	1.014219	1.017329	1.02039	1.023401	1.026366	1.029284	1.032157	1.034987	1.037774	1.040519	1.043224	1.045889	1.048516	1.051104	1.053656	1.056172	1.058653	1.061099	1.063512	1.065893	1.068241	1.070558	1.072844	1.0751	1.077327	1.079525	1.081695	1.083838	1.085953	1.088043	1.090106	1.092145	1.094158	1.096148	1.098113	1.100055	1.101975	1.103872	1.105747	1.1076	1.109433	1.111245	1.113036	1.114807	1.116559	1.118292	1.120005	1.121701	1.123378	1.125037	1.126678	1.128303	1.12991	1.131501	1.133075	1.134634	1.136176	1.137703	1.139215	1.140712	1.142194	1.143661	1.145115	1.146554	1.147979	1.149391	1.150789	1.152174	1.153547	1.154906	1.156253	1.157588	1.15891	1.160221	1.161519
0.88	10	10	10	10	1	1	1	1	1	1	1	1	1	1	1	1	1	1	1	1	1	1.001296	1.004625	1.007898	1.011116	1.014283	1.017398	1.020463	1.02348	1.026449	1.029373	1.032251	1.035086	1.037879	1.040629	1.04334	1.04601	1.048642	1.051237	1.053794	1.056316	1.058803	1.061255	1.063674	1.06606	1.068414	1.070736	1.073028	1.07529	1.077523	1.079727	1.081903	1.084052	1.086174	1.088269	1.090339	1.092383	1.094402	1.096398	1.098369	1.100317	1.102243	1.104146	1.106027	1.107886	1.109724	1.111542	1.113339	1.115116	1.116874	1.118613	1.120332	1.122033	1.123716	1.125381	1.127028	1.128658	1.130272	1.131868	1.133448	1.135012	1.136561	1.138093	1.139611	1.141113	1.142601	1.144074	1.145533	1.146977	1.148408	1.149826	1.15123	1.15262	1.153998	1.155363	1.156715	1.158055	1.159383	1.160699	1.162003
0.89	10	10	10	10	1	1	1	1	1	1	1	1	1	1	1	1	1	1	1	1	1	1.001341	1.004673	1.007951	1.011174	1.014345	1.017465	1.020535	1.023556	1.026531	1.029459	1.032343	1.035183	1.037981	1.040737	1.043453	1.046129	1.048766	1.051366	1.05393	1.056457	1.058949	1.061407	1.063831	1.066223	1.068583	1.070911	1.073209	1.075477	1.077716	1.079926	1.082107	1.084262	1.086389	1.088491	1.090566	1.092616	1.094642	1.096643	1.09862	1.100574	1.102505	1.104414	1.106301	1.108166	1.11001	1.111834	1.113637	1.11542	1.117183	1.118927	1.120653	1.12236	1.124048	1.125719	1.127372	1.129008	1.130626	1.132229	1.133814	1.135384	1.136938	1.138476	1.139999	1.141507	1.143	1.144479	1.145943	1.147393	1.14883	1.150253	1.151662	1.153058	1.154441	1.155811	1.157169	1.158514	1.159848	1.161169	1.162478
0.9	10	10	10	10	1	1	1	1	1	1	1	1	1	1	1	1	1	1	1	1	1	1.001384	1.004721	1.008003	1.01123	1.014406	1.01753	1.020605	1.023631	1.026611	1.029544	1.032433	1.035279	1.038081	1.040843	1.043564	1.046245	1.048888	1.051493	1.054062	1.056595	1.059093	1.061556	1.063986	1.066383	1.068749	1.071083	1.073386	1.07566	1.077904	1.08012	1.082308	1.084468	1.086601	1.088708	1.090789	1.092845	1.094876	1.096883	1.098866	1.100826	1.102763	1.104677	1.10657	1.108441	1.110291	1.11212	1.113929	1.115717	1.117487	1.119236	1.120967	1.12268	1.124374	1.12605	1.127709	1.12935	1.130975	1.132582	1.134174	1.135749	1.137308	1.138852	1.140381	1.141894	1.143393	1.144877	1.146346	1.147802	1.149244	1.150672	1.152086	1.153488	1.154876	1.156252	1.157615	1.158965	1.160304	1.16163	1.162944
0.91	10	10	10	10	1	1	1	1	1	1	1	1	1	1	1	1	1	1	1	1	1	1.001427	1.004768	1.008053	1.011285	1.014465	1.017594	1.020674	1.023705	1.026689	1.029628	1.032522	1.035372	1.03818	1.040946	1.043672	1.046359	1.049007	1.051618	1.054192	1.05673	1.059233	1.061702	1.064138	1.066541	1.068912	1.071251	1.07356	1.07584	1.078089	1.080311	1.082504	1.08467	1.086809	1.088921	1.091008	1.09307	1.095106	1.097119	1.099108	1.101073	1.103016	1.104936	1.106834	1.108711	1.110566	1.112401	1.114215	1.116009	1.117784	1.11954	1.121276	1.122994	1.124694	1.126376	1.12804	1.129687	1.131317	1.13293	1.134527	1.136107	1.137672	1.139221	1.140755	1.142274	1.143778	1.145267	1.146742	1.148203	1.14965	1.151083	1.152503	1.15391	1.155304	1.156684	1.158053	1.159408	1.160752	1.162083	1.163403
0.92	10	10	10	10	1	1	1	1	1	1	1	1	1	1	1	1	1	1	1	1	1	1.001468	1.004813	1.008103	1.01134	1.014524	1.017657	1.020741	1.023777	1.026766	1.029709	1.032608	1.035463	1.038276	1.041048	1.043779	1.046471	1.049124	1.05174	1.054319	1.056863	1.059371	1.061846	1.064287	1.066695	1.069071	1.071416	1.073731	1.076016	1.078271	1.080498	1.082697	1.084868	1.087012	1.08913	1.091223	1.09329	1.095332	1.09735	1.099345	1.101316	1.103264	1.105189	1.107093	1.108975	1.110836	1.112677	1.114496	1.116296	1.118076	1.119837	1.121579	1.123303	1.125008	1.126695	1.128365	1.130017	1.131652	1.133271	1.134873	1.136459	1.138029	1.139584	1.141123	1.142647	1.144156	1.145651	1.147131	1.148597	1.150049	1.151488	1.152913	1.154325	1.155724	1.157109	1.158483	1.159843	1.161192	1.162528	1.163853
0.93	10	10	10	10	1	1	1	1	1	1	1	1	1	1	1	1	1	1	1	1	1	1.001509	1.004858	1.008152	1.011393	1.014581	1.017719	1.020807	1.023848	1.026841	1.029789	1.032693	1.035553	1.038371	1.041147	1.043883	1.04658	1.049239	1.05186	1.054444	1.056993	1.059507	1.061986	1.064433	1.066846	1.069228	1.071578	1.073898	1.076188	1.078449	1.080681	1.082885	1.085062	1.087212	1.089336	1.091434	1.093506	1.095554	1.097577	1.099577	1.101554	1.103507	1.105438	1.107348	1.109235	1.111102	1.112947	1.114772	1.116578	1.118363	1.12013	1.121877	1.123606	1.125316	1.127009	1.128684	1.130342	1.131982	1.133606	1.135213	1.136805	1.13838	1.13994	1.141484	1.143013	1.144528	1.146028	1.147513	1.148984	1.150442	1.151885	1.153315	1.154732	1.156136	1.157527	1.158905	1.160271	1.161625	1.162966	1.164295
0.94	10	10	10	10	1	1	1	1	1	1	1	1	1	1	1	1	1	1	1	1	1	1.001549	1.004902	1.0082	1.011444	1.014637	1.017779	1.020872	1.023917	1.026915	1.029868	1.032776	1.035641	1.038463	1.041245	1.043986	1.046688	1.049351	1.051977	1.054567	1.057121	1.059639	1.062124	1.064576	1.066994	1.069381	1.071737	1.074062	1.076358	1.078624	1.080861	1.083071	1.085253	1.087408	1.089537	1.09164	1.093718	1.095771	1.0978	1.099805	1.101787	1.103746	1.105683	1.107597	1.10949	1.111362	1.113213	1.115044	1.116854	1.118645	1.120417	1.122169	1.123903	1.125619	1.127317	1.128997	1.13066	1.132306	1.133935	1.135548	1.137144	1.138725	1.14029	1.141839	1.143374	1.144893	1.146398	1.147888	1.149365	1.150827	1.152276	1.153711	1.155133	1.156542	1.157937	1.159321	1.160691	1.16205	1.163396	1.16473
0.95	10	10	10	10	1	1	1	1	1	1	1	1	1	1	1	1	1	1	1	1	1	1.001588	1.004945	1.008247	1.011495	1.014692	1.017839	1.020936	1.023985	1.026988	1.029945	1.032857	1.035727	1.038554	1.04134	1.044086	1.046793	1.049461	1.052092	1.054687	1.057246	1.05977	1.06226	1.064716	1.06714	1.069532	1.071893	1.074223	1.076524	1.078795	1.081038	1.083253	1.08544	1.087601	1.089735	1.091843	1.093926	1.095985	1.098019	1.10003	1.102017	1.103981	1.105923	1.107842	1.109741	1.111618	1.113474	1.11531	1.117126	1.118922	1.120699	1.122456	1.124196	1.125917	1.12762	1.129305	1.130973	1.132624	1.134258	1.135876	1.137478	1.139063	1.140633	1.142188	1.143727	1.145252	1.146762	1.148257	1.149739	1.151206	1.152659	1.1541	1.155526	1.15694	1.158341	1.159729	1.161104	1.162468	1.163819	1.165158
0.96	10	10	10	10	1	1	1	1	1	1	1	1	1	1	1	1	1	1	1	1	1	1.001626	1.004987	1.008293	1.011545	1.014746	1.017897	1.020998	1.024052	1.027059	1.03002	1.032937	1.035811	1.038643	1.041434	1.044185	1.046896	1.04957	1.052205	1.054805	1.057369	1.059897	1.062392	1.064854	1.067283	1.06968	1.072046	1.074381	1.076687	1.078964	1.081212	1.083431	1.085624	1.08779	1.089929	1.092043	1.094131	1.096195	1.098234	1.10025	1.102242	1.104211	1.106158	1.108083	1.109987	1.111869	1.11373	1.115571	1.117392	1.119193	1.120975	1.122738	1.124483	1.126209	1.127917	1.129608	1.131281	1.132937	1.134576	1.136199	1.137805	1.139396	1.140971	1.142531	1.144075	1.145604	1.147119	1.14862	1.150106	1.151578	1.153037	1.154482	1.155913	1.157332	1.158737	1.16013	1.16151	1.162878	1.164234	1.165578
0.97	10	10	10	10	1	1	1	1	1	1	1	1	1	1	1	1	1	1	1	1	1	1.001664	1.005028	1.008338	1.011594	1.014799	1.017954	1.021059	1.024117	1.027128	1.030094	1.033016	1.035894	1.038731	1.041526	1.044281	1.046998	1.049676	1.052316	1.054921	1.057489	1.060023	1.062523	1.064989	1.067423	1.069825	1.072196	1.074537	1.076847	1.079129	1.081382	1.083607	1.085804	1.087975	1.09012	1.092238	1.094332	1.096401	1.098445	1.100466	1.102463	1.104438	1.10639	1.10832	1.110228	1.112115	1.113982	1.115828	1.117654	1.11946	1.121248	1.123016	1.124765	1.126496	1.128209	1.129905	1.131583	1.133244	1.134888	1.136516	1.138127	1.139723	1.141303	1.142867	1.144417	1.145951	1.147471	1.148976	1.150467	1.151944	1.153407	1.154857	1.156293	1.157717	1.159127	1.160525	1.16191	1.163282	1.164643	1.165992
0.98	10	10	10	10	1	1	1	1	1	1	1	1	1	1	1	1	1	1	1	1	1	1.001701	1.005069	1.008382	1.011642	1.014851	1.018009	1.021119	1.024181	1.027196	1.030167	1.033093	1.035976	1.038817	1.041616	1.044376	1.047097	1.04978	1.052425	1.055034	1.057607	1.060146	1.062651	1.065122	1.067561	1.069968	1.072344	1.074689	1.077005	1.079291	1.081549	1.083779	1.085982	1.088157	1.090307	1.092431	1.094529	1.096603	1.098652	1.100678	1.10268	1.10466	1.106617	1.108552	1.110466	1.112358	1.114229	1.11608	1.117911	1.119723	1.121515	1.123288	1.125042	1.126778	1.128496	1.130197	1.13188	1.133546	1.135195	1.136827	1.138444	1.140044	1.141629	1.143198	1.144753	1.146292	1.147816	1.149326	1.150822	1.152304	1.153772	1.155226	1.156667	1.158095	1.15951	1.160913	1.162302	1.16368	1.165045	1.166398
0.99	10	10	10	10	1	1	1	1	1	1	1	1	1	1	1	1	1	1	1	1	1	1.001737	1.005108	1.008425	1.011689	1.014902	1.018064	1.021178	1.024244	1.027263	1.030238	1.033168	1.036055	1.038901	1.041705	1.044469	1.047195	1.049882	1.052532	1.055145	1.057724	1.060267	1.062776	1.065252	1.067696	1.070108	1.072488	1.074839	1.077159	1.07945	1.081713	1.083948	1.086156	1.088336	1.090491	1.092619	1.094723	1.096801	1.098856	1.100886	1.102894	1.104878	1.10684	1.10878	1.110699	1.112596	1.114472	1.116328	1.118164	1.119981	1.121778	1.123555	1.125315	1.127056	1.128779	1.130484	1.132172	1.133842	1.135496	1.137134	1.138755	1.14036	1.14195	1.143524	1.145083	1.146627	1.148156	1.149671	1.151171	1.152658	1.15413	1.155589	1.157035	1.158468	1.159887	1.161294	1.162688	1.16407	1.16544	1.166798
1	10	10	10	10	1	1	1	1	1	1	1	1	1	1	1	1	1	1	1	1	1	1.001772	1.005147	1.008468	1.011735	1.014952	1.018118	1.021236	1.024306	1.027329	1.030308	1.033242	1.036134	1.038983	1.041792	1.044561	1.047291	1.049982	1.052637	1.055255	1.057838	1.060385	1.062899	1.06538	1.067828	1.070245	1.07263	1.074985	1.077311	1.079607	1.081875	1.084114	1.086327	1.088512	1.090671	1.092805	1.094913	1.096997	1.099056	1.101091	1.103104	1.105093	1.10706	1.109005	1.110928	1.11283	1.114711	1.116572	1.118413	1.120234	1.122036	1.123818	1.125583	1.127328	1.129056	1.130766	1.132459	1.134134	1.135793	1.137435	1.139061	1.140671	1.142265	1.143844	1.145407	1.146956	1.14849	1.150009	1.151514	1.153006	1.154483	1.155947	1.157397	1.158834	1.160258	1.161669	1.163068	1.164455	1.165829	1.167191
1.01	10	10	10	10	1	1	1	1	1	1	1	1	1	1	1	1	1	1	1	1	1	1.001807	1.005185	1.008509	1.011781	1.015001	1.018171	1.021292	1.024366	1.027394	1.030376	1.033315	1.036211	1.039065	1.041877	1.044651	1.047385	1.050081	1.05274	1.055362	1.05795	1.060502	1.06302	1.065506	1.067959	1.07038	1.07277	1.07513	1.07746	1.079761	1.082033	1.084277	1.086494	1.088685	1.090849	1.092987	1.0951	1.097188	1.099252	1.101293	1.10331	1.105304	1.107275	1.109225	1.111153	1.11306	1.114946	1.116812	1.118657	1.120483	1.12229	1.124077	1.125846	1.127596	1.129329	1.131043	1.132741	1.134421	1.136084	1.137731	1.139362	1.140976	1.142575	1.144159	1.145727	1.14728	1.148818	1.150342	1.151852	1.153348	1.15483	1.156298	1.157753	1.159194	1.160623	1.162039	1.163442	1.164833	1.166211	1.167578
