0.8956379
0.8866664
0.9349612
0.997626
0.9857
1.0102
1.0351
1.0602
1.0854
1.1108
1.1363
1.1617
1.1872
1.2126
1.238
1.2633
1.2885
1.3137
1.339
1.364
1.388
1.413
1.438
1.462
1.486
1.51
1.534
1.558
1.582
1.605
1.628
1.652
1.675
1.698
1.72
1.743
1.765
1.788
1.81
1.832
1.854
1.876
1.897
1.919
1.94
1.961
1.983
2.003
2.024
2.045
2.066
2.086
2.106
2.127
2.147
2.167
2.186
2.206
2.226
2.245
2.265
2.284
2.303
2.322
2.341
2.36
2.379
2.397
2.416
2.434
2.453
2.471
2.489
2.507
2.525
2.543
2.56
2.578
2.595
2.613
2.63
2.647
2.665
2.682
2.699
2.716
2.732
2.749
2.766
2.782
2.799
2.815
2.831
2.848
2.864
2.88
2.896
2.912
2.928
2.943
0.8956379
0.8866664
0.9349624
0.997624
0.983
1.0049
1.0271
1.0495
1.0722
1.0951
1.118
1.1411
1.1641
1.1873
1.21
1.233
1.257
1.28
1.302
1.325
1.348
1.371
1.393
1.416
1.438
1.461
1.483
1.505
1.527
1.549
1.571
1.592
1.614
1.635
1.656
1.677
1.698
1.719
1.74
1.761
1.781
1.801
1.822
1.842
1.862
1.882
1.902
1.921
1.941
1.96
1.98
1.999
2.018
2.037
2.056
2.075
2.093
2.112
2.13
2.149
2.167
2.185
2.203
2.221
2.239
2.257
2.274
2.292
2.309
2.327
2.344
2.361
2.378
2.395
2.412
2.429
2.445
2.462
2.479
2.495
2.511
2.528
2.544
2.56
2.576
2.592
2.608
2.624
2.639
2.655
2.671
2.686
2.701
2.717
2.732
2.747
2.762
2.777
2.792
2.807
0.8956379
0.8866664
0.934963
0.997621
0.9808
1.0005
1.0205
1.0408
1.0613
1.082
1.1029
1.1238
1.145
1.166
1.187
1.208
1.229
1.25
1.272
1.293
1.314
1.335
1.355
1.376
1.397
1.418
1.438
1.459
1.479
1.499
1.52
1.54
1.56
1.58
1.6
1.619
1.639
1.658
1.678
1.697
1.716
1.735
1.754
1.773
1.792
1.811
1.829
1.848
1.866
1.884
1.903
1.921
1.939
1.956
1.974
1.992
2.009
2.027
2.044
2.062
2.079
2.096
2.113
2.13
2.147
2.163
2.18
2.196
2.213
2.229
2.246
2.262
2.278
2.294
2.31
2.326
2.341
2.357
2.373
2.388
2.404
2.419
2.434
2.45
2.465
2.48
2.495
2.51
2.525
2.539
2.554
2.569
2.583
2.598
2.612
2.626
2.641
2.655
2.669
2.683
0.8956379
0.8866664
0.9349633
0.997619
0.979
0.9969
1.0151
1.0336
1.0523
1.0711
1.0901
1.109
1.129
1.148
1.167
1.187
1.206
1.225
1.245
1.264
1.284
1.303
1.322
1.342
1.361
1.38
1.399
1.418
1.437
1.456
1.475
1.494
1.512
1.531
1.55
1.568
1.586
1.605
1.623
1.641
1.659
1.677
1.694
1.712
1.73
1.747
1.765
1.782
1.799
1.816
1.833
1.85
1.867
1.884
1.901
1.917
1.934
1.95
1.967
1.983
1.999
2.015
2.031
2.047
2.063
2.079
2.095
2.11
2.126
2.141
2.157
2.172
2.187
2.202
2.217
2.232
2.247
2.262
2.277
2.291
2.306
2.32
2.335
2.349
2.364
2.378
2.392
2.406
2.42
2.434
2.448
2.462
2.476
2.489
2.503
2.516
2.53
2.543
2.557
2.57
0.8956379
0.8866664
0.9349636
0.997617
0.9775
0.9939
1.0106
1.0275
1.0446
1.0619
1.079
1.097
1.115
1.132
1.15
1.168
1.186
1.204
1.222
1.24
1.258
1.276
1.294
1.312
1.329
1.347
1.365
1.383
1.4
1.418
1.436
1.453
1.47
1.488
1.505
1.522
1.539
1.557
1.574
1.59
1.607
1.624
1.641
1.657
1.674
1.69
1.707
1.723
1.739
1.755
1.771
1.787
1.803
1.819
1.835
1.85
1.866
1.882
1.897
1.912
1.928
1.943
1.958
1.973
1.988
2.003
2.017
2.032
2.047
2.061
2.076
2.09
2.105
2.119
2.133
2.147
2.161
2.175
2.189
2.203
2.217
2.231
2.244
2.258
2.271
2.285
2.298
2.312
2.325
2.338
2.351
2.364
2.377
2.39
2.403
2.416
2.429
2.442
2.454
2.467
0.8956379
0.8866664
0.9349637
0.997615
0.9762
0.9913
1.0067
1.0223
1.0381
1.054
1.07
1.086
1.103
1.119
1.135
1.152
1.169
1.185
1.202
1.218
1.235
1.252
1.268
1.285
1.302
1.318
1.335
1.351
1.368
1.384
1.401
1.417
1.433
1.45
1.466
1.482
1.498
1.514
1.53
1.546
1.561
1.577
1.593
1.608
1.624
1.639
1.655
1.67
1.685
1.701
1.716
1.731
1.746
1.76
1.775
1.79
1.805
1.819
1.834
1.848
1.863
1.877
1.891
1.905
1.919
1.934
1.947
1.961
1.975
1.989
2.003
2.016
2.03
2.043
2.057
2.07
2.083
2.097
2.11
2.123
2.136
2.149
2.162
2.175
2.188
2.2
2.213
2.226
2.238
2.251
2.263
2.275
2.288
2.3
2.312
2.324
2.336
2.348
2.36
2.372
0.8956379
0.8866664
0.9349639
0.997614
0.9751
0.9891
1.0034
1.0178
1.0324
1.0472
1.062
1.077
1.092
1.107
1.123
1.138
1.153
1.169
1.184
1.2
1.215
1.231
1.246
1.262
1.277
1.293
1.308
1.324
1.339
1.354
1.37
1.385
1.4
1.415
1.431
1.446
1.461
1.476
1.491
1.506
1.52
1.535
1.55
1.565
1.579
1.594
1.608
1.623
1.637
1.651
1.665
1.679
1.694
1.708
1.722
1.735
1.749
1.763
1.777
1.79
1.804
1.817
1.831
1.844
1.858
1.871
1.884
1.897
1.91
1.923
1.936
1.949
1.962
1.975
1.987
2
2.012
2.025
2.037
2.05
2.062
2.074
2.087
2.099
2.111
2.123
2.135
2.147
2.159
2.171
2.182
2.194
2.206
2.217
2.229
2.241
2.25
2.26
2.27
2.29
0.8956379
0.8866664
0.934964
0.997613
0.9741
0.9872
1.0005
1.0139
1.0275
1.041
1.055
1.069
1.083
1.097
1.112
1.126
1.14
1.155
1.169
1.183
1.198
1.212
1.227
1.241
1.256
1.27
1.285
1.299
1.313
1.328
1.342
1.356
1.371
1.385
1.399
1.413
1.427
1.442
1.456
1.47
1.484
1.497
1.511
1.525
1.539
1.552
1.566
1.58
1.593
1.607
1.62
1.633
1.647
1.66
1.673
1.686
1.699
1.712
1.725
1.738
1.751
1.763
1.776
1.789
1.801
1.814
1.826
1.839
1.851
1.863
1.876
1.888
1.9
1.912
1.924
1.936
1.948
1.96
1.971
1.983
1.995
2.006
2.018
2.03
2.041
2.052
2.064
2.075
2.086
2.098
2.109
2.12
2.131
2.142
2.15
2.16
2.17
2.19
2.2
2.21
0.8956379
0.8866664
0.934964
0.997611
0.9733
0.9855
0.998
1.0105
1.0232
1.036
1.049
1.062
1.075
1.088
1.102
1.115
1.128
1.142
1.155
1.169
1.182
1.196
1.209
1.223
1.236
1.25
1.264
1.277
1.291
1.304
1.318
1.331
1.344
1.358
1.371
1.384
1.398
1.411
1.424
1.437
1.45
1.463
1.476
1.489
1.502
1.515
1.528
1.541
1.554
1.566
1.579
1.591
1.604
1.616
1.629
1.641
1.654
1.666
1.678
1.69
1.702
1.714
1.726
1.738
1.75
1.762
1.774
1.786
1.797
1.809
1.82
1.832
1.843
1.855
1.866
1.878
1.889
1.9
1.911
1.922
1.933
1.944
1.955
1.966
1.977
1.988
1.999
2.009
2.02
2.031
2.041
2.052
2.06
2.07
2.08
2.09
2.1
2.11
2.12
2.13
0.8956379
0.8866664
0.9349641
0.99761
0.9725
0.9841
0.9957
1.0075
1.0195
1.031
1.044
1.056
1.068
1.081
1.093
1.105
1.118
1.131
1.143
1.156
1.169
1.181
1.194
1.207
1.219
1.232
1.245
1.257
1.27
1.283
1.295
1.308
1.321
1.333
1.346
1.358
1.371
1.383
1.396
1.408
1.42
1.433
1.445
1.457
1.469
1.482
1.494
1.506
1.518
1.53
1.542
1.554
1.565
1.577
1.589
1.601
1.612
1.624
1.635
1.647
1.658
1.67
1.681
1.692
1.704
1.715
1.726
1.737
1.748
1.759
1.77
1.781
1.792
1.803
1.813
1.824
1.835
1.845
1.856
1.867
1.877
1.888
1.898
1.908
1.919
1.929
1.939
1.949
1.959
1.969
1.98
1.99
2
2.01
2.02
2.03
2.04
2.05
2.06
2.07
0.8956379
0.8866664
0.9349642
0.997609
0.9719
0.9827
0.9937
1.0049
1.0161
1.027
1.039
1.05
1.062
1.074
1.085
1.097
1.109
1.121
1.132
1.144
1.156
1.168
1.18
1.192
1.204
1.216
1.228
1.24
1.252
1.264
1.276
1.288
1.299
1.311
1.323
1.335
1.347
1.358
1.37
1.382
1.393
1.405
1.417
1.428
1.44
1.451
1.463
1.474
1.485
1.497
1.508
1.519
1.53
1.541
1.553
1.564
1.575
1.586
1.597
1.607
1.618
1.629
1.64
1.65
1.661
1.672
1.682
1.693
1.703
1.714
1.724
1.734
1.745
1.755
1.765
1.775
1.785
1.796
1.806
1.816
1.826
1.835
1.845
1.855
1.865
1.875
1.884
1.894
1.904
1.91
1.92
1.93
1.94
1.95
1.96
1.97
1.98
1.99
2
2.01
0.8956379
0.8866664
0.9349642
0.997609
0.9713
0.9816
0.992
1.0025
1.0131
1.024
1.035
1.045
1.056
1.067
1.078
1.089
1.1
1.112
1.123
1.134
1.145
1.156
1.168
1.179
1.19
1.201
1.213
1.224
1.235
1.246
1.258
1.269
1.28
1.291
1.302
1.314
1.325
1.336
1.347
1.358
1.369
1.38
1.391
1.402
1.413
1.423
1.434
1.445
1.456
1.466
1.477
1.488
1.498
1.509
1.519
1.53
1.54
1.551
1.561
1.571
1.582
1.592
1.602
1.612
1.622
1.632
1.642
1.652
1.662
1.672
1.682
1.692
1.702
1.711
1.721
1.731
1.74
1.75
1.759
1.769
1.778
1.788
1.797
1.806
1.816
1.825
1.834
1.843
1.85
1.86
1.87
1.88
1.89
1.9
1.91
1.92
1.92
1.93
1.94
1.95
0.8956379
0.8866664
0.9349642
0.997608
0.9708
0.9805
0.9904
1.0003
1.0103
1.02
1.031
1.041
1.051
1.062
1.072
1.082
1.093
1.103
1.114
1.125
1.135
1.146
1.156
1.167
1.178
1.188
1.199
1.21
1.22
1.231
1.242
1.252
1.263
1.273
1.284
1.294
1.305
1.315
1.326
1.336
1.347
1.357
1.367
1.378
1.388
1.398
1.409
1.419
1.429
1.439
1.449
1.459
1.469
1.479
1.489
1.499
1.509
1.519
1.529
1.538
1.548
1.558
1.567
1.577
1.587
1.596
1.606
1.615
1.625
1.634
1.643
1.653
1.662
1.671
1.68
1.69
1.699
1.708
1.717
1.726
1.735
1.744
1.753
1.761
1.77
1.779
1.788
1.796
1.81
1.81
1.82
1.83
1.84
1.85
1.86
1.86
1.87
1.88
1.89
1.9
0.8956379
0.8866664
0.9349643
0.997607
0.9703
0.9796
0.9889
0.9984
1.0079
1.017
1.027
1.037
1.047
1.056
1.066
1.076
1.086
1.096
1.106
1.116
1.126
1.136
1.146
1.156
1.166
1.176
1.187
1.197
1.207
1.217
1.227
1.237
1.247
1.257
1.267
1.277
1.287
1.297
1.307
1.317
1.326
1.336
1.346
1.356
1.366
1.375
1.385
1.395
1.404
1.414
1.424
1.433
1.443
1.452
1.461
1.471
1.48
1.49
1.499
1.508
1.517
1.527
1.536
1.545
1.554
1.563
1.572
1.581
1.59
1.599
1.608
1.617
1.626
1.634
1.643
1.652
1.66
1.669
1.678
1.686
1.695
1.703
1.712
1.72
1.728
1.737
1.745
1.753
1.76
1.77
1.78
1.79
1.79
1.8
1.81
1.82
1.83
1.83
1.84
1.85
0.8956379
0.8866664
0.9349643
0.997606
0.9698
0.9787
0.9876
0.9966
1.006
1.015
1.024
1.033
1.042
1.052
1.061
1.071
1.08
1.089
1.099
1.108
1.118
1.127
1.137
1.147
1.156
1.166
1.175
1.185
1.194
1.204
1.213
1.223
1.232
1.242
1.251
1.261
1.27
1.28
1.289
1.298
1.308
1.317
1.326
1.336
1.345
1.354
1.363
1.373
1.382
1.391
1.4
1.409
1.418
1.427
1.436
1.445
1.454
1.463
1.472
1.48
1.489
1.498
1.507
1.515
1.524
1.533
1.541
1.55
1.558
1.567
1.575
1.584
1.592
1.6
1.609
1.617
1.625
1.633
1.642
1.65
1.658
1.666
1.674
1.682
1.69
1.698
1.706
1.714
1.72
1.73
1.74
1.74
1.75
1.76
1.77
1.78
1.78
1.79
1.8
1.81
0.8956379
0.8866664
0.9349643
0.997606
0.9694
0.9779
0.9864
0.995
1.004
1.012
1.021
1.03
1.039
1.048
1.056
1.065
1.074
1.083
1.092
1.101
1.11
1.12
1.129
1.138
1.147
1.156
1.165
1.174
1.183
1.192
1.201
1.21
1.219
1.228
1.237
1.246
1.255
1.264
1.273
1.282
1.291
1.3
1.309
1.317
1.326
1.335
1.344
1.352
1.361
1.37
1.378
1.387
1.396
1.404
1.413
1.421
1.43
1.438
1.447
1.455
1.463
1.472
1.48
1.488
1.496
1.505
1.513
1.521
1.529
1.537
1.545
1.553
1.561
1.569
1.577
1.585
1.593
1.601
1.608
1.616
1.624
1.631
1.639
1.647
1.654
1.662
1.669
1.68
1.68
1.69
1.7
1.71
1.71
1.72
1.73
1.74
1.74
1.75
1.76
1.76
0.8956379
0.8866664
0.9349644
0.997605
0.9691
0.9772
0.9853
0.9935
1.002
1.01
1.018
1.027
1.035
1.044
1.052
1.061
1.069
1.078
1.086
1.095
1.104
1.112
1.121
1.13
1.138
1.147
1.155
1.164
1.173
1.181
1.19
1.198
1.207
1.216
1.224
1.233
1.241
1.25
1.258
1.267
1.275
1.284
1.292
1.301
1.309
1.317
1.326
1.334
1.342
1.35
1.359
1.367
1.375
1.383
1.391
1.399
1.407
1.415
1.424
1.431
1.439
1.447
1.455
1.463
1.471
1.479
1.487
1.494
1.502
1.51
1.517
1.525
1.533
1.54
1.548
1.555
1.563
1.57
1.578
1.585
1.592
1.6
1.607
1.614
1.621
1.629
1.636
1.643
1.65
1.66
1.66
1.67
1.68
1.69
1.69
1.7
1.71
1.71
1.72
1.73
0.8956379
0.8866664
0.9349644
0.997605
0.9687
0.9765
0.9843
0.9922
1
1.008
1.016
1.024
1.032
1.04
1.048
1.056
1.065
1.073
1.081
1.089
1.097
1.106
1.114
1.122
1.13
1.138
1.147
1.155
1.163
1.171
1.18
1.188
1.196
1.204
1.212
1.22
1.229
1.237
1.245
1.253
1.261
1.269
1.277
1.285
1.293
1.301
1.309
1.317
1.325
1.333
1.34
1.348
1.356
1.364
1.371
1.379
1.387
1.395
1.402
1.41
1.417
1.425
1.432
1.44
1.447
1.455
1.462
1.47
1.477
1.484
1.492
1.499
1.506
1.513
1.521
1.528
1.535
1.542
1.549
1.556
1.563
1.57
1.577
1.584
1.591
1.598
1.605
1.612
1.62
1.63
1.63
1.64
1.65
1.65
1.66
1.67
1.67
1.68
1.68
1.69
0.8956379
0.8866664
0.9349644
0.997604
0.9684
0.9759
0.9834
0.9909
0.998
1.006
1.014
1.021
1.029
1.037
1.045
1.052
1.06
1.068
1.076
1.084
1.092
1.099
1.107
1.115
1.123
1.131
1.139
1.147
1.154
1.162
1.17
1.178
1.186
1.193
1.201
1.209
1.217
1.225
1.232
1.24
1.248
1.255
1.263
1.271
1.278
1.286
1.293
1.301
1.308
1.316
1.323
1.331
1.338
1.346
1.353
1.361
1.368
1.375
1.382
1.39
1.397
1.404
1.411
1.419
1.426
1.433
1.44
1.447
1.454
1.461
1.468
1.475
1.482
1.489
1.495
1.502
1.509
1.516
1.523
1.529
1.536
1.543
1.549
1.556
1.563
1.569
1.576
1.582
1.59
1.6
1.6
1.61
1.61
1.62
1.63
1.63
1.64
1.65
1.65
1.66
0.8956379
0.8866664
0.9349644
0.997604
0.9681
0.9753
0.9825
0.9897
0.997
1.004
1.012
1.019
1.026
1.034
1.041
1.049
1.056
1.064
1.071
1.079
1.086
1.094
1.101
1.109
1.116
1.124
1.131
1.139
1.146
1.154
1.161
1.169
1.176
1.184
1.191
1.199
1.206
1.213
1.221
1.228
1.235
1.243
1.25
1.257
1.265
1.272
1.279
1.286
1.294
1.301
1.308
1.315
1.322
1.329
1.336
1.343
1.35
1.357
1.364
1.371
1.378
1.385
1.392
1.399
1.405
1.412
1.419
1.426
1.432
1.439
1.446
1.452
1.459
1.466
1.472
1.479
1.485
1.492
1.498
1.505
1.511
1.517
1.524
1.53
1.536
1.543
1.549
1.555
1.56
1.57
1.57
1.58
1.59
1.59
1.6
1.6
1.61
1.62
1.62
1.63
0.8956379
0.8866664
0.9349644
0.997604
0.9679
0.9748
0.9817
0.9887
0.996
1.003
1.01
1.017
1.024
1.031
1.038
1.045
1.053
1.06
1.067
1.074
1.081
1.088
1.096
1.103
1.11
1.117
1.124
1.132
1.139
1.146
1.153
1.16
1.167
1.175
1.182
1.189
1.196
1.203
1.21
1.217
1.224
1.231
1.238
1.245
1.252
1.259
1.266
1.273
1.28
1.286
1.293
1.3
1.307
1.314
1.32
1.327
1.334
1.341
1.347
1.354
1.36
1.367
1.374
1.38
1.387
1.393
1.4
1.406
1.412
1.419
1.425
1.432
1.438
1.444
1.45
1.457
1.463
1.469
1.475
1.482
1.488
1.494
1.5
1.506
1.512
1.518
1.524
1.53
1.54
1.54
1.55
1.55
1.56
1.57
1.57
1.58
1.58
1.59
1.59
1.6
0.8956379
0.8866664
0.9349644
0.997603
0.9676
0.9743
0.981
0.9877
0.994
1.001
1.008
1.015
1.022
1.028
1.035
1.042
1.049
1.056
1.063
1.07
1.077
1.084
1.09
1.097
1.104
1.111
1.118
1.125
1.132
1.139
1.146
1.152
1.159
1.166
1.173
1.18
1.187
1.193
1.2
1.207
1.214
1.22
1.227
1.234
1.24
1.247
1.254
1.26
1.267
1.273
1.28
1.286
1.293
1.299
1.306
1.312
1.319
1.325
1.331
1.338
1.344
1.35
1.357
1.363
1.369
1.375
1.382
1.388
1.394
1.4
1.406
1.412
1.418
1.424
1.43
1.436
1.442
1.448
1.454
1.46
1.466
1.472
1.478
1.483
1.489
1.495
1.501
1.506
1.512
1.52
1.52
1.53
1.53
1.54
1.55
1.55
1.56
1.56
1.57
1.57
0.8956379
0.8866664
0.9349644
0.997603
0.9674
0.9738
0.9803
0.9867
0.993
1
1.006
1.013
1.019
1.026
1.033
1.039
1.046
1.052
1.059
1.066
1.072
1.079
1.086
1.092
1.099
1.106
1.112
1.119
1.125
1.132
1.139
1.145
1.152
1.158
1.165
1.171
1.178
1.184
1.191
1.197
1.204
1.21
1.217
1.223
1.229
1.236
1.242
1.248
1.255
1.261
1.267
1.274
1.28
1.286
1.292
1.298
1.304
1.311
1.317
1.323
1.329
1.335
1.341
1.347
1.353
1.359
1.365
1.371
1.377
1.382
1.388
1.394
1.4
1.406
1.411
1.417
1.423
1.429
1.434
1.44
1.446
1.451
1.457
1.462
1.468
1.473
1.479
1.484
1.49
1.5
1.5
1.51
1.51
1.52
1.52
1.53
1.53
1.54
1.54
1.55
0.8956379
0.8866664
0.9349645
0.997603
0.9672
0.9734
0.9796
0.9859
0.992
0.998
1.005
1.011
1.017
1.024
1.03
1.036
1.043
1.049
1.056
1.062
1.068
1.075
1.081
1.088
1.094
1.1
1.107
1.113
1.119
1.126
1.132
1.138
1.145
1.151
1.157
1.163
1.17
1.176
1.182
1.188
1.195
1.201
1.207
1.213
1.219
1.225
1.231
1.237
1.244
1.25
1.256
1.262
1.268
1.274
1.279
1.285
1.291
1.297
1.303
1.309
1.315
1.32
1.326
1.332
1.338
1.343
1.349
1.355
1.36
1.366
1.372
1.377
1.383
1.388
1.394
1.399
1.405
1.41
1.416
1.421
1.427
1.432
1.437
1.443
1.448
1.453
1.458
1.464
1.469
1.47
1.48
1.48
1.49
1.49
1.5
1.5
1.51
1.52
1.52
1.53
0.8956379
0.8866664
0.9349645
0.997602
0.967
0.973
0.979
0.9851
0.991
0.997
1.003
1.009
1.016
1.022
1.028
1.034
1.04
1.046
1.052
1.059
1.065
1.071
1.077
1.083
1.089
1.095
1.101
1.108
1.114
1.12
1.126
1.132
1.138
1.144
1.15
1.156
1.162
1.168
1.174
1.18
1.186
1.192
1.198
1.204
1.21
1.216
1.221
1.227
1.233
1.239
1.245
1.25
1.256
1.262
1.268
1.273
1.279
1.285
1.29
1.296
1.301
1.307
1.312
1.318
1.323
1.329
1.334
1.34
1.345
1.351
1.356
1.361
1.367
1.372
1.377
1.383
1.388
1.393
1.398
1.404
1.409
1.414
1.419
1.424
1.429
1.434
1.439
1.444
1.449
1.454
1.46
1.46
1.47
1.47
1.48
1.48
1.49
1.49
1.5
1.5
0.8956379
0.8866664
0.9349645
0.997602
0.9668
0.9726
0.9784
0.9843
0.99
0.996
1.002
1.008
1.014
1.02
1.026
1.032
1.037
1.043
1.049
1.055
1.061
1.067
1.073
1.079
1.085
1.091
1.097
1.103
1.108
1.114
1.12
1.126
1.132
1.138
1.143
1.149
1.155
1.161
1.167
1.172
1.178
1.184
1.189
1.195
1.201
1.206
1.212
1.218
1.223
1.229
1.234
1.24
1.245
1.251
1.256
1.262
1.267
1.273
1.278
1.284
1.289
1.294
1.3
1.305
1.31
1.315
1.321
1.326
1.331
1.336
1.342
1.347
1.352
1.357
1.362
1.367
1.372
1.377
1.382
1.387
1.392
1.397
1.402
1.407
1.412
1.417
1.422
1.426
1.431
1.436
1.44
1.45
1.45
1.46
1.46
1.46
1.47
1.47
1.48
1.48
0.8956379
0.8866664
0.9349645
0.997602
0.9666
0.9723
0.9779
0.9836
0.989
0.995
1.001
1.006
1.012
1.018
1.024
1.029
1.035
1.041
1.046
1.052
1.058
1.064
1.069
1.075
1.081
1.086
1.092
1.098
1.103
1.109
1.115
1.12
1.126
1.132
1.137
1.143
1.148
1.154
1.159
1.165
1.171
1.176
1.182
1.187
1.192
1.198
1.203
1.209
1.214
1.219
1.225
1.23
1.235
1.241
1.246
1.251
1.256
1.262
1.267
1.272
1.277
1.282
1.288
1.293
1.298
1.303
1.308
1.313
1.318
1.323
1.328
1.333
1.338
1.343
1.348
1.352
1.357
1.362
1.367
1.372
1.376
1.381
1.386
1.391
1.395
1.4
1.405
1.409
1.414
1.419
1.423
1.43
1.43
1.44
1.44
1.45
1.45
1.45
1.46
1.46
0.8956379
0.8866664
0.9349645
0.997601
0.9664
0.9719
0.9774
0.9829
0.988
0.994
0.999
1.005
1.011
1.016
1.022
1.027
1.033
1.038
1.044
1.049
1.055
1.06
1.066
1.071
1.077
1.082
1.088
1.093
1.099
1.104
1.11
1.115
1.121
1.126
1.131
1.137
1.142
1.148
1.153
1.158
1.164
1.169
1.174
1.179
1.185
1.19
1.195
1.2
1.205
1.211
1.216
1.221
1.226
1.231
1.236
1.241
1.246
1.251
1.256
1.261
1.266
1.271
1.276
1.281
1.286
1.291
1.296
1.301
1.305
1.31
1.315
1.32
1.324
1.329
1.334
1.339
1.343
1.348
1.353
1.357
1.362
1.366
1.371
1.376
1.38
1.385
1.389
1.394
1.398
1.402
1.407
1.41
1.42
1.42
1.42
1.43
1.43
1.44
1.44
1.45
0.8956379
0.8866664
0.9349645
0.997601
0.9663
0.9716
0.9769
0.9823
0.988
0.993
0.998
1.004
1.009
1.014
1.02
1.025
1.031
1.036
1.041
1.047
1.052
1.057
1.063
1.068
1.073
1.079
1.084
1.089
1.094
1.1
1.105
1.11
1.115
1.121
1.126
1.131
1.136
1.141
1.147
1.152
1.157
1.162
1.167
1.172
1.177
1.182
1.187
1.192
1.197
1.202
1.207
1.212
1.217
1.222
1.227
1.232
1.237
1.242
1.246
1.251
1.256
1.261
1.265
1.27
1.275
1.28
1.284
1.289
1.294
1.298
1.303
1.307
1.312
1.317
1.321
1.326
1.33
1.335
1.339
1.344
1.348
1.352
1.357
1.361
1.366
1.37
1.374
1.379
1.383
1.387
1.391
1.4
1.4
1.4
1.41
1.41
1.42
1.42
1.42
1.43
0.8956379
0.8866664
0.9349645
0.997601
0.9661
0.9713
0.9765
0.9817
0.987
0.992
0.997
1.002
1.008
1.013
1.018
1.023
1.028
1.034
1.039
1.044
1.049
1.054
1.06
1.065
1.07
1.075
1.08
1.085
1.09
1.095
1.101
1.106
1.111
1.116
1.121
1.126
1.131
1.136
1.141
1.146
1.151
1.156
1.161
1.165
1.17
1.175
1.18
1.185
1.19
1.194
1.199
1.204
1.209
1.214
1.218
1.223
1.228
1.232
1.237
1.242
1.246
1.251
1.255
1.26
1.265
1.269
1.274
1.278
1.283
1.287
1.291
1.296
1.3
1.305
1.309
1.313
1.318
1.322
1.326
1.331
1.335
1.339
1.343
1.348
1.352
1.356
1.36
1.364
1.369
1.373
1.377
1.381
1.38
1.39
1.39
1.4
1.4
1.4
1.41
1.41
0.8956379
0.8866664
0.9349645
0.997601
0.966
0.971
0.976
0.9811
0.986
0.991
0.996
1.001
1.006
1.011
1.016
1.021
1.027
1.032
1.037
1.042
1.047
1.052
1.057
1.062
1.067
1.072
1.077
1.082
1.086
1.091
1.096
1.101
1.106
1.111
1.116
1.121
1.126
1.13
1.135
1.14
1.145
1.15
1.154
1.159
1.164
1.168
1.173
1.178
1.182
1.187
1.192
1.196
1.201
1.206
1.21
1.215
1.219
1.224
1.228
1.233
1.237
1.242
1.246
1.25
1.255
1.259
1.263
1.268
1.272
1.276
1.281
1.285
1.289
1.293
1.298
1.302
1.306
1.31
1.314
1.319
1.323
1.327
1.331
1.335
1.339
1.343
1.347
1.351
1.355
1.359
1.363
1.367
1.37
1.37
1.38
1.38
1.39
1.39
1.39
1.4
0.8956379
0.8866664
0.9349645
0.997601
0.9658
0.9707
0.9756
0.9805
0.985
0.99
0.995
1
1.005
1.01
1.015
1.02
1.025
1.03
1.034
1.039
1.044
1.049
1.054
1.059
1.064
1.068
1.073
1.078
1.083
1.088
1.092
1.097
1.102
1.107
1.111
1.116
1.121
1.125
1.13
1.135
1.139
1.144
1.148
1.153
1.158
1.162
1.167
1.171
1.176
1.18
1.185
1.189
1.194
1.198
1.202
1.207
1.211
1.215
1.22
1.224
1.228
1.233
1.237
1.241
1.245
1.25
1.254
1.258
1.262
1.266
1.271
1.275
1.279
1.283
1.287
1.291
1.295
1.299
1.303
1.307
1.311
1.315
1.319
1.323
1.327
1.331
1.335
1.338
1.342
1.346
1.35
1.354
1.358
1.36
1.37
1.37
1.37
1.38
1.38
1.38
0.8956379
0.8866664
0.9349645
0.9976
0.9657
0.9705
0.9753
0.98
0.985
0.99
0.994
0.999
1.004
1.009
1.013
1.018
1.023
1.028
1.032
1.037
1.042
1.047
1.051
1.056
1.061
1.065
1.07
1.075
1.079
1.084
1.089
1.093
1.098
1.102
1.107
1.111
1.116
1.12
1.125
1.129
1.134
1.138
1.143
1.147
1.152
1.156
1.161
1.165
1.169
1.174
1.178
1.182
1.187
1.191
1.195
1.199
1.204
1.208
1.212
1.216
1.22
1.224
1.229
1.233
1.237
1.241
1.245
1.249
1.253
1.257
1.261
1.265
1.269
1.273
1.277
1.281
1.285
1.289
1.292
1.296
1.3
1.304
1.308
1.312
1.315
1.319
1.323
1.327
1.33
1.334
1.338
1.341
1.345
1.35
1.35
1.36
1.36
1.36
1.37
1.37
0.8956379
0.8866664
0.9349646
0.9976
0.9656
0.9702
0.9749
0.9795
0.984
0.989
0.993
0.998
1.003
1.007
1.012
1.017
1.021
1.026
1.03
1.035
1.04
1.044
1.049
1.053
1.058
1.062
1.067
1.072
1.076
1.08
1.085
1.089
1.094
1.098
1.103
1.107
1.112
1.116
1.12
1.125
1.129
1.133
1.138
1.142
1.146
1.15
1.155
1.159
1.163
1.167
1.172
1.176
1.18
1.184
1.188
1.192
1.196
1.2
1.204
1.208
1.213
1.217
1.221
1.225
1.228
1.232
1.236
1.24
1.244
1.248
1.252
1.256
1.26
1.263
1.267
1.271
1.275
1.279
1.282
1.286
1.29
1.293
1.297
1.301
1.304
1.308
1.312
1.315
1.319
1.322
1.326
1.33
1.333
1.337
1.34
1.34
1.35
1.35
1.35
1.36
0.8956379
0.8866664
0.9349646
0.9976
0.9655
0.97
0.9745
0.9791
0.984
0.988
0.993
0.997
1.002
1.006
1.011
1.015
1.02
1.024
1.029
1.033
1.038
1.042
1.046
1.051
1.055
1.06
1.064
1.069
1.073
1.077
1.082
1.086
1.09
1.095
1.099
1.103
1.107
1.112
1.116
1.12
1.124
1.128
1.133
1.137
1.141
1.145
1.149
1.153
1.157
1.161
1.166
1.17
1.174
1.178
1.182
1.186
1.189
1.193
1.197
1.201
1.205
1.209
1.213
1.217
1.221
1.224
1.228
1.232
1.236
1.24
1.243
1.247
1.251
1.254
1.258
1.262
1.265
1.269
1.273
1.276
1.28
1.283
1.287
1.291
1.294
1.298
1.301
1.305
1.308
1.311
1.315
1.318
1.322
1.325
1.33
1.33
1.34
1.34
1.34
1.35
0.8956379
0.8866664
0.9349646
0.9976
0.9654
0.9698
0.9742
0.9786
0.983
0.987
0.992
0.996
1.001
1.005
1.009
1.014
1.018
1.023
1.027
1.031
1.036
1.04
1.044
1.049
1.053
1.057
1.061
1.066
1.07
1.074
1.078
1.083
1.087
1.091
1.095
1.099
1.103
1.108
1.112
1.116
1.12
1.124
1.128
1.132
1.136
1.14
1.144
1.148
1.152
1.156
1.16
1.164
1.168
1.171
1.175
1.179
1.183
1.187
1.191
1.194
1.198
1.202
1.206
1.209
1.213
1.217
1.221
1.224
1.228
1.232
1.235
1.239
1.242
1.246
1.249
1.253
1.257
1.26
1.264
1.267
1.271
1.274
1.277
1.281
1.284
1.288
1.291
1.294
1.298
1.301
1.304
1.308
1.311
1.314
1.32
1.32
1.32
1.33
1.33
1.33
0.8956379
0.8866664
0.9349646
0.9976
0.9653
0.9696
0.9739
0.9782
0.983
0.987
0.991
0.995
1
1.004
1.008
1.013
1.017
1.021
1.025
1.03
1.034
1.038
1.042
1.046
1.051
1.055
1.059
1.063
1.067
1.071
1.075
1.079
1.083
1.088
1.092
1.096
1.1
1.104
1.108
1.112
1.116
1.119
1.123
1.127
1.131
1.135
1.139
1.143
1.147
1.151
1.154
1.158
1.162
1.166
1.169
1.173
1.177
1.181
1.184
1.188
1.192
1.195
1.199
1.202
1.206
1.21
1.213
1.217
1.22
1.224
1.227
1.231
1.234
1.238
1.241
1.245
1.248
1.252
1.255
1.258
1.262
1.265
1.268
1.272
1.275
1.278
1.282
1.285
1.288
1.291
1.294
1.298
1.301
1.304
1.307
1.31
1.31
1.32
1.32
1.32
0.8956379
0.8866664
0.9349646
0.997599
0.9652
0.9694
0.9736
0.9778
0.982
0.986
0.99
0.995
0.999
1.003
1.007
1.011
1.015
1.02
1.024
1.028
1.032
1.036
1.04
1.044
1.048
1.052
1.056
1.06
1.064
1.068
1.072
1.076
1.08
1.084
1.088
1.092
1.096
1.1
1.104
1.108
1.111
1.115
1.119
1.123
1.127
1.131
1.134
1.138
1.142
1.145
1.149
1.153
1.156
1.16
1.164
1.167
1.171
1.175
1.178
1.182
1.185
1.189
1.192
1.196
1.199
1.203
1.206
1.21
1.213
1.217
1.22
1.223
1.227
1.23
1.233
1.237
1.24
1.243
1.247
1.25
1.253
1.256
1.26
1.263
1.266
1.269
1.272
1.276
1.279
1.282
1.285
1.288
1.291
1.294
1.297
1.3
1.3
1.31
1.31
1.31
0.8956379
0.8866664
0.9349646
0.997599
0.9651
0.9692
0.9733
0.9774
0.982
0.986
0.99
0.994
0.998
1.002
1.006
1.01
1.014
1.018
1.022
1.026
1.03
1.034
1.038
1.042
1.046
1.05
1.054
1.058
1.062
1.066
1.07
1.073
1.077
1.081
1.085
1.089
1.093
1.096
1.1
1.104
1.108
1.111
1.115
1.119
1.122
1.126
1.13
1.133
1.137
1.141
1.144
1.148
1.151
1.155
1.158
1.162
1.165
1.169
1.172
1.176
1.179
1.183
1.186
1.19
1.193
1.196
1.2
1.203
1.206
1.21
1.213
1.216
1.22
1.223
1.226
1.229
1.232
1.236
1.239
1.242
1.245
1.248
1.251
1.255
1.258
1.261
1.264
1.267
1.27
1.273
1.276
1.279
1.282
1.285
1.288
1.291
1.29
1.3
1.3
1.3
0.8956379
0.8866664
0.9349646
0.997599
0.965
0.969
0.973
0.9771
0.981
0.985
0.989
0.993
0.997
1.001
1.005
1.009
1.013
1.017
1.021
1.025
1.029
1.032
1.036
1.04
1.044
1.048
1.052
1.056
1.059
1.063
1.067
1.071
1.074
1.078
1.082
1.086
1.089
1.093
1.097
1.1
1.104
1.108
1.111
1.115
1.118
1.122
1.125
1.129
1.133
1.136
1.139
1.143
1.146
1.15
1.153
1.157
1.16
1.164
1.167
1.17
1.174
1.177
1.18
1.184
1.187
1.19
1.193
1.197
1.2
1.203
1.206
1.209
1.213
1.216
1.219
1.222
1.225
1.228
1.231
1.234
1.238
1.241
1.244
1.247
1.25
1.253
1.256
1.259
1.262
1.264
1.267
1.27
1.273
1.276
1.279
1.282
1.28
1.29
1.29
1.29
0.8956379
0.8866664
0.9349646
0.997599
0.9649
0.9688
0.9728
0.9767
0.981
0.985
0.988
0.992
0.996
1
1.004
1.008
1.012
1.016
1.019
1.023
1.027
1.031
1.035
1.038
1.042
1.046
1.05
1.053
1.057
1.061
1.064
1.068
1.072
1.075
1.079
1.083
1.086
1.09
1.093
1.097
1.1
1.104
1.107
1.111
1.114
1.118
1.121
1.125
1.128
1.132
1.135
1.138
1.142
1.145
1.148
1.152
1.155
1.158
1.162
1.165
1.168
1.171
1.175
1.178
1.181
1.184
1.187
1.191
1.194
1.197
1.2
1.203
1.206
1.209
1.212
1.215
1.218
1.221
1.224
1.227
1.23
1.233
1.236
1.239
1.242
1.245
1.248
1.251
1.254
1.256
1.259
1.262
1.265
1.268
1.27
1.273
1.28
1.28
1.28
1.28
0.8956379
0.8866664
0.9349646
0.997599
0.9648
0.9687
0.9725
0.9764
0.98
0.984
0.988
0.992
0.995
0.999
1.003
1.007
1.011
1.014
1.018
1.022
1.026
1.029
1.033
1.037
1.04
1.044
1.048
1.051
1.055
1.058
1.062
1.066
1.069
1.073
1.076
1.08
1.083
1.087
1.09
1.094
1.097
1.101
1.104
1.107
1.111
1.114
1.117
1.121
1.124
1.127
1.131
1.134
1.137
1.141
1.144
1.147
1.15
1.153
1.157
1.16
1.163
1.166
1.169
1.172
1.175
1.179
1.182
1.185
1.188
1.191
1.194
1.197
1.2
1.203
1.206
1.209
1.212
1.215
1.217
1.22
1.223
1.226
1.229
1.232
1.235
1.238
1.24
1.243
1.246
1.249
1.251
1.254
1.257
1.26
1.262
1.265
1.268
1.27
1.27
1.28
0.8956379
0.8866664
0.9349646
0.997599
0.9647
0.9685
0.9723
0.976
0.98
0.984
0.987
0.991
0.995
0.998
1.002
1.006
1.01
1.013
1.017
1.02
1.024
1.028
1.031
1.035
1.038
1.042
1.046
1.049
1.053
1.056
1.06
1.063
1.067
1.07
1.074
1.077
1.08
1.084
1.087
1.091
1.094
1.097
1.101
1.104
1.107
1.11
1.114
1.117
1.12
1.123
1.127
1.13
1.133
1.136
1.139
1.142
1.146
1.149
1.152
1.155
1.158
1.161
1.164
1.167
1.17
1.173
1.176
1.179
1.182
1.185
1.188
1.191
1.194
1.197
1.2
1.202
1.205
1.208
1.211
1.214
1.217
1.219
1.222
1.225
1.228
1.23
1.233
1.236
1.239
1.241
1.244
1.247
1.249
1.252
1.255
1.257
1.26
1.26
1.27
1.27
0.8956379
0.8866664
0.9349646
0.997599
0.9646
0.9683
0.972
0.9757
0.979
0.983
0.987
0.99
0.994
0.998
1.001
1.005
1.008
1.012
1.016
1.019
1.023
1.026
1.03
1.033
1.037
1.04
1.044
1.047
1.051
1.054
1.057
1.061
1.064
1.068
1.071
1.074
1.078
1.081
1.084
1.088
1.091
1.094
1.097
1.101
1.104
1.107
1.11
1.113
1.116
1.12
1.123
1.126
1.129
1.132
1.135
1.138
1.141
1.144
1.147
1.15
1.153
1.156
1.159
1.162
1.165
1.168
1.171
1.174
1.177
1.18
1.182
1.185
1.188
1.191
1.194
1.196
1.199
1.202
1.205
1.208
1.21
1.213
1.216
1.218
1.221
1.224
1.226
1.229
1.232
1.234
1.237
1.239
1.242
1.245
1.247
1.25
1.252
1.255
1.26
1.26
0.8956379
0.8866664
0.9349646
0.997599
0.9646
0.9682
0.9718
0.9754
0.979
0.983
0.986
0.99
0.993
0.997
1
1.004
1.007
1.011
1.014
1.018
1.021
1.025
1.028
1.032
1.035
1.039
1.042
1.045
1.049
1.052
1.055
1.059
1.062
1.065
1.069
1.072
1.075
1.078
1.081
1.085
1.088
1.091
1.094
1.097
1.1
1.104
1.107
1.11
1.113
1.116
1.119
1.122
1.125
1.128
1.131
1.134
1.137
1.14
1.143
1.146
1.149
1.152
1.154
1.157
1.16
1.163
1.166
1.169
1.172
1.174
1.177
1.18
1.183
1.185
1.188
1.191
1.193
1.196
1.199
1.202
1.204
1.207
1.209
1.212
1.215
1.217
1.22
1.222
1.225
1.228
1.23
1.233
1.235
1.238
1.24
1.243
1.245
1.247
1.25
1.25
0.8956379
0.8866664
0.9349646
0.997598
0.9645
0.968
0.9716
0.9751
0.979
0.982
0.986
0.989
0.993
0.996
1
1.003
1.007
1.01
1.013
1.017
1.02
1.024
1.027
1.03
1.034
1.037
1.04
1.043
1.047
1.05
1.053
1.057
1.06
1.063
1.066
1.069
1.072
1.076
1.079
1.082
1.085
1.088
1.091
1.094
1.097
1.1
1.103
1.106
1.109
1.112
1.115
1.118
1.121
1.124
1.127
1.13
1.133
1.136
1.139
1.141
1.144
1.147
1.15
1.153
1.156
1.158
1.161
1.164
1.167
1.169
1.172
1.175
1.177
1.18
1.183
1.185
1.188
1.191
1.193
1.196
1.198
1.201
1.203
1.206
1.209
1.211
1.214
1.216
1.219
1.221
1.224
1.226
1.228
1.231
1.233
1.236
1.238
1.24
1.24
1.25
0.8956379
0.8866664
0.9349646
0.997598
0.9644
0.9679
0.9714
0.9749
0.978
0.982
0.985
0.989
0.992
0.995
0.999
1.002
1.006
1.009
1.012
1.016
1.019
1.022
1.026
1.029
1.032
1.035
1.039
1.042
1.045
1.048
1.051
1.054
1.058
1.061
1.064
1.067
1.07
1.073
1.076
1.079
1.082
1.085
1.088
1.091
1.094
1.097
1.1
1.103
1.106
1.109
1.112
1.115
1.118
1.121
1.123
1.126
1.129
1.132
1.135
1.137
1.14
1.143
1.146
1.148
1.151
1.154
1.156
1.159
1.162
1.164
1.167
1.17
1.172
1.175
1.177
1.18
1.183
1.185
1.188
1.19
1.193
1.195
1.198
1.2
1.203
1.205
1.208
1.21
1.212
1.215
1.217
1.22
1.222
1.224
1.227
1.229
1.231
1.234
1.236
1.24
0.8956379
0.8866664
0.9349646
0.997598
0.9643
0.9678
0.9712
0.9746
0.978
0.981
0.985
0.988
0.991
0.995
0.998
1.001
1.005
1.008
1.011
1.015
1.018
1.021
1.024
1.027
1.031
1.034
1.037
1.04
1.043
1.046
1.049
1.053
1.056
1.059
1.062
1.065
1.068
1.071
1.074
1.077
1.08
1.083
1.086
1.089
1.091
1.094
1.097
1.1
1.103
1.106
1.109
1.111
1.114
1.117
1.12
1.123
1.125
1.128
1.131
1.133
1.136
1.139
1.142
1.144
1.147
1.149
1.152
1.155
1.157
1.16
1.162
1.165
1.167
1.17
1.173
1.175
1.178
1.18
1.183
1.185
1.187
1.19
1.192
1.195
1.197
1.199
1.202
1.204
1.207
1.209
1.211
1.214
1.216
1.218
1.22
1.223
1.225
1.227
1.23
1.23
0.8956379
0.8866664
0.9349646
0.997598
0.9643
0.9676
0.971
0.9743
0.978
0.981
0.984
0.988
0.991
0.994
0.997
1.001
1.004
1.007
1.01
1.013
1.017
1.02
1.023
1.026
1.029
1.032
1.035
1.038
1.042
1.045
1.048
1.051
1.054
1.057
1.06
1.063
1.066
1.068
1.071
1.074
1.077
1.08
1.083
1.086
1.089
1.091
1.094
1.097
1.1
1.103
1.105
1.108
1.111
1.114
1.116
1.119
1.122
1.124
1.127
1.13
1.132
1.135
1.138
1.14
1.143
1.145
1.148
1.15
1.153
1.155
1.158
1.16
1.163
1.165
1.168
1.17
1.173
1.175
1.177
1.18
1.182
1.185
1.187
1.189
1.192
1.194
1.196
1.199
1.201
1.203
1.206
1.208
1.21
1.212
1.214
1.217
1.219
1.221
1.223
1.23
0.8956379
0.8866664
0.9349646
0.997598
0.9642
0.9675
0.9708
0.9741
0.977
0.981
0.984
0.987
0.99
0.994
0.997
1
1.003
1.006
1.009
1.012
1.016
1.019
1.022
1.025
1.028
1.031
1.034
1.037
1.04
1.043
1.046
1.049
1.052
1.055
1.058
1.061
1.063
1.066
1.069
1.072
1.075
1.078
1.08
1.083
1.086
1.089
1.092
1.094
1.097
1.1
1.102
1.105
1.108
1.11
1.113
1.116
1.118
1.121
1.123
1.126
1.129
1.131
1.134
1.136
1.139
1.141
1.144
1.146
1.149
1.151
1.154
1.156
1.158
1.161
1.163
1.166
1.168
1.17
1.173
1.175
1.177
1.18
1.182
1.184
1.187
1.189
1.191
1.193
1.196
1.198
1.2
1.202
1.204
1.207
1.209
1.211
1.213
1.215
1.217
1.219
0.8956379
0.8866664
0.9349646
0.997598
0.9642
0.9674
0.9706
0.9739
0.977
0.98
0.983
0.987
0.99
0.993
0.996
0.999
1.002
1.005
1.008
1.011
1.015
1.018
1.021
1.024
1.027
1.03
1.032
1.035
1.038
1.041
1.044
1.047
1.05
1.053
1.056
1.059
1.061
1.064
1.067
1.07
1.072
1.075
1.078
1.081
1.083
1.086
1.089
1.091
1.094
1.097
1.099
1.102
1.105
1.107
1.11
1.112
1.115
1.117
1.12
1.123
1.125
1.128
1.13
1.132
1.135
1.137
1.14
1.142
1.145
1.147
1.149
1.152
1.154
1.156
1.159
1.161
1.163
1.166
1.168
1.17
1.173
1.175
1.177
1.179
1.182
1.184
1.186
1.188
1.19
1.193
1.195
1.197
1.199
1.201
1.203
1.205
1.207
1.21
1.212
1.214
0.8956379
0.8866664
0.9349646
0.997598
0.9641
0.9673
0.9705
0.9736
0.977
0.98
0.983
0.986
0.989
0.992
0.995
0.998
1.001
1.005
1.008
1.011
1.014
1.016
1.019
1.022
1.025
1.028
1.031
1.034
1.037
1.04
1.043
1.045
1.048
1.051
1.054
1.057
1.059
1.062
1.065
1.068
1.07
1.073
1.076
1.078
1.081
1.084
1.086
1.089
1.091
1.094
1.097
1.099
1.102
1.104
1.107
1.109
1.112
1.114
1.117
1.119
1.122
1.124
1.126
1.129
1.131
1.134
1.136
1.138
1.141
1.143
1.145
1.148
1.15
1.152
1.155
1.157
1.159
1.161
1.164
1.166
1.168
1.17
1.172
1.175
1.177
1.179
1.181
1.183
1.185
1.187
1.19
1.192
1.194
1.196
1.198
1.2
1.202
1.204
1.206
1.208
0.8956379
0.8866664
0.9349646
0.997598
0.964
0.9672
0.9703
0.9734
0.976
0.98
0.983
0.986
0.989
0.992
0.995
0.998
1.001
1.004
1.007
1.01
1.013
1.015
1.018
1.021
1.024
1.027
1.03
1.033
1.035
1.038
1.041
1.044
1.047
1.049
1.052
1.055
1.057
1.06
1.063
1.065
1.068
1.071
1.073
1.076
1.079
1.081
1.084
1.086
1.089
1.091
1.094
1.096
1.099
1.101
1.104
1.106
1.109
1.111
1.114
1.116
1.118
1.121
1.123
1.125
1.128
1.13
1.132
1.135
1.137
1.139
1.142
1.144
1.146
1.148
1.151
1.153
1.155
1.157
1.159
1.161
1.164
1.166
1.168
1.17
1.172
1.174
1.176
1.178
1.181
1.183
1.185
1.187
1.189
1.191
1.193
1.195
1.197
1.199
1.201
1.203
0.8956379
0.8866664
0.9349646
0.997598
0.964
0.9671
0.9701
0.9732
0.976
0.979
0.982
0.985
0.988
0.991
0.994
0.997
1
1.003
1.006
1.009
1.012
1.014
1.017
1.02
1.023
1.026
1.029
1.031
1.034
1.037
1.04
1.042
1.045
1.048
1.05
1.053
1.056
1.058
1.061
1.063
1.066
1.069
1.071
1.074
1.076
1.079
1.081
1.084
1.086
1.089
1.091
1.094
1.096
1.099
1.101
1.103
1.106
1.108
1.11
1.113
1.115
1.117
1.12
1.122
1.124
1.127
1.129
1.131
1.133
1.136
1.138
1.14
1.142
1.144
1.147
1.149
1.151
1.153
1.155
1.157
1.159
1.162
1.164
1.166
1.168
1.17
1.172
1.174
1.176
1.178
1.18
1.182
1.184
1.186
1.188
1.19
1.192
1.194
1.196
1.198
0.8956379
0.8866664
0.9349646
0.997598
0.9639
0.967
0.97
0.973
0.976
0.979
0.982
0.985
0.988
0.991
0.994
0.996
0.999
1.002
1.005
1.008
1.011
1.013
1.016
1.019
1.022
1.025
1.027
1.03
1.033
1.035
1.038
1.041
1.043
1.046
1.049
1.051
1.054
1.056
1.059
1.062
1.064
1.067
1.069
1.072
1.074
1.077
1.079
1.081
1.084
1.086
1.089
1.091
1.093
1.096
1.098
1.101
1.103
1.105
1.108
1.11
1.112
1.114
1.117
1.119
1.121
1.123
1.126
1.128
1.13
1.132
1.134
1.136
1.139
1.141
1.143
1.145
1.147
1.149
1.151
1.153
1.155
1.157
1.159
1.161
1.163
1.165
1.167
1.169
1.171
1.173
1.175
1.177
1.179
1.181
1.183
1.185
1.187
1.189
1.191
1.193
0.8956379
0.8866664
0.9349646
0.997597
0.9639
0.9669
0.9698
0.9728
0.976
0.979
0.982
0.984
0.987
0.99
0.993
0.996
0.999
1.001
1.004
1.007
1.01
1.013
1.015
1.018
1.021
1.023
1.026
1.029
1.031
1.034
1.037
1.039
1.042
1.044
1.047
1.05
1.052
1.055
1.057
1.06
1.062
1.065
1.067
1.07
1.072
1.074
1.077
1.079
1.082
1.084
1.086
1.089
1.091
1.093
1.096
1.098
1.1
1.102
1.105
1.107
1.109
1.111
1.114
1.116
1.118
1.12
1.122
1.124
1.127
1.129
1.131
1.133
1.135
1.137
1.139
1.141
1.143
1.145
1.147
1.149
1.151
1.153
1.155
1.157
1.159
1.161
1.163
1.165
1.167
1.169
1.171
1.173
1.175
1.177
1.179
1.18
1.182
1.184
1.186
1.188
0.8956379
0.8866664
0.9349646
0.997597
0.9638
0.9668
0.9697
0.9726
0.975
0.978
0.981
0.984
0.987
0.99
0.992
0.995
0.998
1.001
1.004
1.006
1.009
1.012
1.014
1.017
1.02
1.022
1.025
1.028
1.03
1.033
1.035
1.038
1.04
1.043
1.045
1.048
1.05
1.053
1.055
1.058
1.06
1.063
1.065
1.067
1.07
1.072
1.075
1.077
1.079
1.082
1.084
1.086
1.088
1.091
1.093
1.095
1.097
1.1
1.102
1.104
1.106
1.108
1.111
1.113
1.115
1.117
1.119
1.121
1.123
1.125
1.128
1.13
1.132
1.134
1.136
1.138
1.14
1.142
1.144
1.146
1.148
1.15
1.152
1.153
1.155
1.157
1.159
1.161
1.163
1.165
1.167
1.169
1.17
1.172
1.174
1.176
1.178
1.18
1.181
1.183
0.8956379
0.8866664
0.9349646
0.997597
0.9638
0.9667
0.9695
0.9724
0.975
0.978
0.981
0.984
0.986
0.989
0.992
0.995
0.997
1
1.003
1.005
1.008
1.011
1.013
1.016
1.019
1.021
1.024
1.026
1.029
1.031
1.034
1.037
1.039
1.041
1.044
1.046
1.049
1.051
1.054
1.056
1.058
1.061
1.063
1.066
1.068
1.07
1.073
1.075
1.077
1.079
1.082
1.084
1.086
1.088
1.091
1.093
1.095
1.097
1.099
1.101
1.104
1.106
1.108
1.11
1.112
1.114
1.116
1.118
1.12
1.122
1.124
1.126
1.128
1.13
1.132
1.134
1.136
1.138
1.14
1.142
1.144
1.146
1.148
1.15
1.152
1.153
1.155
1.157
1.159
1.161
1.163
1.164
1.166
1.168
1.17
1.172
1.173
1.175
1.177
1.179
0.8956379
0.8866664
0.9349646
0.997597
0.9637
0.9666
0.9694
0.9722
0.975
0.978
0.981
0.983
0.986
0.989
0.991
0.994
0.997
0.999
1.002
1.005
1.007
1.01
1.013
1.015
1.018
1.02
1.023
1.025
1.028
1.03
1.033
1.035
1.038
1.04
1.042
1.045
1.047
1.05
1.052
1.054
1.057
1.059
1.061
1.064
1.066
1.068
1.071
1.073
1.075
1.077
1.079
1.082
1.084
1.086
1.088
1.09
1.092
1.095
1.097
1.099
1.101
1.103
1.105
1.107
1.109
1.111
1.113
1.115
1.117
1.119
1.121
1.123
1.125
1.127
1.129
1.131
1.133
1.135
1.137
1.139
1.14
1.142
1.144
1.146
1.148
1.15
1.152
1.153
1.155
1.157
1.159
1.161
1.162
1.164
1.166
1.168
1.169
1.171
1.173
1.174
0.8956379
0.8866664
0.9349646
0.997597
0.9637
0.9665
0.9693
0.972
0.975
0.978
0.98
0.983
0.986
0.988
0.991
0.994
0.996
0.999
1.001
1.004
1.007
1.009
1.012
1.014
1.017
1.019
1.022
1.024
1.027
1.029
1.032
1.034
1.036
1.039
1.041
1.043
1.046
1.048
1.05
1.053
1.055
1.057
1.06
1.062
1.064
1.066
1.069
1.071
1.073
1.075
1.077
1.079
1.082
1.084
1.086
1.088
1.09
1.092
1.094
1.096
1.098
1.1
1.102
1.104
1.106
1.108
1.11
1.112
1.114
1.116
1.118
1.12
1.122
1.124
1.126
1.128
1.13
1.132
1.133
1.135
1.137
1.139
1.141
1.143
1.144
1.146
1.148
1.15
1.151
1.153
1.155
1.157
1.158
1.16
1.162
1.164
1.165
1.167
1.169
1.17
0.8956379
0.8866664
0.9349646
0.997597
0.9636
0.9664
0.9691
0.9718
0.975
0.977
0.98
0.983
0.985
0.988
0.99
0.993
0.996
0.998
1.001
1.003
1.006
1.008
1.011
1.013
1.016
1.018
1.021
1.023
1.026
1.028
1.03
1.033
1.035
1.037
1.04
1.042
1.044
1.047
1.049
1.051
1.053
1.056
1.058
1.06
1.062
1.064
1.067
1.069
1.071
1.073
1.075
1.077
1.079
1.082
1.084
1.086
1.088
1.09
1.092
1.094
1.096
1.098
1.1
1.102
1.104
1.106
1.108
1.11
1.112
1.113
1.115
1.117
1.119
1.121
1.123
1.125
1.127
1.128
1.13
1.132
1.134
1.136
1.137
1.139
1.141
1.143
1.144
1.146
1.148
1.15
1.151
1.153
1.155
1.156
1.158
1.16
1.161
1.163
1.165
1.166
0.8956379
0.8866664
0.9349646
0.997597
0.9636
0.9663
0.969
0.9717
0.974
0.977
0.98
0.982
0.985
0.987
0.99
0.993
0.995
0.998
1
1.003
1.005
1.008
1.01
1.012
1.015
1.017
1.02
1.022
1.024
1.027
1.029
1.031
1.034
1.036
1.038
1.041
1.043
1.045
1.047
1.05
1.052
1.054
1.056
1.058
1.061
1.063
1.065
1.067
1.069
1.071
1.073
1.075
1.077
1.079
1.081
1.083
1.085
1.087
1.089
1.091
1.093
1.095
1.097
1.099
1.101
1.103
1.105
1.107
1.109
1.111
1.113
1.114
1.116
1.118
1.12
1.122
1.123
1.125
1.127
1.129
1.131
1.132
1.134
1.136
1.138
1.139
1.141
1.143
1.144
1.146
1.148
1.149
1.151
1.153
1.154
1.156
1.158
1.159
1.161
1.162
0.8956379
0.8866664
0.9349646
0.997597
0.9636
0.9662
0.9689
0.9715
0.974
0.977
0.979
0.982
0.984
0.987
0.99
0.992
0.995
0.997
1
1.002
1.004
1.007
1.009
1.012
1.014
1.016
1.019
1.021
1.023
1.026
1.028
1.03
1.033
1.035
1.037
1.039
1.042
1.044
1.046
1.048
1.05
1.052
1.055
1.057
1.059
1.061
1.063
1.065
1.067
1.069
1.071
1.073
1.075
1.077
1.079
1.081
1.083
1.085
1.087
1.089
1.091
1.093
1.095
1.097
1.099
1.101
1.102
1.104
1.106
1.108
1.11
1.112
1.113
1.115
1.117
1.119
1.121
1.122
1.124
1.126
1.127
1.129
1.131
1.133
1.134
1.136
1.138
1.139
1.141
1.143
1.144
1.146
1.147
1.149
1.151
1.152
1.154
1.155
1.157
1.159
0.8956379
0.8866664
0.9349646
0.997597
0.9635
0.9662
0.9688
0.9714
0.974
0.977
0.979
0.982
0.984
0.987
0.989
0.992
0.994
0.996
0.999
1.001
1.004
1.006
1.009
1.011
1.013
1.016
1.018
1.02
1.022
1.025
1.027
1.029
1.031
1.034
1.036
1.038
1.04
1.042
1.045
1.047
1.049
1.051
1.053
1.055
1.057
1.059
1.061
1.063
1.065
1.067
1.069
1.071
1.073
1.075
1.077
1.079
1.081
1.083
1.085
1.087
1.089
1.091
1.093
1.094
1.096
1.098
1.1
1.102
1.104
1.105
1.107
1.109
1.111
1.112
1.114
1.116
1.118
1.119
1.121
1.123
1.124
1.126
1.128
1.13
1.131
1.133
1.134
1.136
1.138
1.139
1.141
1.142
1.144
1.146
1.147
1.149
1.15
1.152
1.153
1.155
0.8956379
0.8866664
0.9349646
0.997597
0.9635
0.9661
0.9687
0.9712
0.974
0.976
0.979
0.981
0.984
0.986
0.989
0.991
0.994
0.996
0.998
1.001
1.003
1.005
1.008
1.01
1.012
1.015
1.017
1.019
1.021
1.024
1.026
1.028
1.03
1.033
1.035
1.037
1.039
1.041
1.043
1.045
1.047
1.049
1.052
1.054
1.056
1.058
1.06
1.062
1.064
1.066
1.068
1.07
1.072
1.073
1.075
1.077
1.079
1.081
1.083
1.085
1.087
1.089
1.09
1.092
1.094
1.096
1.098
1.099
1.101
1.103
1.105
1.106
1.108
1.11
1.112
1.113
1.115
1.117
1.118
1.12
1.122
1.123
1.125
1.127
1.128
1.13
1.131
1.133
1.135
1.136
1.138
1.139
1.141
1.142
1.144
1.145
1.147
1.148
1.15
1.151
0.8956379
0.8866664
0.9349646
0.997597
0.9634
0.966
0.9685
0.9711
0.974
0.976
0.979
0.981
0.983
0.986
0.988
0.991
0.993
0.995
0.998
1
1.002
1.005
1.007
1.009
1.012
1.014
1.016
1.018
1.021
1.023
1.025
1.027
1.029
1.031
1.034
1.036
1.038
1.04
1.042
1.044
1.046
1.048
1.05
1.052
1.054
1.056
1.058
1.06
1.062
1.064
1.066
1.068
1.07
1.072
1.073
1.075
1.077
1.079
1.081
1.083
1.085
1.086
1.088
1.09
1.092
1.093
1.095
1.097
1.099
1.1
1.102
1.104
1.106
1.107
1.109
1.111
1.112
1.114
1.116
1.117
1.119
1.12
1.122
1.124
1.125
1.127
1.128
1.13
1.131
1.133
1.135
1.136
1.138
1.139
1.141
1.142
1.144
1.145
1.147
1.148
0.8956379
0.8866664
0.9349646
0.997597
0.9634
0.9659
0.9684
0.9709
0.973
0.976
0.978
0.981
0.983
0.985
0.988
0.99
0.993
0.995
0.997
1
1.002
1.004
1.006
1.009
1.011
1.013
1.015
1.017
1.02
1.022
1.024
1.026
1.028
1.03
1.032
1.034
1.037
1.039
1.041
1.043
1.045
1.047
1.049
1.051
1.053
1.055
1.056
1.058
1.06
1.062
1.064
1.066
1.068
1.07
1.072
1.073
1.075
1.077
1.079
1.081
1.082
1.084
1.086
1.088
1.09
1.091
1.093
1.095
1.096
1.098
1.1
1.101
1.103
1.105
1.106
1.108
1.11
1.111
1.113
1.115
1.116
1.118
1.119
1.121
1.122
1.124
1.125
1.127
1.129
1.13
1.132
1.133
1.134
1.136
1.137
1.139
1.14
1.142
1.143
1.145
0.8956379
0.8866664
0.9349646
0.997597
0.9634
0.9659
0.9683
0.9708
0.973
0.976
0.978
0.98
0.983
0.985
0.987
0.99
0.992
0.994
0.997
0.999
1.001
1.003
1.006
1.008
1.01
1.012
1.014
1.017
1.019
1.021
1.023
1.025
1.027
1.029
1.031
1.033
1.035
1.037
1.039
1.041
1.043
1.045
1.047
1.049
1.051
1.053
1.055
1.057
1.059
1.061
1.062
1.064
1.066
1.068
1.07
1.072
1.073
1.075
1.077
1.079
1.08
1.082
1.084
1.086
1.087
1.089
1.091
1.092
1.094
1.096
1.097
1.099
1.101
1.102
1.104
1.106
1.107
1.109
1.11
1.112
1.113
1.115
1.117
1.118
1.12
1.121
1.123
1.124
1.126
1.127
1.129
1.13
1.131
1.133
1.134
1.136
1.137
1.139
1.14
1.141
0.8956379
0.8866664
0.9349646
0.997597
0.9633
0.9658
0.9682
0.9706
0.973
0.975
0.978
0.98
0.982
0.985
0.987
0.989
0.992
0.994
0.996
0.998
1.001
1.003
1.005
1.007
1.009
1.011
1.014
1.016
1.018
1.02
1.022
1.024
1.026
1.028
1.03
1.032
1.034
1.036
1.038
1.04
1.042
1.044
1.046
1.048
1.05
1.052
1.054
1.055
1.057
1.059
1.061
1.063
1.065
1.066
1.068
1.07
1.072
1.073
1.075
1.077
1.079
1.08
1.082
1.084
1.085
1.087
1.089
1.09
1.092
1.094
1.095
1.097
1.098
1.1
1.102
1.103
1.105
1.106
1.108
1.109
1.111
1.112
1.114
1.115
1.117
1.118
1.12
1.121
1.123
1.124
1.126
1.127
1.129
1.13
1.131
1.133
1.134
1.136
1.137
1.138
0.8956379
0.8866664
0.9349646
0.997597
0.9633
0.9657
0.9681
0.9705
0.973
0.975
0.978
0.98
0.982
0.984
0.987
0.989
0.991
0.993
0.996
0.998
1
1.002
1.004
1.007
1.009
1.011
1.013
1.015
1.017
1.019
1.021
1.023
1.025
1.027
1.029
1.031
1.033
1.035
1.037
1.039
1.041
1.043
1.045
1.047
1.048
1.05
1.052
1.054
1.056
1.058
1.059
1.061
1.063
1.065
1.066
1.068
1.07
1.072
1.073
1.075
1.077
1.078
1.08
1.082
1.083
1.085
1.087
1.088
1.09
1.091
1.093
1.095
1.096
1.098
1.099
1.101
1.102
1.104
1.105
1.107
1.108
1.11
1.111
1.113
1.114
1.116
1.117
1.119
1.12
1.122
1.123
1.124
1.126
1.127
1.129
1.13
1.131
1.133
1.134
1.135
0.8956379
0.8866664
0.9349646
0.997597
0.9633
0.9657
0.968
0.9704
0.973
0.975
0.977
0.98
0.982
0.984
0.986
0.989
0.991
0.993
0.995
0.997
0.999
1.002
1.004
1.006
1.008
1.01
1.012
1.014
1.016
1.018
1.02
1.022
1.024
1.026
1.028
1.03
1.032
1.034
1.036
1.038
1.04
1.041
1.043
1.045
1.047
1.049
1.051
1.052
1.054
1.056
1.058
1.06
1.061
1.063
1.065
1.066
1.068
1.07
1.072
1.073
1.075
1.077
1.078
1.08
1.081
1.083
1.085
1.086
1.088
1.089
1.091
1.092
1.094
1.096
1.097
1.099
1.1
1.102
1.103
1.105
1.106
1.107
1.109
1.11
1.112
1.113
1.115
1.116
1.117
1.119
1.12
1.122
1.123
1.124
1.126
1.127
1.128
1.13
1.131
1.132
0.8956379
0.8866664
0.9349646
0.997596
0.9632
0.9656
0.9679
0.9702
0.973
0.975
0.977
0.979
0.982
0.984
0.986
0.988
0.99
0.993
0.995
0.997
0.999
1.001
1.003
1.005
1.007
1.009
1.011
1.013
1.015
1.017
1.019
1.021
1.023
1.025
1.027
1.029
1.031
1.033
1.035
1.037
1.038
1.04
1.042
1.044
1.046
1.048
1.049
1.051
1.053
1.055
1.056
1.058
1.06
1.061
1.063
1.065
1.067
1.068
1.07
1.071
1.073
1.075
1.076
1.078
1.08
1.081
1.083
1.084
1.086
1.087
1.089
1.09
1.092
1.093
1.095
1.096
1.098
1.099
1.101
1.102
1.104
1.105
1.107
1.108
1.109
1.111
1.112
1.114
1.115
1.116
1.118
1.119
1.12
1.122
1.123
1.124
1.126
1.127
1.128
1.13
0.8956379
0.8866664
0.9349646
0.997596
0.9632
0.9655
0.9678
0.9701
0.972
0.975
0.977
0.979
0.981
0.984
0.986
0.988
0.99
0.992
0.994
0.996
0.998
1.001
1.003
1.005
1.007
1.009
1.011
1.013
1.015
1.017
1.019
1.02
1.022
1.024
1.026
1.028
1.03
1.032
1.034
1.035
1.037
1.039
1.041
1.043
1.044
1.046
1.048
1.05
1.051
1.053
1.055
1.057
1.058
1.06
1.062
1.063
1.065
1.067
1.068
1.07
1.071
1.073
1.075
1.076
1.078
1.079
1.081
1.082
1.084
1.085
1.087
1.088
1.09
1.091
1.093
1.094
1.096
1.097
1.099
1.1
1.101
1.103
1.104
1.106
1.107
1.108
1.11
1.111
1.112
1.114
1.115
1.116
1.118
1.119
1.12
1.122
1.123
1.124
1.126
1.127
0.8956379
0.8866664
0.9349646
0.997596
0.9632
0.9655
0.9677
0.97
0.972
0.974
0.977
0.979
0.981
0.983
0.985
0.987
0.99
0.992
0.994
0.996
0.998
1
1.002
1.004
1.006
1.008
1.01
1.012
1.014
1.016
1.018
1.02
1.022
1.023
1.025
1.027
1.029
1.031
1.033
1.034
1.036
1.038
1.04
1.042
1.043
1.045
1.047
1.048
1.05
1.052
1.053
1.055
1.057
1.058
1.06
1.062
1.063
1.065
1.067
1.068
1.07
1.071
1.073
1.074
1.076
1.077
1.079
1.08
1.082
1.083
1.085
1.086
1.088
1.089
1.091
1.092
1.094
1.095
1.096
1.098
1.099
1.101
1.102
1.103
1.105
1.106
1.107
1.109
1.11
1.111
1.113
1.114
1.115
1.117
1.118
1.119
1.12
1.122
1.123
1.124
0.8956379
0.8866664
0.9349647
0.997596
0.9631
0.9654
0.9677
0.9699
0.972
0.974
0.976
0.979
0.981
0.983
0.985
0.987
0.989
0.991
0.993
0.995
0.997
0.999
1.001
1.003
1.005
1.007
1.009
1.011
1.013
1.015
1.017
1.019
1.021
1.023
1.024
1.026
1.028
1.03
1.032
1.033
1.035
1.037
1.039
1.04
1.042
1.044
1.045
1.047
1.049
1.05
1.052
1.054
1.055
1.057
1.059
1.06
1.062
1.063
1.065
1.067
1.068
1.07
1.071
1.073
1.074
1.076
1.077
1.079
1.08
1.082
1.083
1.084
1.086
1.087
1.089
1.09
1.092
1.093
1.094
1.096
1.097
1.098
1.1
1.101
1.102
1.104
1.105
1.106
1.108
1.109
1.11
1.112
1.113
1.114
1.115
1.117
1.118
1.119
1.12
1.122
0.8956379
0.8866664
0.9349647
0.997596
0.9631
0.9653
0.9676
0.9698
0.972
0.974
0.976
0.978
0.981
0.983
0.985
0.987
0.989
0.991
0.993
0.995
0.997
0.999
1.001
1.003
1.005
1.007
1.009
1.011
1.012
1.014
1.016
1.018
1.02
1.022
1.023
1.025
1.027
1.029
1.031
1.032
1.034
1.036
1.038
1.039
1.041
1.043
1.044
1.046
1.048
1.049
1.051
1.052
1.054
1.056
1.057
1.059
1.06
1.062
1.063
1.065
1.066
1.068
1.069
1.071
1.072
1.074
1.075
1.077
1.078
1.08
1.081
1.083
1.084
1.085
1.087
1.088
1.09
1.091
1.092
1.094
1.095
1.096
1.098
1.099
1.1
1.102
1.103
1.104
1.105
1.107
1.108
1.109
1.11
1.112
1.113
1.114
1.115
1.117
1.118
1.119
0.8956379
0.8866664
0.9349647
0.997596
0.9631
0.9653
0.9675
0.9696
0.972
0.974
0.976
0.978
0.98
0.982
0.984
0.986
0.988
0.99
0.992
0.994
0.996
0.998
1
1.002
1.004
1.006
1.008
1.01
1.012
1.014
1.015
1.017
1.019
1.021
1.023
1.024
1.026
1.028
1.03
1.031
1.033
1.035
1.036
1.038
1.04
1.041
1.043
1.045
1.046
1.048
1.05
1.051
1.053
1.054
1.056
1.057
1.059
1.06
1.062
1.063
1.065
1.066
1.068
1.069
1.071
1.072
1.074
1.075
1.077
1.078
1.079
1.081
1.082
1.084
1.085
1.086
1.088
1.089
1.09
1.092
1.093
1.094
1.096
1.097
1.098
1.099
1.101
1.102
1.103
1.104
1.106
1.107
1.108
1.109
1.111
1.112
1.113
1.114
1.115
1.117
0.8956379
0.8866664
0.9349647
0.997596
0.9631
0.9652
0.9674
0.9695
0.972
0.974
0.976
0.978
0.98
0.982
0.984
0.986
0.988
0.99
0.992
0.994
0.996
0.998
1
1.002
1.004
1.005
1.007
1.009
1.011
1.013
1.015
1.016
1.018
1.02
1.022
1.024
1.025
1.027
1.029
1.03
1.032
1.034
1.035
1.037
1.039
1.04
1.042
1.044
1.045
1.047
1.048
1.05
1.051
1.053
1.054
1.056
1.057
1.059
1.06
1.062
1.063
1.065
1.066
1.068
1.069
1.071
1.072
1.073
1.075
1.076
1.078
1.079
1.08
1.082
1.083
1.084
1.086
1.087
1.088
1.09
1.091
1.092
1.093
1.095
1.096
1.097
1.099
1.1
1.101
1.102
1.103
1.105
1.106
1.107
1.108
1.109
1.111
1.112
1.113
1.114
0.8956379
0.8866664
0.9349647
0.997596
0.963
0.9652
0.9673
0.9694
0.972
0.974
0.976
0.978
0.98
0.982
0.984
0.986
0.988
0.99
0.992
0.994
0.996
0.997
0.999
1.001
1.003
1.005
1.007
1.009
1.01
1.012
1.014
1.016
1.017
1.019
1.021
1.023
1.024
1.026
1.028
1.029
1.031
1.033
1.034
1.036
1.038
1.039
1.041
1.042
1.044
1.045
1.047
1.049
1.05
1.052
1.053
1.055
1.056
1.058
1.059
1.06
1.062
1.063
1.065
1.066
1.068
1.069
1.07
1.072
1.073
1.075
1.076
1.077
1.079
1.08
1.081
1.083
1.084
1.085
1.086
1.088
1.089
1.09
1.092
1.093
1.094
1.095
1.096
1.098
1.099
1.1
1.101
1.103
1.104
1.105
1.106
1.107
1.108
1.11
1.111
1.112
0.8956379
0.8866664
0.9349647
0.997596
0.963
0.9651
0.9672
0.9693
0.971
0.973
0.976
0.978
0.98
0.982
0.984
0.985
0.987
0.989
0.991
0.993
0.995
0.997
0.999
1.001
1.003
1.004
1.006
1.008
1.01
1.011
1.013
1.015
1.017
1.018
1.02
1.022
1.024
1.025
1.027
1.028
1.03
1.032
1.033
1.035
1.037
1.038
1.04
1.041
1.043
1.044
1.046
1.047
1.049
1.05
1.052
1.053
1.055
1.056
1.058
1.059
1.061
1.062
1.063
1.065
1.066
1.067
1.069
1.07
1.072
1.073
1.074
1.076
1.077
1.078
1.079
1.081
1.082
1.083
1.085
1.086
1.087
1.088
1.09
1.091
1.092
1.093
1.094
1.096
1.097
1.098
1.099
1.1
1.102
1.103
1.104
1.105
1.106
1.107
1.108
1.11
0.8956379
0.8866664
0.9349647
0.997596
0.963
0.9651
0.9672
0.9692
0.971
0.973
0.975
0.977
0.979
0.981
0.983
0.985
0.987
0.989
0.991
0.993
0.995
0.997
0.998
1
1.002
1.004
1.006
1.007
1.009
1.011
1.013
1.014
1.016
1.018
1.019
1.021
1.023
1.024
1.026
1.028
1.029
1.031
1.032
1.034
1.036
1.037
1.039
1.04
1.042
1.043
1.045
1.046
1.048
1.049
1.051
1.052
1.053
1.055
1.056
1.058
1.059
1.061
1.062
1.063
1.065
1.066
1.067
1.069
1.07
1.071
1.073
1.074
1.075
1.077
1.078
1.079
1.08
1.082
1.083
1.084
1.085
1.087
1.088
1.089
1.09
1.091
1.093
1.094
1.095
1.096
1.097
1.098
1.099
1.101
1.102
1.103
1.104
1.105
1.106
1.107
0.8956379
0.8866664
0.9349647
0.997596
0.963
0.965
0.9671
0.9691
0.971
0.973
0.975
0.977
0.979
0.981
0.983
0.985
0.987
0.989
0.991
0.992
0.994
0.996
0.998
1
1.001
1.003
1.005
1.007
1.008
1.01
1.012
1.014
1.015
1.017
1.019
1.02
1.022
1.023
1.025
1.027
1.028
1.03
1.031
1.033
1.035
1.036
1.038
1.039
1.041
1.042
1.044
1.045
1.046
1.048
1.049
1.051
1.052
1.054
1.055
1.056
1.058
1.059
1.06
1.062
1.063
1.065
1.066
1.067
1.068
1.07
1.071
1.072
1.074
1.075
1.076
1.077
1.079
1.08
1.081
1.082
1.084
1.085
1.086
1.087
1.088
1.089
1.091
1.092
1.093
1.094
1.095
1.096
1.097
1.099
1.1
1.101
1.102
1.103
1.104
1.105
0.8956379
0.8866664
0.9349647
0.997596
0.9629
0.965
0.967
0.969
0.971
0.973
0.975
0.977
0.979
0.981
0.983
0.985
0.986
0.988
0.99
0.992
0.994
0.996
0.997
0.999
1.001
1.003
1.004
1.006
1.008
1.01
1.011
1.013
1.015
1.016
1.018
1.019
1.021
1.023
1.024
1.026
1.027
1.029
1.03
1.032
1.034
1.035
1.037
1.038
1.04
1.041
1.042
1.044
1.045
1.047
1.048
1.05
1.051
1.052
1.054
1.055
1.056
1.058
1.059
1.06
1.062
1.063
1.064
1.066
1.067
1.068
1.07
1.071
1.072
1.073
1.075
1.076
1.077
1.078
1.079
1.081
1.082
1.083
1.084
1.085
1.086
1.088
1.089
1.09
1.091
1.092
1.093
1.094
1.095
1.097
1.098
1.099
1.1
1.101
1.102
1.103
0.8956379
0.8866664
0.9349647
0.997596
0.9629
0.9649
0.9669
0.9689
0.971
0.973
0.975
0.977
0.979
0.981
0.982
0.984
0.986
0.988
0.99
0.992
0.993
0.995
0.997
0.999
1
1.002
1.004
1.006
1.007
1.009
1.011
1.012
1.014
1.016
1.017
1.019
1.02
1.022
1.023
1.025
1.027
1.028
1.03
1.031
1.033
1.034
1.036
1.037
1.038
1.04
1.041
1.043
1.044
1.046
1.047
1.048
1.05
1.051
1.052
1.054
1.055
1.056
1.058
1.059
1.06
1.062
1.063
1.064
1.066
1.067
1.068
1.069
1.07
1.072
1.073
1.074
1.075
1.077
1.078
1.079
1.08
1.081
1.082
1.084
1.085
1.086
1.087
1.088
1.089
1.09
1.091
1.092
1.094
1.095
1.096
1.097
1.098
1.099
1.1
1.101
0.8956379
0.8866664
0.9349647
0.997596
0.9629
0.9649
0.9669
0.9688
0.971
0.973
0.975
0.977
0.978
0.98
0.982
0.984
0.986
0.988
0.989
0.991
0.993
0.995
0.997
0.998
1
1.002
1.003
1.005
1.007
1.008
1.01
1.012
1.013
1.015
1.016
1.018
1.02
1.021
1.023
1.024
1.026
1.027
1.029
1.03
1.032
1.033
1.035
1.036
1.037
1.039
1.04
1.042
1.043
1.044
1.046
1.047
1.049
1.05
1.051
1.053
1.054
1.055
1.056
1.058
1.059
1.06
1.062
1.063
1.064
1.065
1.067
1.068
1.069
1.07
1.071
1.073
1.074
1.075
1.076
1.077
1.078
1.08
1.081
1.082
1.083
1.084
1.085
1.086
1.087
1.088
1.09
1.091
1.092
1.093
1.094
1.095
1.096
1.097
1.098
1.099
0.8956379
0.8866664
0.9349647
0.997596
0.9629
0.9648
0.9668
0.9687
0.971
0.973
0.974
0.976
0.978
0.98
0.982
0.984
0.986
0.987
0.989
0.991
0.993
0.994
0.996
0.998
0.999
1.001
1.003
1.004
1.006
1.008
1.009
1.011
1.013
1.014
1.016
1.017
1.019
1.02
1.022
1.023
1.025
1.026
1.028
1.029
1.031
1.032
1.034
1.035
1.036
1.038
1.039
1.041
1.042
1.043
1.045
1.046
1.047
1.049
1.05
1.051
1.053
1.054
1.055
1.056
1.058
1.059
1.06
1.061
1.063
1.064
1.065
1.066
1.068
1.069
1.07
1.071
1.072
1.073
1.075
1.076
1.077
1.078
1.079
1.08
1.081
1.082
1.083
1.085
1.086
1.087
1.088
1.089
1.09
1.091
1.092
1.093
1.094
1.095
1.096
1.097
0.8956379
0.8866664
0.9349647
0.997596
0.9628
0.9648
0.9667
0.9687
0.971
0.972
0.974
0.976
0.978
0.98
0.982
0.983
0.985
0.987
0.989
0.991
0.992
0.994
0.996
0.997
0.999
1.001
1.002
1.004
1.006
1.007
1.009
1.01
1.012
1.014
1.015
1.017
1.018
1.02
1.021
1.023
1.024
1.026
1.027
1.028
1.03
1.031
1.033
1.034
1.036
1.037
1.038
1.04
1.041
1.042
1.044
1.045
1.046
1.048
1.049
1.05
1.051
1.053
1.054
1.055
1.056
1.058
1.059
1.06
1.061
1.063
1.064
1.065
1.066
1.067
1.068
1.07
1.071
1.072
1.073
1.074
1.075
1.076
1.077
1.079
1.08
1.081
1.082
1.083
1.084
1.085
1.086
1.087
1.088
1.089
1.09
1.091
1.092
1.093
1.094
1.095
0.8956379
0.8866664
0.9349647
0.997596
0.9628
0.9647
0.9667
0.9686
0.97
0.972
0.974
0.976
0.978
0.98
0.981
0.983
0.985
0.987
0.988
0.99
0.992
0.994
0.995
0.997
0.999
1
1.002
1.003
1.005
1.007
1.008
1.01
1.011
1.013
1.014
1.016
1.017
1.019
1.02
1.022
1.023
1.025
1.026
1.028
1.029
1.03
1.032
1.033
1.035
1.036
1.037
1.039
1.04
1.041
1.043
1.044
1.045
1.046
1.048
1.049
1.05
1.052
1.053
1.054
1.055
1.056
1.058
1.059
1.06
1.061
1.062
1.064
1.065
1.066
1.067
1.068
1.069
1.07
1.071
1.073
1.074
1.075
1.076
1.077
1.078
1.079
1.08
1.081
1.082
1.083
1.084
1.085
1.086
1.087
1.088
1.089
1.09
1.091
1.092
1.093
0.8956379
0.8866664
0.9349647
0.997596
0.9628
0.9647
0.9666
0.9685
0.97
0.972
0.974
0.976
0.978
0.979
0.981
0.983
0.985
0.986
0.988
0.99
0.992
0.993
0.995
0.997
0.998
1
1.001
1.003
1.005
1.006
1.008
1.009
1.011
1.012
1.014
1.015
1.017
1.018
1.02
1.021
1.023
1.024
1.025
1.027
1.028
1.03
1.031
1.032
1.034
1.035
1.036
1.038
1.039
1.04
1.042
1.043
1.044
1.045
1.047
1.048
1.049
1.05
1.052
1.053
1.054
1.055
1.056
1.058
1.059
1.06
1.061
1.062
1.063
1.064
1.066
1.067
1.068
1.069
1.07
1.071
1.072
1.073
1.074
1.075
1.076
1.077
1.079
1.08
1.081
1.082
1.083
1.084
1.085
1.086
1.087
1.088
1.089
1.09
1.09
1.091
0.8956379
0.8866664
0.9349647
0.997596
0.9628
0.9647
0.9665
0.9684
0.97
0.972
0.974
0.976
0.977
0.979
0.981
0.983
0.984
0.986
0.988
0.99
0.991
0.993
0.994
0.996
0.998
0.999
1.001
1.002
1.004
1.006
1.007
1.009
1.01
1.012
1.013
1.015
1.016
1.017
1.019
1.02
1.022
1.023
1.025
1.026
1.027
1.029
1.03
1.031
1.033
1.034
1.035
1.037
1.038
1.039
1.041
1.042
1.043
1.044
1.046
1.047
1.048
1.049
1.05
1.052
1.053
1.054
1.055
1.056
1.057
1.059
1.06
1.061
1.062
1.063
1.064
1.065
1.066
1.067
1.069
1.07
1.071
1.072
1.073
1.074
1.075
1.076
1.077
1.078
1.079
1.08
1.081
1.082
1.083
1.084
1.085
1.086
1.087
1.088
1.089
1.09
0.8956379
0.8866664
0.9349647
0.997596
0.9627
0.9646
0.9665
0.9683
0.97
0.972
0.974
0.976
0.977
0.979
0.981
0.982
0.984
0.986
0.988
0.989
0.991
0.992
0.994
0.996
0.997
0.999
1
1.002
1.004
1.005
1.007
1.008
1.01
1.011
1.012
1.014
1.015
1.017
1.018
1.02
1.021
1.022
1.024
1.025
1.027
1.028
1.029
1.031
1.032
1.033
1.034
1.036
1.037
1.038
1.04
1.041
1.042
1.043
1.044
1.046
1.047
1.048
1.049
1.05
1.052
1.053
1.054
1.055
1.056
1.057
1.058
1.06
1.061
1.062
1.063
1.064
1.065
1.066
1.067
1.068
1.069
1.07
1.071
1.072
1.073
1.074
1.075
1.076
1.077
1.078
1.079
1.08
1.081
1.082
1.083
1.084
1.085
1.086
1.087
1.088
0.8956379
0.8866664
0.9349647
0.997596
0.9627
0.9646
0.9664
0.9682
0.97
0.972
0.974
0.975
0.977
0.979
0.981
0.982
0.984
0.986
0.987
0.989
0.991
0.992
0.994
0.995
0.997
0.998
1
1.002
1.003
1.005
1.006
1.008
1.009
1.01
1.012
1.013
1.015
1.016
1.018
1.019
1.02
1.022
1.023
1.024
1.026
1.027
1.028
1.03
1.031
1.032
1.034
1.035
1.036
1.037
1.039
1.04
1.041
1.042
1.043
1.045
1.046
1.047
1.048
1.049
1.05
1.052
1.053
1.054
1.055
1.056
1.057
1.058
1.059
1.06
1.062
1.063
1.064
1.065
1.066
1.067
1.068
1.069
1.07
1.071
1.072
1.073
1.074
1.075
1.076
1.077
1.078
1.079
1.08
1.081
1.082
1.083
1.083
1.084
1.085
1.086
0.8956379
0.8866664
0.9349647
0.997596
0.9627
0.9645
0.9664
0.9682
0.9699
0.972
0.973
0.975
0.977
0.979
0.98
0.982
0.984
0.985
0.987
0.989
0.99
0.992
0.993
0.995
0.996
0.998
1
1.001
1.003
1.004
1.005
1.007
1.008
1.01
1.011
1.013
1.014
1.016
1.017
1.018
1.02
1.021
1.022
1.024
1.025
1.026
1.028
1.029
1.03
1.031
1.033
1.034
1.035
1.036
1.038
1.039
1.04
1.041
1.042
1.044
1.045
1.046
1.047
1.048
1.049
1.05
1.052
1.053
1.054
1.055
1.056
1.057
1.058
1.059
1.06
1.061
1.062
1.063
1.064
1.065
1.066
1.068
1.069
1.07
1.07
1.071
1.072
1.073
1.074
1.075
1.076
1.077
1.078
1.079
1.08
1.081
1.082
1.083
1.084
1.085
0.8956379
0.8866664
0.9349647
0.997596
0.9627
0.9645
0.9663
0.9681
0.9698
0.972
0.973
0.975
0.977
0.978
0.98
0.982
0.983
0.985
0.987
0.988
0.99
0.991
0.993
0.995
0.996
0.998
0.999
1.001
1.002
1.004
1.005
1.006
1.008
1.009
1.011
1.012
1.013
1.015
1.016
1.018
1.019
1.02
1.022
1.023
1.024
1.025
1.027
1.028
1.029
1.031
1.032
1.033
1.034
1.035
1.037
1.038
1.039
1.04
1.041
1.043
1.044
1.045
1.046
1.047
1.048
1.049
1.05
1.052
1.053
1.054
1.055
1.056
1.057
1.058
1.059
1.06
1.061
1.062
1.063
1.064
1.065
1.066
1.067
1.068
1.069
1.07
1.071
1.072
1.073
1.074
1.075
1.076
1.077
1.078
1.078
1.079
1.08
1.081
1.082
1.083
0.8956379
0.8866664
0.9349647
0.997596
0.9627
0.9645
0.9662
0.968
0.9697
0.971
0.973
0.975
0.977
0.978
0.98
0.982
0.983
0.985
0.986
0.988
0.99
0.991
0.993
0.994
0.996
0.997
0.999
1
1.002
1.003
1.004
1.006
1.007
1.009
1.01
1.012
1.013
1.014
1.016
1.017
1.018
1.02
1.021
1.022
1.023
1.025
1.026
1.027
1.029
1.03
1.031
1.032
1.033
1.035
1.036
1.037
1.038
1.039
1.04
1.042
1.043
1.044
1.045
1.046
1.047
1.048
1.049
1.05
1.052
1.053
1.054
1.055
1.056
1.057
1.058
1.059
1.06
1.061
1.062
1.063
1.064
1.065
1.066
1.067
1.068
1.069
1.07
1.071
1.071
1.072
1.073
1.074
1.075
1.076
1.077
1.078
1.079
1.08
1.081
1.081
0.8956379
0.8866664
0.9349647
0.997596
0.9626
0.9644
0.9662
0.9679
0.9697
0.971
0.973
0.975
0.976
0.978
0.98
0.981
0.983
0.985
0.986
0.988
0.989
0.991
0.992
0.994
0.995
0.997
0.998
1
1.001
1.003
1.004
1.005
1.007
1.008
1.01
1.011
1.012
1.014
1.015
1.016
1.018
1.019
1.02
1.021
1.023
1.024
1.025
1.026
1.028
1.029
1.03
1.031
1.033
1.034
1.035
1.036
1.037
1.038
1.039
1.041
1.042
1.043
1.044
1.045
1.046
1.047
1.048
1.049
1.05
1.051
1.053
1.054
1.055
1.056
1.057
1.058
1.059
1.06
1.061
1.062
1.063
1.064
1.064
1.065
1.066
1.067
1.068
1.069
1.07
1.071
1.072
1.073
1.074
1.075
1.075
1.076
1.077
1.078
1.079
1.08
0.8956379
0.8866664
0.9349647
0.997596
0.9626
0.9644
0.9661
0.9679
0.9696
0.971
0.973
0.975
0.976
0.978
0.98
0.981
0.983
0.984
0.986
0.987
0.989
0.99
0.992
0.993
0.995
0.996
0.998
0.999
1.001
1.002
1.004
1.005
1.006
1.008
1.009
1.01
1.012
1.013
1.014
1.016
1.017
1.018
1.02
1.021
1.022
1.023
1.025
1.026
1.027
1.028
1.029
1.031
1.032
1.033
1.034
1.035
1.036
1.037
1.039
1.04
1.041
1.042
1.043
1.044
1.045
1.046
1.047
1.048
1.049
1.05
1.051
1.052
1.053
1.054
1.055
1.056
1.057
1.058
1.059
1.06
1.061
1.062
1.063
1.064
1.065
1.066
1.067
1.068
1.069
1.07
1.071
1.071
1.072
1.073
1.074
1.075
1.076
1.077
1.077
1.078
0.8956379
0.8866664
0.9349647
0.997596
0.9626
0.9644
0.9661
0.9678
0.9695
0.971
0.973
0.974
0.976
0.978
0.979
0.981
0.982
0.984
0.986
0.987
0.989
0.99
0.992
0.993
0.995
0.996
0.997
0.999
1
1.002
1.003
1.004
1.006
1.007
1.008
1.01
1.011
1.012
1.014
1.015
1.016
1.018
1.019
1.02
1.021
1.023
1.024
1.025
1.026
1.027
1.029
1.03
1.031
1.032
1.033
1.034
1.035
1.037
1.038
1.039
1.04
1.041
1.042
1.043
1.044
1.045
1.046
1.047
1.048
1.049
1.05
1.051
1.052
1.053
1.054
1.055
1.056
1.057
1.058
1.059
1.06
1.061
1.062
1.063
1.064
1.065
1.066
1.066
1.067
1.068
1.069
1.07
1.071
1.072
1.073
1.073
1.074
1.075
1.076
1.077
0.8956379
0.8866664
0.9349647
0.997595
0.9626
0.9643
0.966
0.9677
0.9694
0.971
0.973
0.974
0.976
0.978
0.979
0.981
0.982
0.984
0.985
0.987
0.988
0.99
0.991
0.993
0.994
0.996
0.997
0.998
1
1.001
1.003
1.004
1.005
1.007
1.008
1.009
1.011
1.012
1.013
1.014
1.016
1.017
1.018
1.019
1.021
1.022
1.023
1.024
1.025
1.027
1.028
1.029
1.03
1.031
1.032
1.033
1.035
1.036
1.037
1.038
1.039
1.04
1.041
1.042
1.043
1.044
1.045
1.046
1.047
1.048
1.049
1.05
1.051
1.052
1.053
1.054
1.055
1.056
1.057
1.058
1.059
1.06
1.061
1.062
1.063
1.063
1.064
1.065
1.066
1.067
1.068
1.069
1.07
1.07
1.071
1.072
1.073
1.074
1.075
1.075
0.8956379
0.8866664
0.9349647
0.997595
0.9626
0.9643
0.966
0.9676
0.9693
0.971
0.973
0.974
0.976
0.977
0.979
0.98
0.982
0.984
0.985
0.987
0.988
0.99
0.991
0.992
0.994
0.995
0.997
0.998
0.999
1.001
1.002
1.003
1.005
1.006
1.007
1.009
1.01
1.011
1.013
1.014
1.015
1.016
1.018
1.019
1.02
1.021
1.022
1.024
1.025
1.026
1.027
1.028
1.029
1.03
1.032
1.033
1.034
1.035
1.036
1.037
1.038
1.039
1.04
1.041
1.042
1.043
1.044
1.045
1.046
1.047
1.048
1.049
1.05
1.051
1.052
1.053
1.054
1.055
1.056
1.057
1.058
1.059
1.059
1.06
1.061
1.062
1.063
1.064
1.065
1.066
1.067
1.067
1.068
1.069
1.07
1.071
1.072
1.072
1.073
1.074
