0.8956382
0.8924599
0.9624601
0.96684
0.9379
0.9611
0.9847
1.0085
1.0325
1.0566
1.0808
1.105
1.1293
1.1535
1.1777
1.2018
1.2259
1.2498
1.2737
1.297
1.321
1.345
1.368
1.391
1.415
1.438
1.461
1.483
1.506
1.528
1.551
1.573
1.595
1.617
1.639
1.661
1.682
1.704
1.725
1.746
1.767
1.788
1.809
1.829
1.85
1.87
1.891
1.911
1.931
1.951
1.971
1.99
2.01
2.029
2.049
2.068
2.087
2.106
2.125
2.143
2.162
2.181
2.199
2.217
2.236
2.254
2.272
2.29
2.308
2.325
2.343
2.361
2.378
2.395
2.413
2.43
2.447
2.464
2.481
2.497
2.514
2.531
2.547
2.564
2.58
2.597
2.613
2.629
2.645
2.661
2.677
2.693
2.708
2.724
2.74
2.755
2.77
2.786
2.801
2.816
0.8956382
0.892461
0.9624613
0.96578
0.9342
0.9548
0.9759
0.9971
1.0186
1.0403
1.0621
1.0839
1.1059
1.1279
1.15
1.172
1.194
1.216
1.238
1.259
1.281
1.303
1.324
1.346
1.367
1.389
1.41
1.431
1.452
1.473
1.494
1.514
1.535
1.555
1.576
1.596
1.616
1.636
1.656
1.676
1.695
1.715
1.734
1.753
1.773
1.792
1.811
1.83
1.848
1.867
1.886
1.904
1.923
1.941
1.959
1.977
1.995
2.013
2.03
2.048
2.066
2.083
2.1
2.118
2.135
2.152
2.169
2.186
2.203
2.219
2.236
2.252
2.269
2.285
2.301
2.318
2.334
2.35
2.366
2.382
2.397
2.413
2.429
2.444
2.46
2.475
2.49
2.505
2.521
2.536
2.551
2.565
2.58
2.595
2.61
2.624
2.639
2.653
2.668
2.682
0.8956382
0.8924616
0.9624619
0.96484
0.9312
0.9498
0.9687
0.9879
1.0072
1.0268
1.0466
1.0664
1.086
1.106
1.126
1.146
1.167
1.187
1.207
1.227
1.247
1.267
1.287
1.306
1.326
1.346
1.366
1.385
1.405
1.424
1.443
1.462
1.482
1.501
1.52
1.538
1.557
1.576
1.594
1.613
1.631
1.65
1.668
1.686
1.704
1.722
1.74
1.757
1.775
1.792
1.81
1.827
1.844
1.861
1.879
1.895
1.912
1.929
1.946
1.962
1.979
1.995
2.012
2.028
2.044
2.06
2.076
2.092
2.108
2.123
2.139
2.155
2.17
2.186
2.201
2.216
2.231
2.246
2.261
2.276
2.291
2.306
2.321
2.335
2.35
2.364
2.379
2.393
2.408
2.422
2.436
2.45
2.464
2.478
2.492
2.506
2.519
2.533
2.547
2.56
0.8956382
0.8924619
0.9624622
0.964
0.9287
0.9456
0.9627
0.9802
0.9978
1.0156
1.0335
1.052
1.07
1.088
1.106
1.125
1.143
1.162
1.18
1.199
1.217
1.235
1.254
1.272
1.29
1.309
1.327
1.345
1.363
1.381
1.399
1.417
1.435
1.453
1.47
1.488
1.505
1.523
1.54
1.557
1.575
1.592
1.609
1.626
1.642
1.659
1.676
1.692
1.709
1.725
1.742
1.758
1.774
1.79
1.806
1.822
1.838
1.854
1.87
1.885
1.901
1.916
1.931
1.947
1.962
1.977
1.992
2.007
2.022
2.037
2.052
2.066
2.081
2.095
2.11
2.124
2.139
2.153
2.167
2.181
2.195
2.209
2.223
2.237
2.25
2.264
2.278
2.291
2.305
2.318
2.332
2.345
2.358
2.371
2.384
2.397
2.41
2.423
2.436
2.449
0.8956382
0.8924621
0.9624625
0.96325
0.9267
0.9421
0.9578
0.9737
0.9898
1.0061
1.0225
1.039
1.056
1.073
1.089
1.106
1.123
1.14
1.157
1.174
1.191
1.208
1.225
1.242
1.259
1.276
1.293
1.31
1.327
1.344
1.36
1.377
1.393
1.41
1.427
1.443
1.459
1.476
1.492
1.508
1.524
1.54
1.556
1.572
1.588
1.603
1.619
1.635
1.65
1.665
1.681
1.696
1.711
1.726
1.741
1.756
1.771
1.786
1.801
1.816
1.83
1.845
1.859
1.874
1.888
1.902
1.916
1.93
1.944
1.958
1.972
1.986
2
2.014
2.027
2.041
2.054
2.068
2.081
2.094
2.108
2.121
2.134
2.147
2.16
2.173
2.186
2.199
2.211
2.224
2.237
2.249
2.262
2.274
2.287
2.299
2.311
2.323
2.336
2.348
0.8956382
0.8924623
0.9624627
0.96257
0.925
0.9391
0.9536
0.9682
0.983
0.998
1.013
1.028
1.044
1.059
1.075
1.09
1.106
1.122
1.137
1.153
1.169
1.185
1.2
1.216
1.232
1.248
1.263
1.279
1.295
1.31
1.326
1.341
1.357
1.372
1.388
1.403
1.418
1.434
1.449
1.464
1.479
1.494
1.509
1.524
1.539
1.553
1.568
1.583
1.597
1.612
1.626
1.64
1.655
1.669
1.683
1.697
1.711
1.725
1.739
1.753
1.767
1.78
1.794
1.807
1.821
1.834
1.848
1.861
1.874
1.887
1.901
1.914
1.927
1.939
1.952
1.965
1.978
1.991
2.003
2.016
2.028
2.041
2.053
2.065
2.078
2.09
2.102
2.114
2.126
2.138
2.15
2.162
2.174
2.186
2.197
2.209
2.221
2.232
2.244
2.255
0.8956382
0.8924624
0.9624628
0.96195
0.9235
0.9366
0.9499
0.9635
0.9772
0.991
1.005
1.019
1.033
1.048
1.062
1.076
1.091
1.105
1.12
1.135
1.149
1.164
1.179
1.193
1.208
1.223
1.237
1.252
1.266
1.281
1.295
1.31
1.324
1.339
1.353
1.368
1.382
1.396
1.41
1.424
1.439
1.453
1.467
1.481
1.495
1.508
1.522
1.536
1.55
1.563
1.577
1.59
1.604
1.617
1.63
1.644
1.657
1.67
1.683
1.696
1.709
1.722
1.735
1.747
1.76
1.773
1.785
1.798
1.81
1.823
1.835
1.848
1.86
1.872
1.884
1.896
1.908
1.92
1.932
1.944
1.956
1.968
1.979
1.991
2.003
2.014
2.026
2.037
2.048
2.06
2.071
2.082
2.094
2.105
2.116
2.127
2.138
2.149
2.16
2.17
0.8956382
0.8924625
0.9624629
0.96138
0.9222
0.9344
0.9468
0.9594
0.9721
0.985
0.998
1.011
1.024
1.038
1.051
1.064
1.078
1.091
1.105
1.118
1.132
1.146
1.159
1.173
1.187
1.2
1.214
1.228
1.241
1.255
1.268
1.282
1.296
1.309
1.322
1.336
1.349
1.363
1.376
1.389
1.402
1.416
1.429
1.442
1.455
1.468
1.481
1.494
1.507
1.519
1.532
1.545
1.558
1.57
1.583
1.595
1.608
1.62
1.632
1.645
1.657
1.669
1.681
1.693
1.705
1.717
1.729
1.741
1.753
1.764
1.776
1.788
1.799
1.811
1.822
1.834
1.845
1.856
1.868
1.879
1.89
1.901
1.912
1.923
1.934
1.945
1.956
1.967
1.978
1.988
1.999
2.01
2.02
2.031
2.041
2.052
2.062
2.072
2.083
2.09
0.8956382
0.8924626
0.962463
0.96086
0.9211
0.9325
0.9441
0.9558
0.9676
0.98
0.992
1.004
1.016
1.029
1.041
1.054
1.066
1.079
1.091
1.104
1.117
1.13
1.142
1.155
1.168
1.181
1.193
1.206
1.219
1.232
1.244
1.257
1.27
1.282
1.295
1.308
1.32
1.333
1.345
1.358
1.37
1.382
1.395
1.407
1.419
1.432
1.444
1.456
1.468
1.48
1.492
1.504
1.516
1.528
1.54
1.551
1.563
1.575
1.586
1.598
1.609
1.621
1.632
1.644
1.655
1.666
1.678
1.689
1.7
1.711
1.722
1.733
1.744
1.755
1.766
1.777
1.787
1.798
1.809
1.819
1.83
1.84
1.851
1.861
1.872
1.882
1.892
1.902
1.913
1.923
1.933
1.943
1.953
1.963
1.973
1.983
1.993
2
2.01
2.02
0.8956382
0.8924627
0.962463
0.96038
0.9201
0.9308
0.9416
0.9526
0.9637
0.975
0.986
0.998
1.009
1.021
1.032
1.044
1.056
1.068
1.08
1.091
1.103
1.115
1.127
1.139
1.151
1.163
1.175
1.187
1.199
1.211
1.223
1.235
1.247
1.258
1.27
1.282
1.294
1.306
1.317
1.329
1.341
1.353
1.364
1.376
1.387
1.399
1.41
1.422
1.433
1.444
1.456
1.467
1.478
1.489
1.501
1.512
1.523
1.534
1.545
1.556
1.567
1.577
1.588
1.599
1.61
1.62
1.631
1.641
1.652
1.662
1.673
1.683
1.694
1.704
1.714
1.724
1.735
1.745
1.755
1.765
1.775
1.785
1.795
1.805
1.814
1.824
1.834
1.844
1.853
1.863
1.872
1.882
1.891
1.901
1.91
1.92
1.93
1.94
1.95
1.96
0.8956382
0.8924627
0.9624631
0.95994
0.9192
0.9293
0.9395
0.9498
0.9602
0.971
0.981
0.992
1.003
1.014
1.025
1.036
1.047
1.058
1.069
1.08
1.091
1.102
1.114
1.125
1.136
1.147
1.158
1.17
1.181
1.192
1.203
1.215
1.226
1.237
1.248
1.259
1.27
1.281
1.292
1.303
1.314
1.325
1.336
1.347
1.358
1.369
1.38
1.391
1.401
1.412
1.423
1.433
1.444
1.455
1.465
1.476
1.486
1.496
1.507
1.517
1.527
1.538
1.548
1.558
1.568
1.578
1.588
1.598
1.608
1.618
1.628
1.638
1.648
1.657
1.667
1.677
1.686
1.696
1.706
1.715
1.724
1.734
1.743
1.753
1.762
1.771
1.78
1.79
1.799
1.808
1.817
1.826
1.835
1.844
1.853
1.86
1.87
1.88
1.89
1.9
0.8956382
0.8924627
0.9624632
0.95952
0.9199
0.9279
0.9376
0.9473
0.9571
0.967
0.977
0.987
0.997
1.008
1.018
1.028
1.039
1.049
1.059
1.07
1.08
1.091
1.101
1.112
1.123
1.133
1.144
1.154
1.165
1.175
1.186
1.196
1.207
1.218
1.228
1.239
1.249
1.259
1.27
1.28
1.291
1.301
1.311
1.322
1.332
1.342
1.352
1.363
1.373
1.383
1.393
1.403
1.413
1.423
1.433
1.443
1.453
1.462
1.472
1.482
1.492
1.501
1.511
1.521
1.53
1.54
1.549
1.559
1.568
1.578
1.587
1.596
1.606
1.615
1.624
1.633
1.642
1.651
1.66
1.669
1.678
1.687
1.696
1.705
1.714
1.723
1.731
1.74
1.749
1.757
1.766
1.775
1.783
1.792
1.8
1.81
1.82
1.83
1.83
1.83
0.8956382
0.8924628
0.9624632
0.95914
0.9207
0.9267
0.9358
0.945
0.9543
0.964
0.973
0.983
0.992
1.002
1.012
1.021
1.031
1.041
1.051
1.061
1.071
1.081
1.09
1.1
1.11
1.12
1.13
1.14
1.15
1.16
1.17
1.18
1.19
1.2
1.21
1.22
1.23
1.239
1.249
1.259
1.269
1.279
1.288
1.298
1.308
1.318
1.327
1.337
1.346
1.356
1.366
1.375
1.385
1.394
1.403
1.413
1.422
1.431
1.441
1.45
1.459
1.468
1.477
1.487
1.496
1.505
1.514
1.523
1.532
1.54
1.549
1.558
1.567
1.576
1.584
1.593
1.602
1.61
1.619
1.628
1.636
1.645
1.653
1.661
1.67
1.678
1.686
1.695
1.703
1.711
1.719
1.727
1.735
1.744
1.752
1.76
1.77
1.77
1.77
1.76
0.8956382
0.8924628
0.9624632
0.95878
0.9215
0.9256
0.9343
0.943
0.9518
0.961
0.97
0.979
0.988
0.997
1.006
1.015
1.024
1.034
1.043
1.052
1.062
1.071
1.081
1.09
1.099
1.109
1.118
1.128
1.137
1.146
1.156
1.165
1.175
1.184
1.193
1.203
1.212
1.221
1.231
1.24
1.249
1.259
1.268
1.277
1.286
1.295
1.304
1.314
1.323
1.332
1.341
1.35
1.359
1.368
1.376
1.385
1.394
1.403
1.412
1.421
1.429
1.438
1.447
1.455
1.464
1.472
1.481
1.49
1.498
1.506
1.515
1.523
1.532
1.54
1.548
1.556
1.565
1.573
1.581
1.589
1.597
1.605
1.613
1.621
1.629
1.637
1.645
1.653
1.661
1.668
1.676
1.684
1.692
1.699
1.707
1.71
1.71
1.708
1.705
1.705
0.8956382
0.8924628
0.9624633
0.95844
0.9222
0.9246
0.9329
0.9412
0.95
0.958
0.966
0.975
0.984
0.992
1.001
1.01
1.018
1.027
1.036
1.045
1.054
1.063
1.072
1.08
1.089
1.098
1.107
1.116
1.125
1.134
1.143
1.152
1.161
1.169
1.178
1.187
1.196
1.205
1.214
1.222
1.231
1.24
1.249
1.257
1.266
1.275
1.284
1.292
1.301
1.309
1.318
1.326
1.335
1.343
1.352
1.36
1.369
1.377
1.385
1.394
1.402
1.41
1.418
1.427
1.435
1.443
1.451
1.459
1.467
1.475
1.483
1.491
1.499
1.507
1.515
1.523
1.53
1.538
1.546
1.554
1.561
1.569
1.577
1.584
1.592
1.599
1.607
1.614
1.622
1.629
1.636
1.644
1.651
1.658
1.666
1.668
1.666
1.661
1.659
1.651
0.8956382
0.8924629
0.9624633
0.95813
0.9229
0.9237
0.9316
0.9395
0.947
0.955
0.964
0.972
0.98
0.988
0.996
1.005
1.013
1.021
1.03
1.038
1.046
1.055
1.063
1.072
1.08
1.089
1.097
1.106
1.114
1.122
1.131
1.139
1.148
1.156
1.165
1.173
1.181
1.19
1.198
1.206
1.215
1.223
1.231
1.24
1.248
1.256
1.264
1.273
1.281
1.289
1.297
1.305
1.313
1.321
1.329
1.337
1.345
1.353
1.361
1.369
1.377
1.385
1.392
1.4
1.408
1.416
1.423
1.431
1.439
1.446
1.454
1.462
1.469
1.477
1.484
1.491
1.499
1.506
1.514
1.521
1.528
1.536
1.543
1.55
1.557
1.564
1.571
1.579
1.586
1.593
1.6
1.607
1.614
1.621
1.627
1.625
1.618
1.618
1.62
1.615
0.8956382
0.8924629
0.9624633
0.95783
0.9235
0.9229
0.9304
0.9379
0.946
0.953
0.961
0.969
0.976
0.984
0.992
1
1.008
1.016
1.024
1.032
1.04
1.048
1.056
1.064
1.072
1.08
1.088
1.096
1.104
1.112
1.12
1.128
1.136
1.144
1.152
1.16
1.168
1.176
1.184
1.192
1.2
1.208
1.215
1.223
1.231
1.239
1.247
1.255
1.262
1.27
1.278
1.286
1.293
1.301
1.308
1.316
1.324
1.331
1.339
1.346
1.354
1.361
1.369
1.376
1.383
1.391
1.398
1.405
1.413
1.42
1.427
1.434
1.441
1.449
1.456
1.463
1.47
1.477
1.484
1.491
1.498
1.505
1.512
1.518
1.525
1.532
1.539
1.546
1.552
1.559
1.566
1.572
1.579
1.586
1.592
1.588
1.582
1.58
1.58
1.58
0.8956382
0.8924629
0.9624633
0.95754
0.9241
0.9221
0.9293
0.9365
0.944
0.951
0.958
0.966
0.973
0.981
0.988
0.996
1.003
1.011
1.018
1.026
1.034
1.041
1.049
1.057
1.064
1.072
1.079
1.087
1.095
1.102
1.11
1.118
1.125
1.133
1.14
1.148
1.156
1.163
1.171
1.178
1.186
1.193
1.201
1.208
1.216
1.223
1.231
1.238
1.245
1.253
1.26
1.267
1.275
1.282
1.289
1.297
1.304
1.311
1.318
1.325
1.332
1.339
1.347
1.354
1.361
1.368
1.375
1.381
1.388
1.395
1.402
1.409
1.416
1.423
1.429
1.436
1.443
1.45
1.456
1.463
1.47
1.476
1.483
1.489
1.496
1.502
1.509
1.515
1.522
1.528
1.534
1.541
1.547
1.553
1.56
1.555
1.548
1.547
1.547
1.553
0.8956382
0.8924629
0.9624634
0.95736
0.9246
0.9214
0.9283
0.9352
0.942
0.949
0.956
0.963
0.97
0.978
0.985
0.992
0.999
1.006
1.014
1.021
1.028
1.035
1.043
1.05
1.057
1.064
1.072
1.079
1.086
1.094
1.101
1.108
1.115
1.123
1.13
1.137
1.144
1.152
1.159
1.166
1.173
1.18
1.187
1.194
1.202
1.209
1.216
1.223
1.23
1.237
1.244
1.251
1.258
1.265
1.272
1.279
1.285
1.292
1.299
1.306
1.313
1.319
1.326
1.333
1.34
1.346
1.353
1.359
1.366
1.373
1.379
1.386
1.392
1.399
1.405
1.412
1.418
1.424
1.431
1.437
1.443
1.45
1.456
1.462
1.468
1.475
1.481
1.487
1.493
1.499
1.505
1.511
1.517
1.523
1.529
1.526
1.525
1.518
1.518
1.519
0.8956382
0.8924629
0.9624634
0.95705
0.925
0.9208
0.9274
0.934
0.941
0.947
0.954
0.961
0.968
0.975
0.981
0.988
0.995
1.002
1.009
1.016
1.023
1.03
1.037
1.044
1.051
1.058
1.065
1.071
1.078
1.085
1.092
1.099
1.106
1.113
1.12
1.127
1.134
1.141
1.148
1.154
1.161
1.168
1.175
1.182
1.188
1.195
1.202
1.209
1.215
1.222
1.229
1.235
1.242
1.249
1.255
1.262
1.268
1.275
1.281
1.288
1.294
1.301
1.307
1.314
1.32
1.326
1.333
1.339
1.345
1.352
1.358
1.364
1.37
1.376
1.383
1.389
1.395
1.401
1.407
1.413
1.419
1.425
1.431
1.437
1.443
1.449
1.455
1.461
1.466
1.472
1.478
1.484
1.49
1.495
1.501
1.499
1.495
1.493
1.493
1.49
0.8956382
0.8924629
0.9624634
0.95678
0.9255
0.9202
0.9265
0.9329
0.939
0.946
0.952
0.959
0.965
0.972
0.978
0.985
0.992
0.998
1.005
1.011
1.018
1.025
1.031
1.038
1.045
1.051
1.058
1.065
1.071
1.078
1.084
1.091
1.098
1.104
1.111
1.118
1.124
1.131
1.137
1.144
1.15
1.157
1.163
1.17
1.176
1.183
1.189
1.196
1.202
1.208
1.215
1.221
1.227
1.234
1.24
1.246
1.253
1.259
1.265
1.271
1.277
1.284
1.29
1.296
1.302
1.308
1.314
1.32
1.326
1.332
1.338
1.344
1.35
1.356
1.362
1.368
1.373
1.379
1.385
1.391
1.397
1.402
1.408
1.414
1.419
1.425
1.431
1.436
1.442
1.447
1.453
1.458
1.464
1.469
1.475
1.476
1.474
1.469
1.468
1.468
0.8956382
0.892463
0.9624634
0.95655
0.9259
0.9203
0.9257
0.9319
0.938
0.944
0.95
0.957
0.963
0.969
0.976
0.982
0.988
0.995
1.001
1.007
1.014
1.02
1.026
1.033
1.039
1.045
1.052
1.058
1.065
1.071
1.077
1.084
1.09
1.096
1.103
1.109
1.115
1.121
1.128
1.134
1.14
1.146
1.153
1.159
1.165
1.171
1.177
1.183
1.19
1.196
1.202
1.208
1.214
1.22
1.226
1.232
1.238
1.244
1.25
1.256
1.262
1.268
1.273
1.279
1.285
1.291
1.297
1.302
1.308
1.314
1.32
1.325
1.331
1.337
1.342
1.348
1.353
1.359
1.365
1.37
1.376
1.381
1.386
1.392
1.397
1.403
1.408
1.413
1.419
1.424
1.429
1.435
1.44
1.445
1.45
1.456
1.452
1.452
1.445
1.446
0.8956382
0.892463
0.9624634
0.95633
0.9263
0.9209
0.925
0.9309
0.937
0.943
0.949
0.955
0.961
0.967
0.973
0.979
0.985
0.991
0.997
1.003
1.009
1.016
1.022
1.028
1.034
1.04
1.046
1.052
1.058
1.064
1.07
1.077
1.083
1.089
1.095
1.101
1.107
1.113
1.119
1.125
1.131
1.137
1.143
1.149
1.155
1.16
1.166
1.172
1.178
1.184
1.19
1.196
1.201
1.207
1.213
1.219
1.224
1.23
1.236
1.241
1.247
1.253
1.258
1.264
1.269
1.275
1.281
1.286
1.292
1.297
1.302
1.308
1.313
1.319
1.324
1.329
1.335
1.34
1.345
1.351
1.356
1.361
1.366
1.372
1.377
1.382
1.387
1.392
1.397
1.402
1.407
1.413
1.418
1.423
1.428
1.433
1.433
1.432
1.426
1.425
0.8956382
0.892463
0.9624634
0.95614
0.9266
0.9215
0.9243
0.93
0.936
0.941
0.947
0.953
0.959
0.965
0.97
0.976
0.982
0.988
0.994
1
1.006
1.011
1.017
1.023
1.029
1.035
1.041
1.047
1.052
1.058
1.064
1.07
1.076
1.082
1.087
1.093
1.099
1.105
1.11
1.116
1.122
1.128
1.133
1.139
1.145
1.15
1.156
1.162
1.167
1.173
1.178
1.184
1.19
1.195
1.201
1.206
1.212
1.217
1.223
1.228
1.233
1.239
1.244
1.25
1.255
1.26
1.265
1.271
1.276
1.281
1.286
1.292
1.297
1.302
1.307
1.312
1.317
1.323
1.328
1.333
1.338
1.343
1.348
1.353
1.358
1.363
1.368
1.372
1.377
1.382
1.387
1.392
1.397
1.401
1.406
1.411
1.416
1.414
1.414
1.408
0.8956382
0.892463
0.9624634
0.95597
0.927
0.9221
0.9237
0.9292
0.935
0.94
0.946
0.951
0.957
0.963
0.968
0.974
0.979
0.985
0.991
0.996
1.002
1.008
1.013
1.019
1.025
1.03
1.036
1.041
1.047
1.053
1.058
1.064
1.069
1.075
1.081
1.086
1.092
1.097
1.103
1.108
1.114
1.119
1.125
1.13
1.136
1.141
1.146
1.152
1.157
1.163
1.168
1.173
1.179
1.184
1.189
1.195
1.2
1.205
1.21
1.215
1.221
1.226
1.231
1.236
1.241
1.246
1.251
1.256
1.261
1.267
1.272
1.277
1.281
1.286
1.291
1.296
1.301
1.306
1.311
1.316
1.321
1.325
1.33
1.335
1.34
1.344
1.349
1.354
1.359
1.363
1.368
1.373
1.377
1.382
1.386
1.391
1.395
1.399
1.396
1.397
0.8956382
0.892463
0.9624634
0.95581
0.9273
0.9226
0.923
0.9284
0.934
0.939
0.944
0.95
0.955
0.961
0.966
0.971
0.977
0.982
0.988
0.993
0.999
1.004
1.009
1.015
1.02
1.026
1.031
1.037
1.042
1.047
1.053
1.058
1.064
1.069
1.074
1.08
1.085
1.09
1.096
1.101
1.106
1.111
1.117
1.122
1.127
1.132
1.138
1.143
1.148
1.153
1.158
1.163
1.168
1.173
1.179
1.184
1.189
1.194
1.199
1.204
1.209
1.214
1.219
1.224
1.228
1.233
1.238
1.243
1.248
1.253
1.258
1.262
1.267
1.272
1.277
1.281
1.286
1.291
1.295
1.3
1.305
1.309
1.314
1.318
1.323
1.328
1.332
1.337
1.341
1.346
1.35
1.354
1.359
1.363
1.368
1.372
1.376
1.381
1.383
1.38
0.8956382
0.892463
0.9624634
0.95567
0.9276
0.9231
0.9225
0.9276
0.933
0.938
0.943
0.948
0.954
0.959
0.964
0.969
0.975
0.98
0.985
0.99
0.995
1.001
1.006
1.011
1.016
1.022
1.027
1.032
1.037
1.042
1.048
1.053
1.058
1.063
1.068
1.073
1.079
1.084
1.089
1.094
1.099
1.104
1.109
1.114
1.119
1.124
1.129
1.134
1.139
1.144
1.149
1.154
1.159
1.164
1.169
1.173
1.178
1.183
1.188
1.193
1.197
1.202
1.207
1.212
1.216
1.221
1.226
1.23
1.235
1.24
1.244
1.249
1.254
1.258
1.263
1.267
1.272
1.276
1.281
1.285
1.29
1.294
1.298
1.303
1.307
1.312
1.316
1.32
1.325
1.329
1.333
1.337
1.342
1.346
1.35
1.354
1.358
1.363
1.367
1.367
0.8956382
0.892463
0.9624635
0.95539
0.9279
0.9236
0.9219
0.9269
0.932
0.937
0.942
0.947
0.952
0.957
0.962
0.967
0.972
0.977
0.982
0.987
0.992
0.998
1.003
1.008
1.013
1.018
1.023
1.028
1.033
1.038
1.043
1.048
1.053
1.058
1.063
1.068
1.073
1.077
1.082
1.087
1.092
1.097
1.102
1.107
1.112
1.116
1.121
1.126
1.131
1.136
1.14
1.145
1.15
1.154
1.159
1.164
1.169
1.173
1.178
1.182
1.187
1.192
1.196
1.201
1.205
1.21
1.214
1.219
1.223
1.228
1.232
1.236
1.241
1.245
1.25
1.254
1.258
1.263
1.267
1.271
1.276
1.28
1.284
1.288
1.292
1.297
1.301
1.305
1.309
1.313
1.317
1.321
1.326
1.33
1.334
1.338
1.342
1.346
1.35
1.354
0.8956382
0.892463
0.9624635
0.95523
0.9281
0.924
0.9214
0.9263
0.931
0.936
0.941
0.946
0.951
0.955
0.96
0.965
0.97
0.975
0.98
0.985
0.99
0.995
0.999
1.004
1.009
1.014
1.019
1.024
1.029
1.033
1.038
1.043
1.048
1.053
1.057
1.062
1.067
1.072
1.076
1.081
1.086
1.091
1.095
1.1
1.105
1.109
1.114
1.118
1.123
1.128
1.132
1.137
1.141
1.146
1.15
1.155
1.159
1.164
1.168
1.173
1.177
1.182
1.186
1.19
1.195
1.199
1.203
1.208
1.212
1.216
1.221
1.225
1.229
1.233
1.237
1.242
1.246
1.25
1.254
1.258
1.262
1.266
1.27
1.275
1.279
1.283
1.287
1.291
1.295
1.299
1.302
1.306
1.31
1.314
1.318
1.322
1.326
1.33
1.334
1.337
0.8956382
0.892463
0.9624635
0.95507
0.9284
0.9244
0.9209
0.9256
0.93
0.935
0.94
0.945
0.949
0.954
0.959
0.963
0.968
0.973
0.978
0.982
0.987
0.992
0.996
1.001
1.006
1.011
1.015
1.02
1.025
1.029
1.034
1.039
1.043
1.048
1.052
1.057
1.062
1.066
1.071
1.075
1.08
1.084
1.089
1.093
1.098
1.102
1.107
1.111
1.116
1.12
1.125
1.129
1.133
1.138
1.142
1.146
1.151
1.155
1.159
1.164
1.168
1.172
1.176
1.181
1.185
1.189
1.193
1.197
1.201
1.205
1.21
1.214
1.218
1.222
1.226
1.23
1.234
1.238
1.242
1.246
1.25
1.254
1.258
1.262
1.265
1.269
1.273
1.277
1.281
1.285
1.289
1.292
1.296
1.3
1.304
1.307
1.311
1.315
1.318
1.322
0.8956382
0.8924631
0.9624635
0.95492
0.9286
0.9248
0.9211
0.9251
0.93
0.934
0.939
0.943
0.948
0.953
0.957
0.962
0.966
0.971
0.975
0.98
0.985
0.989
0.994
0.998
1.003
1.007
1.012
1.016
1.021
1.025
1.03
1.034
1.039
1.043
1.048
1.052
1.057
1.061
1.066
1.07
1.074
1.079
1.083
1.087
1.092
1.096
1.1
1.105
1.109
1.113
1.117
1.122
1.126
1.13
1.134
1.138
1.143
1.147
1.151
1.155
1.159
1.163
1.167
1.171
1.175
1.179
1.183
1.187
1.191
1.195
1.199
1.203
1.207
1.211
1.215
1.219
1.223
1.227
1.23
1.234
1.238
1.242
1.246
1.249
1.253
1.257
1.261
1.264
1.268
1.272
1.275
1.279
1.283
1.286
1.29
1.293
1.297
1.301
1.304
1.308
0.8956382
0.8924631
0.9624635
0.95477
0.9289
0.9252
0.9216
0.9245
0.929
0.933
0.938
0.942
0.947
0.951
0.956
0.96
0.965
0.969
0.973
0.978
0.982
0.987
0.991
0.995
1
1.004
1.009
1.013
1.017
1.022
1.026
1.03
1.035
1.039
1.043
1.048
1.052
1.056
1.06
1.065
1.069
1.073
1.077
1.082
1.086
1.09
1.094
1.098
1.102
1.106
1.111
1.115
1.119
1.123
1.127
1.131
1.135
1.139
1.143
1.147
1.151
1.155
1.159
1.163
1.167
1.17
1.174
1.178
1.182
1.186
1.19
1.193
1.197
1.201
1.205
1.208
1.212
1.216
1.22
1.223
1.227
1.231
1.234
1.238
1.242
1.245
1.249
1.252
1.256
1.259
1.263
1.266
1.27
1.273
1.277
1.28
1.284
1.287
1.291
1.294
0.8956382
0.8924631
0.9624635
0.95463
0.9291
0.9256
0.9221
0.924
0.928
0.933
0.937
0.941
0.946
0.95
0.954
0.959
0.963
0.967
0.971
0.976
0.98
0.984
0.989
0.993
0.997
1.001
1.006
1.01
1.014
1.018
1.022
1.027
1.031
1.035
1.039
1.043
1.048
1.052
1.056
1.06
1.064
1.068
1.072
1.076
1.08
1.084
1.088
1.092
1.096
1.1
1.104
1.108
1.112
1.116
1.12
1.124
1.128
1.132
1.135
1.139
1.143
1.147
1.151
1.154
1.158
1.162
1.166
1.169
1.173
1.177
1.18
1.184
1.188
1.191
1.195
1.199
1.202
1.206
1.209
1.213
1.216
1.22
1.224
1.227
1.231
1.234
1.237
1.241
1.244
1.248
1.251
1.254
1.258
1.261
1.265
1.268
1.271
1.275
1.278
1.281
0.8956382
0.8924631
0.9624635
0.95449
0.9293
0.9259
0.9226
0.9235
0.928
0.932
0.936
0.94
0.944
0.949
0.953
0.957
0.961
0.965
0.97
0.974
0.978
0.982
0.986
0.99
0.994
0.999
1.003
1.007
1.011
1.015
1.019
1.023
1.027
1.031
1.035
1.039
1.043
1.047
1.051
1.055
1.059
1.063
1.067
1.071
1.075
1.079
1.083
1.087
1.09
1.094
1.098
1.102
1.106
1.11
1.113
1.117
1.121
1.125
1.128
1.132
1.136
1.139
1.143
1.147
1.15
1.154
1.158
1.161
1.165
1.168
1.172
1.175
1.179
1.182
1.186
1.189
1.193
1.196
1.2
1.203
1.207
1.21
1.213
1.217
1.22
1.223
1.227
1.23
1.233
1.237
1.24
1.243
1.247
1.25
1.253
1.256
1.259
1.263
1.266
1.269
0.8956382
0.8924631
0.9624635
0.95436
0.9295
0.9262
0.923
0.923
0.927
0.931
0.935
0.939
0.943
0.947
0.952
0.956
0.96
0.964
0.968
0.972
0.976
0.98
0.984
0.988
0.992
0.996
1
1.004
1.008
1.012
1.016
1.02
1.024
1.028
1.032
1.035
1.039
1.043
1.047
1.051
1.055
1.059
1.062
1.066
1.07
1.074
1.077
1.081
1.085
1.089
1.092
1.096
1.1
1.103
1.107
1.111
1.114
1.118
1.122
1.125
1.129
1.132
1.136
1.139
1.143
1.146
1.15
1.153
1.157
1.16
1.164
1.167
1.17
1.174
1.177
1.181
1.184
1.187
1.191
1.194
1.197
1.2
1.204
1.207
1.21
1.213
1.217
1.22
1.223
1.226
1.229
1.233
1.236
1.239
1.242
1.245
1.248
1.251
1.254
1.257
0.8956382
0.8924631
0.9624635
0.95423
0.9297
0.9265
0.9234
0.9225
0.927
0.93
0.934
0.938
0.942
0.946
0.95
0.954
0.958
0.962
0.966
0.97
0.974
0.978
0.982
0.986
0.99
0.994
0.997
1.001
1.005
1.009
1.013
1.017
1.02
1.024
1.028
1.032
1.036
1.039
1.043
1.047
1.05
1.054
1.058
1.062
1.065
1.069
1.072
1.076
1.08
1.083
1.087
1.09
1.094
1.098
1.101
1.105
1.108
1.112
1.115
1.119
1.122
1.125
1.129
1.132
1.136
1.139
1.142
1.146
1.149
1.153
1.156
1.159
1.162
1.166
1.169
1.172
1.175
1.179
1.182
1.185
1.188
1.191
1.195
1.198
1.201
1.204
1.207
1.21
1.213
1.216
1.219
1.223
1.226
1.229
1.232
1.235
1.238
1.241
1.243
1.246
0.8956382
0.8924631
0.9624635
0.95411
0.9298
0.9268
0.9239
0.9221
0.926
0.93
0.934
0.938
0.941
0.945
0.949
0.953
0.957
0.961
0.965
0.968
0.972
0.976
0.98
0.984
0.987
0.991
0.995
0.999
1.002
1.006
1.01
1.014
1.017
1.021
1.025
1.028
1.032
1.036
1.039
1.043
1.046
1.05
1.054
1.057
1.061
1.064
1.068
1.071
1.075
1.078
1.082
1.085
1.089
1.092
1.095
1.099
1.102
1.106
1.109
1.112
1.116
1.119
1.122
1.126
1.129
1.132
1.136
1.139
1.142
1.145
1.148
1.152
1.155
1.158
1.161
1.164
1.167
1.171
1.174
1.177
1.18
1.183
1.186
1.189
1.192
1.195
1.198
1.201
1.204
1.207
1.21
1.213
1.216
1.219
1.222
1.225
1.227
1.23
1.233
1.236
0.8956382
0.8924631
0.9624635
0.95399
0.93
0.9271
0.9243
0.9217
0.925
0.929
0.933
0.937
0.941
0.944
0.948
0.952
0.956
0.959
0.963
0.967
0.97
0.974
0.978
0.982
0.985
0.989
0.993
0.996
1
1.003
1.007
1.011
1.014
1.018
1.021
1.025
1.029
1.032
1.036
1.039
1.043
1.046
1.05
1.053
1.056
1.06
1.063
1.067
1.07
1.073
1.077
1.08
1.083
1.087
1.09
1.093
1.097
1.1
1.103
1.107
1.11
1.113
1.116
1.119
1.123
1.126
1.129
1.132
1.135
1.138
1.141
1.145
1.148
1.151
1.154
1.157
1.16
1.163
1.166
1.169
1.172
1.175
1.178
1.181
1.184
1.187
1.189
1.192
1.195
1.198
1.201
1.204
1.207
1.209
1.212
1.215
1.218
1.221
1.223
1.226
0.8956382
0.8924631
0.9624635
0.95388
0.9302
0.9274
0.9246
0.9219
0.925
0.929
0.932
0.936
0.94
0.943
0.947
0.951
0.954
0.958
0.962
0.965
0.969
0.972
0.976
0.98
0.983
0.987
0.99
0.994
0.997
1.001
1.004
1.008
1.011
1.015
1.018
1.022
1.025
1.029
1.032
1.035
1.039
1.042
1.046
1.049
1.052
1.056
1.059
1.062
1.066
1.069
1.072
1.075
1.079
1.082
1.085
1.088
1.091
1.095
1.098
1.101
1.104
1.107
1.11
1.113
1.116
1.12
1.123
1.126
1.129
1.132
1.135
1.138
1.141
1.144
1.147
1.15
1.153
1.155
1.158
1.161
1.164
1.167
1.17
1.173
1.176
1.178
1.181
1.184
1.187
1.19
1.192
1.195
1.198
1.201
1.203
1.206
1.209
1.211
1.214
1.217
0.8956382
0.8924631
0.9624635
0.95377
0.9303
0.9276
0.925
0.9224
0.925
0.928
0.932
0.935
0.939
0.942
0.946
0.95
0.953
0.957
0.96
0.964
0.967
0.971
0.974
0.978
0.981
0.985
0.988
0.992
0.995
0.998
1.002
1.005
1.009
1.012
1.015
1.019
1.022
1.025
1.029
1.032
1.035
1.039
1.042
1.045
1.048
1.052
1.055
1.058
1.061
1.064
1.068
1.071
1.074
1.077
1.08
1.083
1.086
1.089
1.093
1.096
1.099
1.102
1.105
1.108
1.111
1.114
1.117
1.12
1.123
1.125
1.128
1.131
1.134
1.137
1.14
1.143
1.146
1.148
1.151
1.154
1.157
1.16
1.162
1.165
1.168
1.171
1.173
1.176
1.179
1.182
1.184
1.187
1.19
1.192
1.195
1.197
1.2
1.203
1.205
1.208
0.8956382
0.8924631
0.9624635
0.95366
0.9305
0.9279
0.9253
0.9228
0.924
0.928
0.931
0.935
0.938
0.942
0.945
0.949
0.952
0.955
0.959
0.962
0.966
0.969
0.973
0.976
0.979
0.983
0.986
0.989
0.993
0.996
0.999
1.003
1.006
1.009
1.013
1.016
1.019
1.022
1.026
1.029
1.032
1.035
1.038
1.042
1.045
1.048
1.051
1.054
1.057
1.06
1.063
1.066
1.07
1.073
1.076
1.079
1.082
1.085
1.088
1.091
1.093
1.096
1.099
1.102
1.105
1.108
1.111
1.114
1.117
1.12
1.122
1.125
1.128
1.131
1.134
1.136
1.139
1.142
1.145
1.147
1.15
1.153
1.155
1.158
1.161
1.163
1.166
1.169
1.171
1.174
1.176
1.179
1.182
1.184
1.187
1.189
1.192
1.194
1.197
1.199
0.8956382
0.8924631
0.9624635
0.95355
0.9306
0.9281
0.9257
0.9233
0.924
0.927
0.93
0.934
0.937
0.941
0.944
0.948
0.951
0.954
0.958
0.961
0.964
0.968
0.971
0.974
0.978
0.981
0.984
0.987
0.991
0.994
0.997
1
1.004
1.007
1.01
1.013
1.016
1.019
1.023
1.026
1.029
1.032
1.035
1.038
1.041
1.044
1.047
1.05
1.053
1.056
1.059
1.062
1.065
1.068
1.071
1.074
1.077
1.08
1.083
1.086
1.089
1.091
1.094
1.097
1.1
1.103
1.106
1.108
1.111
1.114
1.117
1.119
1.122
1.125
1.127
1.13
1.133
1.135
1.138
1.141
1.143
1.146
1.149
1.151
1.154
1.156
1.159
1.161
1.164
1.167
1.169
1.172
1.174
1.177
1.179
1.181
1.184
1.186
1.189
1.191
0.8956382
0.8924631
0.9624635
0.95345
0.9308
0.9284
0.926
0.9237
0.923
0.927
0.93
0.933
0.937
0.94
0.943
0.947
0.95
0.953
0.956
0.96
0.963
0.966
0.969
0.973
0.976
0.979
0.982
0.985
0.989
0.992
0.995
0.998
1.001
1.004
1.007
1.011
1.014
1.017
1.02
1.023
1.026
1.029
1.032
1.035
1.038
1.041
1.044
1.047
1.05
1.053
1.055
1.058
1.061
1.064
1.067
1.07
1.073
1.075
1.078
1.081
1.084
1.087
1.089
1.092
1.095
1.098
1.1
1.103
1.106
1.108
1.111
1.114
1.116
1.119
1.122
1.124
1.127
1.129
1.132
1.135
1.137
1.14
1.142
1.145
1.147
1.15
1.152
1.155
1.157
1.16
1.162
1.164
1.167
1.169
1.172
1.174
1.176
1.179
1.181
1.183
0.8956382
0.8924631
0.9624635
0.95336
0.9309
0.9286
0.9263
0.9241
0.923
0.926
0.929
0.933
0.936
0.939
0.942
0.946
0.949
0.952
0.955
0.958
0.962
0.965
0.968
0.971
0.974
0.977
0.981
0.984
0.987
0.99
0.993
0.996
0.999
1.002
1.005
1.008
1.011
1.014
1.017
1.02
1.023
1.026
1.029
1.032
1.035
1.037
1.04
1.043
1.046
1.049
1.052
1.055
1.057
1.06
1.063
1.066
1.068
1.071
1.074
1.077
1.079
1.082
1.085
1.087
1.09
1.093
1.095
1.098
1.101
1.103
1.106
1.108
1.111
1.113
1.116
1.119
1.121
1.124
1.126
1.129
1.131
1.134
1.136
1.138
1.141
1.143
1.146
1.148
1.15
1.153
1.155
1.158
1.16
1.162
1.165
1.167
1.169
1.172
1.174
1.176
0.8956382
0.8924631
0.9624635
0.95326
0.931
0.9288
0.9266
0.9244
0.922
0.926
0.929
0.932
0.935
0.938
0.942
0.945
0.948
0.951
0.954
0.957
0.96
0.963
0.967
0.97
0.973
0.976
0.979
0.982
0.985
0.988
0.991
0.994
0.997
1
1.003
1.006
1.009
1.011
1.014
1.017
1.02
1.023
1.026
1.029
1.031
1.034
1.037
1.04
1.043
1.045
1.048
1.051
1.054
1.056
1.059
1.062
1.064
1.067
1.07
1.072
1.075
1.078
1.08
1.083
1.085
1.088
1.091
1.093
1.096
1.098
1.101
1.103
1.106
1.108
1.111
1.113
1.116
1.118
1.12
1.123
1.125
1.128
1.13
1.132
1.135
1.137
1.139
1.142
1.144
1.146
1.149
1.151
1.153
1.156
1.158
1.16
1.162
1.165
1.167
1.169
0.8956382
0.8924631
0.9624636
0.95317
0.9312
0.929
0.9269
0.9248
0.923
0.925
0.928
0.931
0.935
0.938
0.941
0.944
0.947
0.95
0.953
0.956
0.959
0.962
0.965
0.968
0.971
0.974
0.977
0.98
0.983
0.986
0.989
0.992
0.995
0.998
1
1.003
1.006
1.009
1.012
1.015
1.017
1.02
1.023
1.026
1.029
1.031
1.034
1.037
1.039
1.042
1.045
1.047
1.05
1.053
1.055
1.058
1.061
1.063
1.066
1.068
1.071
1.073
1.076
1.079
1.081
1.084
1.086
1.089
1.091
1.093
1.096
1.098
1.101
1.103
1.106
1.108
1.11
1.113
1.115
1.117
1.12
1.122
1.124
1.127
1.129
1.131
1.134
1.136
1.138
1.14
1.143
1.145
1.147
1.149
1.151
1.154
1.156
1.158
1.16
1.162
0.8956382
0.8924631
0.9624636
0.95308
0.9313
0.9292
0.9272
0.9251
0.923
0.925
0.928
0.931
0.934
0.937
0.94
0.943
0.946
0.949
0.952
0.955
0.958
0.961
0.964
0.967
0.97
0.973
0.976
0.978
0.981
0.984
0.987
0.99
0.993
0.996
0.998
1.001
1.004
1.007
1.009
1.012
1.015
1.018
1.02
1.023
1.026
1.028
1.031
1.034
1.036
1.039
1.042
1.044
1.047
1.049
1.052
1.054
1.057
1.059
1.062
1.064
1.067
1.069
1.072
1.074
1.077
1.079
1.082
1.084
1.086
1.089
1.091
1.094
1.096
1.098
1.101
1.103
1.105
1.108
1.11
1.112
1.114
1.117
1.119
1.121
1.123
1.126
1.128
1.13
1.132
1.134
1.137
1.139
1.141
1.143
1.145
1.147
1.149
1.152
1.154
1.156
0.8956382
0.8924631
0.9624636
0.95299
0.9314
0.9294
0.9274
0.9255
0.924
0.924
0.927
0.93
0.933
0.936
0.939
0.942
0.945
0.948
0.951
0.954
0.957
0.96
0.963
0.966
0.968
0.971
0.974
0.977
0.98
0.982
0.985
0.988
0.991
0.994
0.996
0.999
1.002
1.004
1.007
1.01
1.012
1.015
1.018
1.02
1.023
1.026
1.028
1.031
1.033
1.036
1.038
1.041
1.043
1.046
1.048
1.051
1.053
1.056
1.058
1.061
1.063
1.066
1.068
1.07
1.073
1.075
1.077
1.08
1.082
1.085
1.087
1.089
1.091
1.094
1.096
1.098
1.101
1.103
1.105
1.107
1.109
1.112
1.114
1.116
1.118
1.12
1.122
1.125
1.127
1.129
1.131
1.133
1.135
1.137
1.139
1.141
1.143
1.145
1.148
1.15
0.8956382
0.8924631
0.9624636
0.95291
0.9315
0.9296
0.9277
0.9258
0.924
0.924
0.927
0.93
0.933
0.936
0.939
0.942
0.944
0.947
0.95
0.953
0.956
0.959
0.961
0.964
0.967
0.97
0.973
0.975
0.978
0.981
0.984
0.986
0.989
0.992
0.994
0.997
1
1.002
1.005
1.007
1.01
1.013
1.015
1.018
1.02
1.023
1.025
1.028
1.03
1.033
1.035
1.038
1.04
1.043
1.045
1.048
1.05
1.052
1.055
1.057
1.06
1.062
1.064
1.067
1.069
1.071
1.073
1.076
1.078
1.08
1.083
1.085
1.087
1.089
1.091
1.094
1.096
1.098
1.1
1.102
1.105
1.107
1.109
1.111
1.113
1.115
1.117
1.119
1.121
1.123
1.126
1.128
1.13
1.132
1.134
1.136
1.138
1.14
1.142
1.144
0.8956382
0.8924631
0.9624636
0.95283
0.9316
0.9297
0.9279
0.9261
0.924
0.924
0.927
0.929
0.932
0.935
0.938
0.941
0.944
0.946
0.949
0.952
0.955
0.958
0.96
0.963
0.966
0.968
0.971
0.974
0.977
0.979
0.982
0.985
0.987
0.99
0.992
0.995
0.998
1
1.003
1.005
1.008
1.01
1.013
1.015
1.018
1.02
1.023
1.025
1.028
1.03
1.032
1.035
1.037
1.04
1.042
1.044
1.047
1.049
1.051
1.054
1.056
1.058
1.061
1.063
1.065
1.067
1.07
1.072
1.074
1.076
1.078
1.081
1.083
1.085
1.087
1.089
1.091
1.094
1.096
1.098
1.1
1.102
1.104
1.106
1.108
1.11
1.112
1.114
1.116
1.118
1.12
1.122
1.124
1.126
1.128
1.13
1.132
1.134
1.136
1.138
0.8956382
0.8924631
0.9624636
0.95275
0.9317
0.9299
0.9282
0.9264
0.925
0.923
0.926
0.929
0.932
0.935
0.937
0.94
0.943
0.946
0.948
0.951
0.954
0.956
0.959
0.962
0.965
0.967
0.97
0.972
0.975
0.978
0.98
0.983
0.985
0.988
0.991
0.993
0.996
0.998
1.001
1.003
1.006
1.008
1.011
1.013
1.015
1.018
1.02
1.023
1.025
1.027
1.03
1.032
1.034
1.037
1.039
1.041
1.044
1.046
1.048
1.05
1.053
1.055
1.057
1.059
1.062
1.064
1.066
1.068
1.07
1.072
1.075
1.077
1.079
1.081
1.083
1.085
1.087
1.089
1.091
1.093
1.095
1.097
1.099
1.101
1.103
1.105
1.107
1.109
1.111
1.113
1.115
1.117
1.119
1.121
1.123
1.125
1.127
1.129
1.131
1.132
0.8956382
0.8924631
0.9624636
0.95267
0.9318
0.9301
0.9284
0.9267
0.925
0.923
0.926
0.928
0.931
0.934
0.937
0.939
0.942
0.945
0.948
0.95
0.953
0.955
0.958
0.961
0.963
0.966
0.969
0.971
0.974
0.976
0.979
0.981
0.984
0.986
0.989
0.991
0.994
0.996
0.999
1.001
1.003
1.006
1.008
1.011
1.013
1.015
1.018
1.02
1.022
1.025
1.027
1.029
1.032
1.034
1.036
1.038
1.041
1.043
1.045
1.047
1.049
1.052
1.054
1.056
1.058
1.06
1.062
1.064
1.067
1.069
1.071
1.073
1.075
1.077
1.079
1.081
1.083
1.085
1.087
1.089
1.091
1.093
1.095
1.097
1.099
1.101
1.103
1.105
1.107
1.109
1.11
1.112
1.114
1.116
1.118
1.12
1.122
1.123
1.125
1.127
0.8956382
0.8924631
0.9624636
0.95259
0.9319
0.9302
0.9286
0.927
0.925
0.924
0.925
0.928
0.931
0.933
0.936
0.939
0.941
0.944
0.947
0.949
0.952
0.954
0.957
0.96
0.962
0.965
0.967
0.97
0.972
0.975
0.977
0.98
0.982
0.985
0.987
0.99
0.992
0.994
0.997
0.999
1.001
1.004
1.006
1.008
1.011
1.013
1.015
1.018
1.02
1.022
1.024
1.027
1.029
1.031
1.033
1.036
1.038
1.04
1.042
1.044
1.046
1.048
1.051
1.053
1.055
1.057
1.059
1.061
1.063
1.065
1.067
1.069
1.071
1.073
1.075
1.077
1.079
1.081
1.083
1.085
1.087
1.089
1.091
1.093
1.095
1.096
1.098
1.1
1.102
1.104
1.106
1.108
1.109
1.111
1.113
1.115
1.117
1.118
1.12
1.122
0.8956382
0.8924631
0.9624636
0.95252
0.932
0.9304
0.9288
0.9273
0.926
0.924
0.925
0.928
0.93
0.933
0.936
0.938
0.941
0.943
0.946
0.948
0.951
0.954
0.956
0.959
0.961
0.964
0.966
0.969
0.971
0.973
0.976
0.978
0.981
0.983
0.985
0.988
0.99
0.993
0.995
0.997
1
1.002
1.004
1.006
1.009
1.011
1.013
1.015
1.018
1.02
1.022
1.024
1.026
1.029
1.031
1.033
1.035
1.037
1.039
1.041
1.043
1.045
1.047
1.05
1.052
1.054
1.056
1.058
1.06
1.062
1.064
1.066
1.068
1.07
1.071
1.073
1.075
1.077
1.079
1.081
1.083
1.085
1.087
1.089
1.09
1.092
1.094
1.096
1.098
1.1
1.101
1.103
1.105
1.107
1.108
1.11
1.112
1.114
1.115
1.117
0.8956382
0.8924631
0.9624636
0.95245
0.9321
0.9305
0.929
0.9276
0.926
0.925
0.925
0.927
0.93
0.932
0.935
0.938
0.94
0.943
0.945
0.948
0.95
0.953
0.955
0.958
0.96
0.962
0.965
0.967
0.97
0.972
0.974
0.977
0.979
0.982
0.984
0.986
0.989
0.991
0.993
0.995
0.998
1
1.002
1.004
1.007
1.009
1.011
1.013
1.015
1.017
1.02
1.022
1.024
1.026
1.028
1.03
1.032
1.034
1.036
1.038
1.04
1.042
1.045
1.047
1.049
1.051
1.052
1.054
1.056
1.058
1.06
1.062
1.064
1.066
1.068
1.07
1.072
1.074
1.075
1.077
1.079
1.081
1.083
1.085
1.086
1.088
1.09
1.092
1.094
1.095
1.097
1.099
1.101
1.102
1.104
1.106
1.107
1.109
1.111
1.112
0.8956382
0.8924631
0.9624636
0.95238
0.9322
0.9307
0.9292
0.9278
0.926
0.925
0.924
0.927
0.929
0.932
0.934
0.937
0.939
0.942
0.944
0.947
0.949
0.952
0.954
0.957
0.959
0.961
0.964
0.966
0.968
0.971
0.973
0.975
0.978
0.98
0.982
0.985
0.987
0.989
0.991
0.994
0.996
0.998
1
1.002
1.005
1.007
1.009
1.011
1.013
1.015
1.017
1.019
1.021
1.024
1.026
1.028
1.03
1.032
1.034
1.036
1.038
1.04
1.042
1.044
1.046
1.047
1.049
1.051
1.053
1.055
1.057
1.059
1.061
1.063
1.065
1.066
1.068
1.07
1.072
1.074
1.075
1.077
1.079
1.081
1.083
1.084
1.086
1.088
1.089
1.091
1.093
1.095
1.096
1.098
1.1
1.101
1.103
1.105
1.106
1.108
0.8956382
0.8924631
0.9624636
0.95231
0.9322
0.9308
0.9294
0.9281
0.927
0.925
0.924
0.926
0.929
0.931
0.934
0.936
0.939
0.941
0.944
0.946
0.949
0.951
0.953
0.956
0.958
0.96
0.963
0.965
0.967
0.97
0.972
0.974
0.976
0.979
0.981
0.983
0.985
0.988
0.99
0.992
0.994
0.996
0.998
1
1.003
1.005
1.007
1.009
1.011
1.013
1.015
1.017
1.019
1.021
1.023
1.025
1.027
1.029
1.031
1.033
1.035
1.037
1.039
1.041
1.043
1.045
1.046
1.048
1.05
1.052
1.054
1.056
1.058
1.059
1.061
1.063
1.065
1.067
1.068
1.07
1.072
1.074
1.075
1.077
1.079
1.081
1.082
1.084
1.086
1.087
1.089
1.091
1.092
1.094
1.096
1.097
1.099
1.1
1.102
1.104
0.8956382
0.8924631
0.9624636
0.95224
0.9323
0.931
0.9296
0.9283
0.927
0.926
0.924
0.926
0.929
0.931
0.933
0.936
0.938
0.941
0.943
0.945
0.948
0.95
0.952
0.955
0.957
0.959
0.962
0.964
0.966
0.968
0.971
0.973
0.975
0.977
0.979
0.982
0.984
0.986
0.988
0.99
0.992
0.994
0.997
0.999
1.001
1.003
1.005
1.007
1.009
1.011
1.013
1.015
1.017
1.019
1.021
1.023
1.025
1.027
1.029
1.03
1.032
1.034
1.036
1.038
1.04
1.042
1.044
1.045
1.047
1.049
1.051
1.053
1.054
1.056
1.058
1.06
1.062
1.063
1.065
1.067
1.068
1.07
1.072
1.074
1.075
1.077
1.079
1.08
1.082
1.083
1.085
1.087
1.088
1.09
1.092
1.093
1.095
1.096
1.098
1.099
0.8956382
0.8924631
0.9624636
0.95218
0.9324
0.9311
0.9298
0.9285
0.927
0.926
0.925
0.926
0.928
0.931
0.933
0.935
0.938
0.94
0.942
0.945
0.947
0.949
0.952
0.954
0.956
0.958
0.961
0.963
0.965
0.967
0.969
0.972
0.974
0.976
0.978
0.98
0.982
0.984
0.987
0.989
0.991
0.993
0.995
0.997
0.999
1.001
1.003
1.005
1.007
1.009
1.011
1.013
1.015
1.017
1.019
1.02
1.022
1.024
1.026
1.028
1.03
1.032
1.034
1.035
1.037
1.039
1.041
1.043
1.044
1.046
1.048
1.05
1.051
1.053
1.055
1.057
1.058
1.06
1.062
1.063
1.065
1.067
1.068
1.07
1.072
1.073
1.075
1.077
1.078
1.08
1.081
1.083
1.085
1.086
1.088
1.089
1.091
1.092
1.094
1.095
0.8956382
0.8924631
0.9624636
0.95211
0.9325
0.9312
0.93
0.9288
0.928
0.926
0.925
0.925
0.928
0.93
0.932
0.935
0.937
0.939
0.942
0.944
0.946
0.948
0.951
0.953
0.955
0.957
0.96
0.962
0.964
0.966
0.968
0.97
0.973
0.975
0.977
0.979
0.981
0.983
0.985
0.987
0.989
0.991
0.993
0.995
0.997
0.999
1.001
1.003
1.005
1.007
1.009
1.011
1.013
1.015
1.016
1.018
1.02
1.022
1.024
1.026
1.027
1.029
1.031
1.033
1.035
1.036
1.038
1.04
1.042
1.043
1.045
1.047
1.049
1.05
1.052
1.054
1.055
1.057
1.059
1.06
1.062
1.064
1.065
1.067
1.068
1.07
1.072
1.073
1.075
1.076
1.078
1.079
1.081
1.082
1.084
1.085
1.087
1.088
1.09
1.091
0.8956382
0.8924631
0.9624636
0.95205
0.9326
0.9314
0.9302
0.929
0.928
0.927
0.926
0.925
0.927
0.93
0.932
0.934
0.937
0.939
0.941
0.943
0.946
0.948
0.95
0.952
0.954
0.956
0.959
0.961
0.963
0.965
0.967
0.969
0.971
0.973
0.975
0.978
0.98
0.982
0.984
0.986
0.988
0.99
0.992
0.993
0.995
0.997
0.999
1.001
1.003
1.005
1.007
1.009
1.011
1.012
1.014
1.016
1.018
1.02
1.022
1.023
1.025
1.027
1.029
1.03
1.032
1.034
1.036
1.037
1.039
1.041
1.042
1.044
1.046
1.047
1.049
1.051
1.052
1.054
1.056
1.057
1.059
1.06
1.062
1.064
1.065
1.067
1.068
1.07
1.071
1.073
1.074
1.076
1.077
1.079
1.08
1.082
1.083
1.085
1.086
1.088
0.8956382
0.8924631
0.9624636
0.95199
0.9326
0.9315
0.9303
0.9292
0.928
0.927
0.926
0.925
0.927
0.929
0.932
0.934
0.936
0.938
0.94
0.943
0.945
0.947
0.949
0.951
0.953
0.956
0.958
0.96
0.962
0.964
0.966
0.968
0.97
0.972
0.974
0.976
0.978
0.98
0.982
0.984
0.986
0.988
0.99
0.992
0.994
0.996
0.998
0.999
1.001
1.003
1.005
1.007
1.009
1.01
1.012
1.014
1.016
1.018
1.019
1.021
1.023
1.025
1.026
1.028
1.03
1.031
1.033
1.035
1.036
1.038
1.04
1.041
1.043
1.045
1.046
1.048
1.049
1.051
1.053
1.054
1.056
1.057
1.059
1.06
1.062
1.063
1.065
1.066
1.068
1.069
1.071
1.072
1.074
1.075
1.077
1.078
1.08
1.081
1.083
1.084
0.8956382
0.8924632
0.9624636
0.95193
0.9327
0.9316
0.9305
0.9294
0.928
0.927
0.926
0.925
0.927
0.929
0.931
0.933
0.935
0.938
0.94
0.942
0.944
0.946
0.948
0.951
0.953
0.955
0.957
0.959
0.961
0.963
0.965
0.967
0.969
0.971
0.973
0.975
0.977
0.979
0.981
0.983
0.985
0.987
0.988
0.99
0.992
0.994
0.996
0.998
1
1.001
1.003
1.005
1.007
1.009
1.01
1.012
1.014
1.016
1.017
1.019
1.021
1.022
1.024
1.026
1.027
1.029
1.031
1.032
1.034
1.036
1.037
1.039
1.04
1.042
1.044
1.045
1.047
1.048
1.05
1.051
1.053
1.054
1.056
1.057
1.059
1.06
1.062
1.063
1.065
1.066
1.068
1.069
1.071
1.072
1.073
1.075
1.076
1.078
1.079
1.08
0.8956382
0.8924632
0.9624636
0.95187
0.9328
0.9317
0.9307
0.9296
0.929
0.928
0.927
0.926
0.926
0.928
0.931
0.933
0.935
0.937
0.939
0.941
0.944
0.946
0.948
0.95
0.952
0.954
0.956
0.958
0.96
0.962
0.964
0.966
0.968
0.97
0.972
0.974
0.976
0.978
0.979
0.981
0.983
0.985
0.987
0.989
0.991
0.992
0.994
0.996
0.998
1
1.001
1.003
1.005
1.007
1.008
1.01
1.012
1.014
1.015
1.017
1.019
1.02
1.022
1.024
1.025
1.027
1.028
1.03
1.032
1.033
1.035
1.036
1.038
1.039
1.041
1.043
1.044
1.046
1.047
1.049
1.05
1.052
1.053
1.055
1.056
1.057
1.059
1.06
1.062
1.063
1.065
1.066
1.067
1.069
1.07
1.072
1.073
1.074
1.076
1.077
0.8956382
0.8924632
0.9624636
0.95182
0.9328
0.9318
0.9308
0.9298
0.929
0.928
0.927
0.926
0.926
0.928
0.93
0.932
0.935
0.937
0.939
0.941
0.943
0.945
0.947
0.949
0.951
0.953
0.955
0.957
0.959
0.961
0.963
0.965
0.967
0.969
0.971
0.973
0.974
0.976
0.978
0.98
0.982
0.984
0.986
0.987
0.989
0.991
0.993
0.994
0.996
0.998
1
1.001
1.003
1.005
1.007
1.008
1.01
1.012
1.013
1.015
1.017
1.018
1.02
1.021
1.023
1.025
1.026
1.028
1.029
1.031
1.032
1.034
1.035
1.037
1.038
1.04
1.041
1.043
1.044
1.046
1.047
1.049
1.05
1.052
1.053
1.055
1.056
1.057
1.059
1.06
1.062
1.063
1.064
1.066
1.067
1.068
1.07
1.071
1.072
1.074
0.8956382
0.8924632
0.9624636
0.95176
0.9329
0.9319
0.931
0.93
0.929
0.928
0.927
0.926
0.926
0.928
0.93
0.932
0.934
0.936
0.938
0.94
0.942
0.944
0.946
0.948
0.95
0.952
0.954
0.956
0.958
0.96
0.962
0.964
0.966
0.968
0.97
0.971
0.973
0.975
0.977
0.979
0.981
0.982
0.984
0.986
0.988
0.989
0.991
0.993
0.995
0.996
0.998
1
1.001
1.003
1.005
1.006
1.008
1.01
1.011
1.013
1.015
1.016
1.018
1.019
1.021
1.022
1.024
1.025
1.027
1.029
1.03
1.032
1.033
1.035
1.036
1.037
1.039
1.04
1.042
1.043
1.045
1.046
1.048
1.049
1.05
1.052
1.053
1.055
1.056
1.057
1.059
1.06
1.061
1.063
1.064
1.065
1.067
1.068
1.069
1.07
0.8956382
0.8924632
0.9624636
0.95171
0.933
0.932
0.9311
0.9302
0.929
0.928
0.928
0.927
0.926
0.927
0.929
0.932
0.934
0.936
0.938
0.94
0.942
0.944
0.946
0.948
0.95
0.952
0.953
0.955
0.957
0.959
0.961
0.963
0.965
0.967
0.969
0.97
0.972
0.974
0.976
0.978
0.979
0.981
0.983
0.985
0.986
0.988
0.99
0.991
0.993
0.995
0.996
0.998
1
1.001
1.003
1.005
1.006
1.008
1.009
1.011
1.013
1.014
1.016
1.017
1.019
1.02
1.022
1.023
1.025
1.026
1.028
1.029
1.031
1.032
1.034
1.035
1.037
1.038
1.039
1.041
1.042
1.044
1.045
1.046
1.048
1.049
1.05
1.052
1.053
1.054
1.056
1.057
1.058
1.06
1.061
1.062
1.064
1.065
1.066
1.067
0.8956382
0.8924632
0.9624636
0.95166
0.933
0.9321
0.9313
0.9304
0.93
0.929
0.928
0.927
0.926
0.927
0.929
0.931
0.933
0.935
0.937
0.939
0.941
0.943
0.945
0.947
0.949
0.951
0.953
0.955
0.956
0.958
0.96
0.962
0.964
0.966
0.967
0.969
0.971
0.973
0.975
0.976
0.978
0.98
0.982
0.983
0.985
0.987
0.988
0.99
0.992
0.993
0.995
0.997
0.998
1
1.001
1.003
1.005
1.006
1.008
1.009
1.011
1.012
1.014
1.015
1.017
1.018
1.02
1.021
1.023
1.024
1.026
1.027
1.029
1.03
1.031
1.033
1.034
1.036
1.037
1.038
1.04
1.041
1.042
1.044
1.045
1.046
1.048
1.049
1.05
1.052
1.053
1.054
1.056
1.057
1.058
1.059
1.061
1.062
1.063
1.064
0.8956382
0.8924632
0.9624636
0.9516
0.9331
0.9322
0.9314
0.9306
0.93
0.929
0.928
0.927
0.927
0.927
0.929
0.931
0.933
0.935
0.937
0.939
0.941
0.942
0.944
0.946
0.948
0.95
0.952
0.954
0.956
0.957
0.959
0.961
0.963
0.965
0.966
0.968
0.97
0.972
0.973
0.975
0.977
0.979
0.98
0.982
0.984
0.985
0.987
0.989
0.99
0.992
0.993
0.995
0.997
0.998
1
1.001
1.003
1.004
1.006
1.007
1.009
1.01
1.012
1.013
1.015
1.016
1.018
1.019
1.021
1.022
1.024
1.025
1.026
1.028
1.029
1.031
1.032
1.033
1.035
1.036
1.037
1.039
1.04
1.041
1.043
1.044
1.045
1.047
1.048
1.049
1.05
1.052
1.053
1.054
1.055
1.057
1.058
1.059
1.06
1.061
0.8956382
0.8924632
0.9624636
0.95155
0.9331
0.9323
0.9315
0.9307
0.93
0.929
0.928
0.928
0.927
0.926
0.928
0.93
0.932
0.934
0.936
0.938
0.94
0.942
0.944
0.946
0.948
0.949
0.951
0.953
0.955
0.957
0.958
0.96
0.962
0.964
0.965
0.967
0.969
0.971
0.972
0.974
0.976
0.977
0.979
0.981
0.982
0.984
0.986
0.987
0.989
0.99
0.992
0.993
0.995
0.997
0.998
1
1.001
1.003
1.004
1.006
1.007
1.009
1.01
1.012
1.013
1.014
1.016
1.017
1.019
1.02
1.021
1.023
1.024
1.026
1.027
1.028
1.03
1.031
1.032
1.034
1.035
1.036
1.038
1.039
1.04
1.041
1.043
1.044
1.045
1.046
1.048
1.049
1.05
1.051
1.053
1.054
1.055
1.056
1.057
1.059
0.8956382
0.8924632
0.9624636
0.9515
0.9332
0.9324
0.9317
0.9309
0.93
0.929
0.929
0.928
0.927
0.927
0.928
0.93
0.932
0.934
0.936
0.938
0.939
0.941
0.943
0.945
0.947
0.949
0.951
0.952
0.954
0.956
0.958
0.959
0.961
0.963
0.965
0.966
0.968
0.97
0.971
0.973
0.975
0.976
0.978
0.979
0.981
0.983
0.984
0.986
0.987
0.989
0.99
0.992
0.994
0.995
0.997
0.998
1
1.001
1.003
1.004
1.005
1.007
1.008
1.01
1.011
1.013
1.014
1.015
1.017
1.018
1.019
1.021
1.022
1.024
1.025
1.026
1.028
1.029
1.03
1.031
1.033
1.034
1.035
1.037
1.038
1.039
1.04
1.042
1.043
1.044
1.045
1.046
1.048
1.049
1.05
1.051
1.052
1.054
1.055
1.056
0.8956382
0.8924632
0.9624636
0.95145
0.9333
0.9325
0.9318
0.9311
0.93
0.93
0.929
0.928
0.928
0.927
0.928
0.93
0.931
0.933
0.935
0.937
0.939
0.941
0.943
0.944
0.946
0.948
0.95
0.952
0.953
0.955
0.957
0.959
0.96
0.962
0.964
0.965
0.967
0.969
0.97
0.972
0.973
0.975
0.977
0.978
0.98
0.981
0.983
0.985
0.986
0.988
0.989
0.991
0.992
0.994
0.995
0.997
0.998
0.999
1.001
1.002
1.004
1.005
1.007
1.008
1.009
1.011
1.012
1.013
1.015
1.016
1.018
1.019
1.02
1.022
1.023
1.024
1.025
1.027
1.028
1.029
1.031
1.032
1.033
1.034
1.036
1.037
1.038
1.039
1.04
1.042
1.043
1.044
1.045
1.046
1.047
1.049
1.05
1.051
1.052
1.053
0.8956382
0.8924632
0.9624636
0.95141
0.9333
0.9326
0.9319
0.9312
0.931
0.93
0.929
0.929
0.928
0.927
0.927
0.929
0.931
0.933
0.935
0.937
0.938
0.94
0.942
0.944
0.946
0.947
0.949
0.951
0.953
0.954
0.956
0.958
0.959
0.961
0.963
0.964
0.966
0.968
0.969
0.971
0.972
0.974
0.976
0.977
0.979
0.98
0.982
0.983
0.985
0.986
0.988
0.989
0.991
0.992
0.994
0.995
0.996
0.998
0.999
1.001
1.002
1.004
1.005
1.006
1.008
1.009
1.01
1.012
1.013
1.014
1.016
1.017
1.018
1.02
1.021
1.022
1.023
1.025
1.026
1.027
1.028
1.03
1.031
1.032
1.033
1.034
1.036
1.037
1.038
1.039
1.04
1.042
1.043
1.044
1.045
1.046
1.047
1.048
1.05
1.051
0.8956382
0.8924632
0.9624636
0.95136
0.9334
0.9327
0.932
0.9314
0.931
0.93
0.929
0.929
0.928
0.928
0.927
0.929
0.931
0.933
0.934
0.936
0.938
0.94
0.942
0.943
0.945
0.947
0.948
0.95
0.952
0.954
0.955
0.957
0.959
0.96
0.962
0.963
0.965
0.967
0.968
0.97
0.971
0.973
0.974
0.976
0.978
0.979
0.981
0.982
0.984
0.985
0.986
0.988
0.989
0.991
0.992
0.994
0.995
0.996
0.998
0.999
1.001
1.002
1.003
1.005
1.006
1.007
1.009
1.01
1.011
1.013
1.014
1.015
1.016
1.018
1.019
1.02
1.021
1.023
1.024
1.025
1.026
1.028
1.029
1.03
1.031
1.032
1.033
1.035
1.036
1.037
1.038
1.039
1.04
1.041
1.043
1.044
1.045
1.046
1.047
1.048
0.8956382
0.8924632
0.9624636
0.95131
0.9334
0.9328
0.9322
0.9315
0.931
0.93
0.93
0.929
0.929
0.928
0.927
0.929
0.93
0.932
0.934
0.936
0.937
0.939
0.941
0.943
0.944
0.946
0.948
0.95
0.951
0.953
0.954
0.956
0.958
0.959
0.961
0.963
0.964
0.966
0.967
0.969
0.97
0.972
0.973
0.975
0.976
0.978
0.979
0.981
0.982
0.984
0.985
0.987
0.988
0.989
0.991
0.992
0.994
0.995
0.996
0.998
0.999
1
1.002
1.003
1.004
1.006
1.007
1.008
1.01
1.011
1.012
1.013
1.015
1.016
1.017
1.018
1.019
1.021
1.022
1.023
1.024
1.025
1.027
1.028
1.029
1.03
1.031
1.032
1.034
1.035
1.036
1.037
1.038
1.039
1.04
1.041
1.042
1.044
1.045
1.046
0.8956382
0.8924632
0.9624636
0.95127
0.9335
0.9329
0.9323
0.9317
0.931
0.931
0.93
0.929
0.929
0.928
0.928
0.928
0.93
0.932
0.934
0.935
0.937
0.939
0.94
0.942
0.944
0.946
0.947
0.949
0.951
0.952
0.954
0.955
0.957
0.959
0.96
0.962
0.963
0.965
0.966
0.968
0.969
0.971
0.972
0.974
0.975
0.977
0.978
0.98
0.981
0.983
0.984
0.985
0.987
0.988
0.989
0.991
0.992
0.994
0.995
0.996
0.998
0.999
1
1.001
1.003
1.004
1.005
1.007
1.008
1.009
1.01
1.012
1.013
1.014
1.015
1.016
1.018
1.019
1.02
1.021
1.022
1.024
1.025
1.026
1.027
1.028
1.029
1.03
1.031
1.033
1.034
1.035
1.036
1.037
1.038
1.039
1.04
1.041
1.042
1.043
0.8956382
0.8924632
0.9624636
0.95123
0.9335
0.9329
0.9324
0.9318
0.931
0.931
0.93
0.93
0.929
0.929
0.928
0.928
0.93
0.931
0.933
0.935
0.937
0.938
0.94
0.942
0.943
0.945
0.947
0.948
0.95
0.951
0.953
0.955
0.956
0.958
0.959
0.961
0.962
0.964
0.965
0.967
0.968
0.97
0.971
0.973
0.974
0.976
0.977
0.979
0.98
0.981
0.983
0.984
0.985
0.987
0.988
0.99
0.991
0.992
0.993
0.995
0.996
0.997
0.999
1
1.001
1.002
1.004
1.005
1.006
1.007
1.009
1.01
1.011
1.012
1.013
1.015
1.016
1.017
1.018
1.019
1.02
1.022
1.023
1.024
1.025
1.026
1.027
1.028
1.029
1.03
1.032
1.033
1.034
1.035
1.036
1.037
1.038
1.039
1.04
1.041
0.8956382
0.8924632
0.9624636
0.95118
0.9336
0.933
0.9325
0.932
0.931
0.931
0.93
0.93
0.929
0.929
0.928
0.928
0.929
0.931
0.933
0.934
0.936
0.938
0.939
0.941
0.943
0.944
0.946
0.948
0.949
0.951
0.952
0.954
0.955
0.957
0.959
0.96
0.962
0.963
0.965
0.966
0.967
0.969
0.97
0.972
0.973
0.975
0.976
0.977
0.979
0.98
0.982
0.983
0.984
0.986
0.987
0.988
0.99
0.991
0.992
0.993
0.995
0.996
0.997
0.998
1
1.001
1.002
1.003
1.005
1.006
1.007
1.008
1.009
1.011
1.012
1.013
1.014
1.015
1.016
1.017
1.019
1.02
1.021
1.022
1.023
1.024
1.025
1.026
1.027
1.028
1.029
1.031
1.032
1.033
1.034
1.035
1.036
1.037
1.038
1.039
0.8956382
0.8924632
0.9624636
0.95114
0.9336
0.9331
0.9326
0.9321
0.932
0.931
0.931
0.93
0.93
0.929
0.929
0.928
0.929
0.931
0.932
0.934
0.936
0.937
0.939
0.941
0.942
0.944
0.945
0.947
0.949
0.95
0.952
0.953
0.955
0.956
0.958
0.959
0.961
0.962
0.964
0.965
0.967
0.968
0.969
0.971
0.972
0.974
0.975
0.976
0.978
0.979
0.98
0.982
0.983
0.984
0.986
0.987
0.988
0.99
0.991
0.992
0.993
0.995
0.996
0.997
0.998
0.999
1.001
1.002
1.003
1.004
1.005
1.007
1.008
1.009
1.01
1.011
1.012
1.013
1.015
1.016
1.017
1.018
1.019
1.02
1.021
1.022
1.023
1.024
1.025
1.026
1.027
1.028
1.03
1.031
1.032
1.033
1.034
1.035
1.036
1.037
0.8956382
0.8924632
0.9624636
0.9511
0.9337
0.9332
0.9327
0.9323
0.932
0.931
0.931
0.93
0.93
0.93
0.929
0.929
0.929
0.93
0.932
0.934
0.935
0.937
0.939
0.94
0.942
0.943
0.945
0.946
0.948
0.95
0.951
0.953
0.954
0.956
0.957
0.958
0.96
0.961
0.963
0.964
0.966
0.967
0.968
0.97
0.971
0.973
0.974
0.975
0.977
0.978
0.979
0.981
0.982
0.983
0.984
0.986
0.987
0.988
0.989
0.991
0.992
0.993
0.994
0.996
0.997
0.998
0.999
1
1.002
1.003
1.004
1.005
1.006
1.007
1.008
1.01
1.011
1.012
1.013
1.014
1.015
1.016
1.017
1.018
1.019
1.02
1.021
1.022
1.023
1.024
1.025
1.027
1.028
1.029
1.03
1.031
1.031
1.032
1.033
1.034
0.8956382
0.8924632
0.9624636
0.95106
0.9337
0.9333
0.9328
0.9324
0.932
0.932
0.931
0.931
0.93
0.93
0.929
0.929
0.929
0.93
0.932
0.933
0.935
0.936
0.938
0.94
0.941
0.943
0.944
0.946
0.947
0.949
0.95
0.952
0.953
0.955
0.956
0.958
0.959
0.961
0.962
0.963
0.965
0.966
0.968
0.969
0.97
0.972
0.973
0.974
0.976
0.977
0.978
0.979
0.981
0.982
0.983
0.985
0.986
0.987
0.988
0.989
0.991
0.992
0.993
0.994
0.995
0.997
0.998
0.999
1
1.001
1.002
1.003
1.005
1.006
1.007
1.008
1.009
1.01
1.011
1.012
1.013
1.014
1.015
1.016
1.017
1.019
1.02
1.021
1.022
1.023
1.024
1.025
1.026
1.027
1.028
1.028
1.029
1.03
1.031
1.032
0.8956382
0.8924632
0.9624636
0.95102
0.9337
0.9333
0.9329
0.9325
0.932
0.932
0.931
0.931
0.931
0.93
0.93
0.929
0.929
0.93
0.931
0.933
0.934
0.936
0.938
0.939
0.941
0.942
0.944
0.945
0.947
0.948
0.95
0.951
0.953
0.954
0.956
0.957
0.958
0.96
0.961
0.963
0.964
0.965
0.967
0.968
0.969
0.971
0.972
0.973
0.975
0.976
0.977
0.978
0.98
0.981
0.982
0.983
0.985
0.986
0.987
0.988
0.989
0.991
0.992
0.993
0.994
0.995
0.996
0.998
0.999
1
1.001
1.002
1.003
1.004
1.005
1.006
1.007
1.008
1.01
1.011
1.012
1.013
1.014
1.015
1.016
1.017
1.018
1.019
1.02
1.021
1.022
1.023
1.024
1.025
1.026
1.027
1.027
1.028
1.029
1.03
0.8956382
0.8924632
0.9624636
0.95098
0.9338
0.9334
0.933
0.9326
0.932
0.932
0.932
0.931
0.931
0.93
0.93
0.93
0.929
0.929
0.931
0.933
0.934
0.936
0.937
0.939
0.94
0.942
0.943
0.945
0.946
0.948
0.949
0.951
0.952
0.953
0.955
0.956
0.958
0.959
0.96
0.962
0.963
0.964
0.966
0.967
0.968
0.97
0.971
0.972
0.974
0.975
0.976
0.977
0.979
0.98
0.981
0.982
0.983
0.985
0.986
0.987
0.988
0.989
0.99
0.992
0.993
0.994
0.995
0.996
0.997
0.998
0.999
1.001
1.002
1.003
1.004
1.005
1.006
1.007
1.008
1.009
1.01
1.011
1.012
1.013
1.014
1.015
1.016
1.017
1.018
1.019
1.02
1.021
1.022
1.023
1.024
1.025
1.026
1.026
1.027
1.028
0.8956382
0.8924632
0.9624636
0.95094
0.9338
0.9335
0.9331
0.9328
0.932
0.932
0.932
0.931
0.931
0.931
0.93
0.93
0.93
0.929
0.931
0.932
0.934
0.935
0.937
0.938
0.94
0.941
0.943
0.944
0.946
0.947
0.949
0.95
0.951
0.953
0.954
0.956
0.957
0.958
0.96
0.961
0.962
0.964
0.965
0.966
0.968
0.969
0.97
0.971
0.973
0.974
0.975
0.976
0.977
0.979
0.98
0.981
0.982
0.983
0.985
0.986
0.987
0.988
0.989
0.99
0.991
0.993
0.994
0.995
0.996
0.997
0.998
0.999
1
1.001
1.002
1.003
1.004
1.005
1.006
1.007
1.008
1.009
1.01
1.011
1.012
1.013
1.014
1.015
1.016
1.017
1.018
1.019
1.02
1.021
1.022
1.023
1.024
1.025
1.026
1.026
0.8956382
0.8924632
0.9624636
0.9509
0.9339
0.9335
0.9332
0.9329
0.933
0.932
0.932
0.932
0.931
0.931
0.931
0.93
0.93
0.93
0.93
0.932
0.933
0.935
0.936
0.938
0.939
0.941
0.942
0.944
0.945
0.947
0.948
0.949
0.951
0.952
0.953
0.955
0.956
0.958
0.959
0.96
0.961
0.963
0.964
0.965
0.967
0.968
0.969
0.97
0.972
0.973
0.974
0.975
0.976
0.978
0.979
0.98
0.981
0.982
0.983
0.985
0.986
0.987
0.988
0.989
0.99
0.991
0.992
0.993
0.995
0.996
0.997
0.998
0.999
1
1.001
1.002
1.003
1.004
1.005
1.006
1.007
1.008
1.009
1.01
1.011
1.012
1.013
1.014
1.015
1.015
1.016
1.017
1.018
1.019
1.02
1.021
1.022
1.023
1.024
1.025
0.8956382
0.8924632
0.9624636
0.95086
0.9339
0.9336
0.9333
0.933
0.933
0.932
0.932
0.932
0.932
0.931
0.931
0.931
0.93
0.93
0.93
0.931
0.933
0.934
0.936
0.937
0.939
0.94
0.942
0.943
0.945
0.946
0.947
0.949
0.95
0.952
0.953
0.954
0.956
0.957
0.958
0.959
0.961
0.962
0.963
0.965
0.966
0.967
0.968
0.969
0.971
0.972
0.973
0.974
0.975
0.977
0.978
0.979
0.98
0.981
0.982
0.983
0.985
0.986
0.987
0.988
0.989
0.99
0.991
0.992
0.993
0.994
0.995
0.996
0.997
0.998
0.999
1
1.001
1.002
1.003
1.004
1.005
1.006
1.007
1.008
1.009
1.01
1.011
1.012
1.013
1.014
1.015
1.016
1.017
1.017
1.018
1.019
1.02
1.021
1.022
1.023
0.8956382
0.8924632
0.9624636
0.95083
0.9339
0.9337
0.9334
0.9331
0.933
0.933
0.932
0.932
0.932
0.932
0.931
0.931
0.931
0.931
0.93
0.931
0.933
0.934
0.936
0.937
0.938
0.94
0.941
0.943
0.944
0.945
0.947
0.948
0.95
0.951
0.952
0.954
0.955
0.956
0.957
0.959
0.96
0.961
0.962
0.964
0.965
0.966
0.967
0.969
0.97
0.971
0.972
0.973
0.974
0.976
0.977
0.978
0.979
0.98
0.981
0.982
0.983
0.985
0.986
0.987
0.988
0.989
0.99
0.991
0.992
0.993
0.994
0.995
0.996
0.997
0.998
0.999
1
1.001
1.002
1.003
1.004
1.005
1.006
1.007
1.008
1.009
1.009
1.01
1.011
1.012
1.013
1.014
1.015
1.016
1.017
1.018
1.018
1.019
1.02
1.021
0.8956382
0.8924632
0.9624636
0.95079
0.934
0.9337
0.9335
0.9332
0.933
0.933
0.933
0.932
0.932
0.932
0.932
0.931
0.931
0.931
0.931
0.931
0.932
0.934
0.935
0.937
0.938
0.939
0.941
0.942
0.944
0.945
0.946
0.948
0.949
0.95
0.952
0.953
0.954
0.955
0.957
0.958
0.959
0.96
0.962
0.963
0.964
0.965
0.967
0.968
0.969
0.97
0.971
0.972
0.974
0.975
0.976
0.977
0.978
0.979
0.98
0.981
0.982
0.983
0.985
0.986
0.987
0.988
0.989
0.99
0.991
0.992
0.993
0.994
0.995
0.996
0.997
0.998
0.999
1
1.001
1.001
1.002
1.003
1.004
1.005
1.006
1.007
1.008
1.009
1.01
1.011
1.012
1.012
1.013
1.014
1.015
1.016
1.017
1.018
1.018
1.019
0.8956382
0.8924632
0.9624636
0.95076
0.934
0.9338
0.9336
0.9333
0.933
0.933
0.933
0.932
0.932
0.932
0.932
0.932
0.931
0.931
0.931
0.931
0.932
0.933
0.935
0.936
0.938
0.939
0.94
0.942
0.943
0.944
0.946
0.947
0.948
0.95
0.951
0.952
0.954
0.955
0.956
0.957
0.959
0.96
0.961
0.962
0.963
0.965
0.966
0.967
0.968
0.969
0.97
0.971
0.973
0.974
0.975
0.976
0.977
0.978
0.979
0.98
0.981
0.982
0.983
0.984
0.985
0.986
0.988
0.989
0.99
0.991
0.992
0.992
0.993
0.994
0.995
0.996
0.997
0.998
0.999
1
1.001
1.002
1.003
1.004
1.005
1.006
1.006
1.007
1.008
1.009
1.01
1.011
1.012
1.013
1.013
1.014
1.015
1.016
1.017
1.017
0.8956382
0.8924632
0.9624636
0.95072
0.9341
0.9339
0.9337
0.9335
0.933
0.933
0.933
0.933
0.933
0.932
0.932
0.932
0.932
0.932
0.931
0.931
0.932
0.933
0.934
0.936
0.937
0.939
0.94
0.941
0.943
0.944
0.945
0.947
0.948
0.949
0.95
0.952
0.953
0.954
0.955
0.957
0.958
0.959
0.96
0.961
0.963
0.964
0.965
0.966
0.967
0.968
0.969
0.971
0.972
0.973
0.974
0.975
0.976
0.977
0.978
0.979
0.98
0.981
0.982
0.983
0.984
0.985
0.986
0.987
0.988
0.989
0.99
0.991
0.992
0.993
0.994
0.995
0.996
0.997
0.998
0.999
1
1.001
1.001
1.002
1.003
1.004
1.005
1.006
1.007
1.008
1.008
1.009
1.01
1.011
1.012
1.013
1.013
1.014
1.015
1.016
0.8956382
0.8924632
0.9624636
0.95069
0.9341
0.9339
0.9337
0.9336
0.933
0.933
0.933
0.933
0.933
0.933
0.932
0.932
0.932
0.932
0.932
0.932
0.931
0.933
0.934
0.935
0.937
0.938
0.939
0.941
0.942
0.943
0.945
0.946
0.947
0.949
0.95
0.951
0.952
0.954
0.955
0.956
0.957
0.958
0.959
0.961
0.962
0.963
0.964
0.965
0.966
0.967
0.969
0.97
0.971
0.972
0.973
0.974
0.975
0.976
0.977
0.978
0.979
0.98
0.981
0.982
0.983
0.984
0.985
0.986
0.987
0.988
0.989
0.99
0.991
0.992
0.993
0.994
0.995
0.996
0.997
0.997
0.998
0.999
1
1.001
1.002
1.003
1.004
1.004
1.005
1.006
1.007
1.008
1.009
1.009
1.01
1.011
1.012
1.013
1.013
1.014
0.8956382
0.8924632
0.9624636
0.95065
0.9341
0.934
0.9338
0.9337
0.934
0.933
0.933
0.933
0.933
0.933
0.933
0.933
0.932
0.932
0.932
0.932
0.932
0.932
0.934
0.935
0.936
0.938
0.939
0.94
0.942
0.943
0.944
0.945
0.947
0.948
0.949
0.95
0.952
0.953
0.954
0.955
0.956
0.958
0.959
0.96
0.961
0.962
0.963
0.964
0.966
0.967
0.968
0.969
0.97
0.971
0.972
0.973
0.974
0.975
0.976
0.977
0.978
0.979
0.98
0.981
0.982
0.983
0.984
0.985
0.986
0.987
0.988
0.989
0.99
0.991
0.992
0.993
0.993
0.994
0.995
0.996
0.997
0.998
0.999
1
1
1.001
1.002
1.003
1.004
1.005
1.005
1.006
1.007
1.008
1.009
1.01
1.01
1.011
1.012
1.013
0.8956382
0.8924632
0.9624636
0.95062
0.9342
0.934
0.9339
0.9338
0.934
0.934
0.933
0.933
0.933
0.933
0.933
0.933
0.933
0.933
0.932
0.932
0.932
0.932
0.933
0.935
0.936
0.937
0.939
0.94
0.941
0.942
0.944
0.945
0.946
0.947
0.949
0.95
0.951
0.952
0.953
0.955
0.956
0.957
0.958
0.959
0.96
0.961
0.963
0.964
0.965
0.966
0.967
0.968
0.969
0.97
0.971
0.972
0.973
0.974
0.975
0.976
0.977
0.978
0.979
0.98
0.981
0.982
0.983
0.984
0.985
0.986
0.987
0.988
0.989
0.99
0.99
0.991
0.992
0.993
0.994
0.995
0.996
0.997
0.997
0.998
0.999
1
1.001
1.002
1.002
1.003
1.004
1.005
1.006
1.006
1.007
1.008
1.009
1.01
1.01
1.011
0.8956382
0.8924632
0.9624636
0.95059
0.9342
0.9341
0.934
0.9339
0.934
0.934
0.934
0.933
0.933
0.933
0.933
0.933
0.933
0.933
0.933
0.933
0.933
0.933
0.933
0.934
0.936
0.937
0.938
0.939
0.941
0.942
0.943
0.944
0.946
0.947
0.948
0.949
0.951
0.952
0.953
0.954
0.955
0.956
0.957
0.959
0.96
0.961
0.962
0.963
0.964
0.965
0.966
0.967
0.968
0.969
0.97
0.971
0.972
0.973
0.974
0.975
0.976
0.977
0.978
0.979
0.98
0.981
0.982
0.983
0.984
0.985
0.986
0.987
0.988
0.988
0.989
0.99
0.991
0.992
0.993
0.994
0.994
0.995
0.996
0.997
0.998
0.999
0.999
1
1.001
1.002
1.003
1.003
1.004
1.005
1.006
1.007
1.007
1.008
1.009
1.01
0.8956382
0.8924632
0.9624636
0.95056
0.9342
0.9341
0.9341
0.934
0.934
0.934
0.934
0.934
0.934
0.933
0.933
0.933
0.933
0.933
0.933
0.933
0.933
0.933
0.933
0.934
0.935
0.937
0.938
0.939
0.94
0.942
0.943
0.944
0.945
0.946
0.948
0.949
0.95
0.951
0.952
0.953
0.955
0.956
0.957
0.958
0.959
0.96
0.961
0.962
0.963
0.964
0.965
0.966
0.967
0.968
0.969
0.97
0.971
0.972
0.973
0.974
0.975
0.976
0.977
0.978
0.979
0.98
0.981
0.982
0.983
0.984
0.985
0.986
0.986
0.987
0.988
0.989
0.99
0.991
0.992
0.992
0.993
0.994
0.995
0.996
0.997
0.997
0.998
0.999
1
1.001
1.001
1.002
1.003
1.004
1.004
1.005
1.006
1.007
1.007
1.008
0.8956382
0.8924632
0.9624636
0.95053
0.9343
0.9342
0.9341
0.9341
0.934
0.934
0.934
0.934
0.934
0.934
0.934
0.934
0.934
0.933
0.933
0.933
0.933
0.933
0.933
0.934
0.935
0.936
0.937
0.939
0.94
0.941
0.942
0.944
0.945
0.946
0.947
0.948
0.949
0.951
0.952
0.953
0.954
0.955
0.956
0.957
0.958
0.959
0.96
0.961
0.962
0.964
0.965
0.966
0.967
0.968
0.969
0.97
0.971
0.972
0.973
0.973
0.974
0.975
0.976
0.977
0.978
0.979
0.98
0.981
0.982
0.983
0.984
0.984
0.985
0.986
0.987
0.988
0.989
0.99
0.99
0.991
0.992
0.993
0.994
0.994
0.995
0.996
0.997
0.998
0.998
0.999
1
1.001
1.001
1.002
1.003
1.004
1.004
1.005
1.006
1.007
0.8956382
0.8924632
0.9624636
0.9505
0.9343
0.9342
0.9342
0.9342
0.934
0.934
0.934
0.934
0.934
0.934
0.934
0.934
0.934
0.934
0.934
0.934
0.934
0.934
0.934
0.934
0.935
0.936
0.937
0.938
0.939
0.941
0.942
0.943
0.944
0.945
0.947
0.948
0.949
0.95
0.951
0.952
0.953
0.954
0.955
0.957
0.958
0.959
0.96
0.961
0.962
0.963
0.964
0.965
0.966
0.967
0.968
0.969
0.97
0.971
0.972
0.973
0.974
0.974
0.975
0.976
0.977
0.978
0.979
0.98
0.981
0.982
0.983
0.983
0.984
0.985
0.986
0.987
0.988
0.988
0.989
0.99
0.991
0.992
0.992
0.993
0.994
0.995
0.996
0.996
0.997
0.998
0.999
0.999
1
1.001
1.002
1.002
1.003
1.004
1.005
1.005
0.8956382
0.8924632
0.9624636
0.95047
0.9343
0.9343
0.9343
0.9343
0.934
0.934
0.934
0.934
0.934
0.934
0.934
0.934
0.934
0.934
0.934
0.934
0.934
0.934
0.934
0.934
0.934
0.935
0.937
0.938
0.939
0.94
0.941
0.943
0.944
0.945
0.946
0.947
0.948
0.949
0.951
0.952
0.953
0.954
0.955
0.956
0.957
0.958
0.959
0.96
0.961
0.962
0.963
0.964
0.965
0.966
0.967
0.968
0.969
0.97
0.971
0.972
0.973
0.974
0.974
0.975
0.976
0.977
0.978
0.979
0.98
0.981
0.981
0.982
0.983
0.984
0.985
0.986
0.987
0.987
0.988
0.989
0.99
0.991
0.991
0.992
0.993
0.994
0.994
0.995
0.996
0.997
0.997
0.998
0.999
1
1
1.001
1.002
1.002
1.003
1.004
0.8956382
0.8924632
0.9624636
0.95044
0.9344
0.9344
0.9344
0.9344
0.934
0.934
0.934
0.934
0.934
0.934
0.934
0.934
0.934
0.934
0.934
0.934
0.934
0.934
0.934
0.934
0.934
0.935
0.936
0.937
0.939
0.94
0.941
0.942
0.943
0.944
0.946
0.947
0.948
0.949
0.95
0.951
0.952
0.953
0.954
0.955
0.956
0.957
0.958
0.959
0.96
0.961
0.962
0.963
0.964
0.965
0.966
0.967
0.968
0.969
0.97
0.971
0.972
0.973
0.974
0.974
0.975
0.976
0.977
0.978
0.979
0.98
0.981
0.981
0.982
0.983
0.984
0.985
0.985
0.986
0.987
0.988
0.989
0.989
0.99
0.991
0.992
0.992
0.993
0.994
0.995
0.995
0.996
0.997
0.998
0.998
0.999
1
1
1.001
1.002
1.003
0.8956382
0.8924632
0.9624636
0.95041
0.9344
0.9344
0.9344
0.9344
0.934
0.934
0.935
0.935
0.935
0.935
0.935
0.935
0.935
0.935
0.935
0.935
0.935
0.935
0.935
0.935
0.935
0.935
0.936
0.937
0.938
0.939
0.941
0.942
0.943
0.944
0.945
0.946
0.947
0.948
0.949
0.951
0.952
0.953
0.954
0.955
0.956
0.957
0.958
0.959
0.96
0.961
0.962
0.963
0.964
0.964
0.965
0.966
0.967
0.968
0.969
0.97
0.971
0.972
0.973
0.974
0.974
0.975
0.976
0.977
0.978
0.979
0.98
0.98
0.981
0.982
0.983
0.984
0.984
0.985
0.986
0.987
0.988
0.988
0.989
0.99
0.991
0.991
0.992
0.993
0.993
0.994
0.995
0.996
0.996
0.997
0.998
0.998
0.999
1
1.001
1.001
