0.8956376
0.886664
0.9166286
0.9827081
1.01844
1.0439
1.0696
1.0956
1.1217
1.148
1.1743
1.2006
1.2269
1.2532
1.2794
1.3056
1.3316
1.3575
1.383
1.409
1.435
1.46
1.485
1.51
1.535
1.56
1.585
1.609
1.634
1.658
1.682
1.706
1.729
1.753
1.776
1.8
1.823
1.846
1.869
1.891
1.914
1.936
1.958
1.98
2.002
2.024
2.046
2.067
2.089
2.11
2.131
2.152
2.173
2.194
2.214
2.235
2.255
2.275
2.295
2.315
2.335
2.355
2.375
2.394
2.414
2.433
2.452
2.471
2.49
2.509
2.528
2.547
2.565
2.584
2.602
2.62
2.638
2.656
2.674
2.692
2.71
2.728
2.745
2.763
2.78
2.797
2.815
2.832
2.849
2.866
2.883
2.899
2.916
2.933
2.949
2.966
2.982
2.998
3.015
3.031
0.8956376
0.886664
0.9166298
0.9827093
1.01646
1.0392
1.0622
1.0855
1.109
1.1327
1.1564
1.1803
1.2042
1.2281
1.252
1.276
1.3
1.323
1.347
1.371
1.394
1.418
1.441
1.464
1.487
1.51
1.533
1.556
1.579
1.601
1.624
1.646
1.668
1.69
1.712
1.734
1.755
1.777
1.798
1.819
1.84
1.861
1.882
1.903
1.923
1.944
1.964
1.984
2.005
2.025
2.044
2.064
2.084
2.103
2.123
2.142
2.161
2.18
2.199
2.218
2.237
2.255
2.274
2.292
2.311
2.329
2.347
2.365
2.383
2.401
2.418
2.436
2.453
2.471
2.488
2.505
2.523
2.54
2.557
2.573
2.59
2.607
2.623
2.64
2.656
2.673
2.689
2.705
2.721
2.737
2.753
2.769
2.785
2.801
2.816
2.832
2.847
2.863
2.878
2.893
0.8956376
0.886664
0.9166304
0.98271
1.01485
1.0353
1.0562
1.0772
1.0985
1.12
1.1416
1.1633
1.185
1.207
1.229
1.251
1.273
1.294
1.316
1.338
1.36
1.381
1.403
1.424
1.446
1.467
1.488
1.51
1.531
1.552
1.572
1.593
1.614
1.634
1.655
1.675
1.695
1.715
1.735
1.755
1.775
1.795
1.814
1.834
1.853
1.872
1.891
1.91
1.929
1.948
1.967
1.985
2.004
2.022
2.04
2.058
2.077
2.094
2.112
2.13
2.148
2.165
2.183
2.2
2.217
2.235
2.252
2.269
2.286
2.302
2.319
2.336
2.352
2.369
2.385
2.401
2.417
2.434
2.45
2.466
2.481
2.497
2.513
2.528
2.544
2.559
2.575
2.59
2.605
2.621
2.636
2.651
2.666
2.68
2.695
2.71
2.724
2.739
2.754
2.768
0.8956376
0.886664
0.9166307
0.9827103
1.0135
1.0322
1.0512
1.0704
1.0898
1.1094
1.1291
1.149
1.169
1.189
1.209
1.229
1.249
1.269
1.29
1.31
1.33
1.35
1.37
1.39
1.41
1.429
1.449
1.469
1.488
1.508
1.527
1.547
1.566
1.585
1.604
1.623
1.642
1.661
1.68
1.698
1.717
1.735
1.754
1.772
1.79
1.808
1.826
1.844
1.862
1.879
1.897
1.914
1.932
1.949
1.966
1.983
2
2.017
2.034
2.051
2.067
2.084
2.1
2.117
2.133
2.149
2.165
2.182
2.197
2.213
2.229
2.245
2.26
2.276
2.291
2.307
2.322
2.337
2.352
2.368
2.383
2.397
2.412
2.427
2.442
2.456
2.471
2.485
2.5
2.514
2.528
2.543
2.557
2.571
2.585
2.599
2.612
2.626
2.64
2.654
0.8956376
0.886664
0.916631
0.9827106
1.0124
1.0295
1.0469
1.0646
1.0824
1.1004
1.119
1.137
1.155
1.174
1.192
1.211
1.229
1.248
1.266
1.285
1.304
1.322
1.341
1.359
1.378
1.396
1.415
1.433
1.451
1.469
1.488
1.506
1.524
1.542
1.56
1.577
1.595
1.613
1.63
1.648
1.665
1.682
1.7
1.717
1.734
1.751
1.768
1.784
1.801
1.818
1.834
1.851
1.867
1.883
1.899
1.916
1.932
1.948
1.963
1.979
1.995
2.011
2.026
2.042
2.057
2.072
2.087
2.103
2.118
2.133
2.148
2.162
2.177
2.192
2.206
2.221
2.235
2.25
2.264
2.278
2.293
2.307
2.321
2.335
2.349
2.362
2.376
2.39
2.403
2.417
2.431
2.444
2.457
2.471
2.484
2.497
2.51
2.523
2.536
2.549
0.8956376
0.886664
0.9166311
0.9827108
1.0115
1.0273
1.0434
1.0596
1.0761
1.0927
1.109
1.126
1.143
1.16
1.177
1.195
1.212
1.229
1.246
1.264
1.281
1.298
1.315
1.333
1.35
1.367
1.384
1.401
1.418
1.435
1.452
1.469
1.486
1.503
1.52
1.536
1.553
1.569
1.586
1.602
1.619
1.635
1.651
1.667
1.683
1.699
1.715
1.731
1.747
1.762
1.778
1.793
1.809
1.824
1.839
1.854
1.87
1.885
1.9
1.914
1.929
1.944
1.959
1.973
1.988
2.002
2.017
2.031
2.045
2.059
2.073
2.088
2.101
2.115
2.129
2.143
2.157
2.17
2.184
2.197
2.211
2.224
2.237
2.251
2.264
2.277
2.29
2.303
2.316
2.329
2.341
2.354
2.367
2.379
2.392
2.404
2.417
2.43
2.44
2.45
0.8956376
0.886664
0.9166312
0.9827109
1.0107
1.0254
1.0403
1.0554
1.0706
1.086
1.102
1.117
1.133
1.149
1.165
1.181
1.197
1.213
1.229
1.245
1.261
1.277
1.293
1.309
1.325
1.341
1.357
1.373
1.389
1.405
1.421
1.437
1.453
1.468
1.484
1.5
1.515
1.531
1.546
1.562
1.577
1.592
1.608
1.623
1.638
1.653
1.668
1.683
1.697
1.712
1.727
1.741
1.756
1.77
1.785
1.799
1.813
1.828
1.842
1.856
1.87
1.884
1.898
1.911
1.925
1.939
1.952
1.966
1.979
1.993
2.006
2.019
2.033
2.046
2.059
2.072
2.085
2.098
2.11
2.123
2.136
2.149
2.161
2.174
2.186
2.199
2.211
2.223
2.235
2.248
2.26
2.272
2.284
2.3
2.31
2.32
2.33
2.34
2.35
2.37
0.8956376
0.886664
0.9166313
0.982711
1.01
1.0237
1.0376
1.0516
1.0659
1.08
1.095
1.109
1.124
1.139
1.154
1.168
1.183
1.198
1.213
1.228
1.243
1.258
1.273
1.288
1.303
1.319
1.334
1.348
1.363
1.378
1.393
1.408
1.423
1.438
1.452
1.467
1.482
1.496
1.511
1.525
1.54
1.554
1.568
1.583
1.597
1.611
1.625
1.639
1.653
1.667
1.681
1.695
1.708
1.722
1.736
1.749
1.763
1.776
1.789
1.803
1.816
1.829
1.842
1.855
1.868
1.881
1.894
1.907
1.919
1.932
1.945
1.957
1.97
1.982
1.995
2.007
2.019
2.031
2.044
2.056
2.068
2.08
2.092
2.103
2.115
2.127
2.139
2.15
2.162
2.174
2.19
2.2
2.21
2.22
2.23
2.24
2.25
2.26
2.28
2.29
0.8956376
0.886664
0.9166314
0.9827111
1.0094
1.0222
1.0352
1.0484
1.0617
1.075
1.089
1.102
1.116
1.13
1.144
1.158
1.172
1.186
1.2
1.214
1.228
1.242
1.256
1.27
1.284
1.298
1.312
1.326
1.34
1.354
1.368
1.382
1.396
1.41
1.424
1.438
1.451
1.465
1.479
1.493
1.506
1.52
1.533
1.547
1.56
1.573
1.587
1.6
1.613
1.626
1.639
1.652
1.665
1.678
1.691
1.704
1.716
1.729
1.742
1.754
1.767
1.779
1.792
1.804
1.816
1.829
1.841
1.853
1.865
1.877
1.889
1.901
1.913
1.924
1.936
1.948
1.959
1.971
1.982
1.994
2.005
2.017
2.028
2.039
2.05
2.062
2.073
2.084
2.09
2.11
2.12
2.13
2.14
2.15
2.16
2.17
2.18
2.19
2.2
2.21
0.8956376
0.886664
0.9166315
0.9827111
1.0088
1.0209
1.0331
1.0455
1.058
1.071
1.083
1.096
1.109
1.122
1.135
1.148
1.161
1.174
1.187
1.201
1.214
1.227
1.24
1.254
1.267
1.28
1.293
1.306
1.32
1.333
1.346
1.359
1.372
1.385
1.398
1.411
1.424
1.437
1.45
1.463
1.476
1.489
1.501
1.514
1.527
1.539
1.552
1.564
1.577
1.589
1.601
1.614
1.626
1.638
1.65
1.662
1.674
1.686
1.698
1.71
1.722
1.734
1.746
1.757
1.769
1.781
1.792
1.804
1.815
1.826
1.838
1.849
1.86
1.871
1.883
1.894
1.905
1.916
1.927
1.937
1.948
1.959
1.97
1.98
1.991
2.002
2.01
2.02
2.03
2.04
2.05
2.06
2.07
2.08
2.09
2.1
2.11
2.12
2.13
2.14
0.8956376
0.886664
0.9166315
0.9827112
1.0083
1.0197
1.0313
1.043
1.0547
1.067
1.079
1.091
1.103
1.115
1.127
1.139
1.152
1.164
1.177
1.189
1.201
1.214
1.226
1.239
1.251
1.264
1.276
1.289
1.301
1.313
1.326
1.338
1.351
1.363
1.375
1.387
1.4
1.412
1.424
1.436
1.448
1.46
1.472
1.484
1.496
1.508
1.52
1.532
1.544
1.555
1.567
1.579
1.59
1.602
1.613
1.625
1.636
1.648
1.659
1.67
1.681
1.693
1.704
1.715
1.726
1.737
1.748
1.759
1.769
1.78
1.791
1.802
1.812
1.823
1.833
1.844
1.854
1.865
1.875
1.886
1.896
1.906
1.916
1.926
1.936
1.95
1.96
1.97
1.98
1.99
2
2.01
2.02
2.03
2.03
2.04
2.05
2.06
2.07
2.08
0.8956376
0.886664
0.9166316
0.9827113
1.0079
1.0187
1.0296
1.0407
1.0518
1.063
1.074
1.086
1.097
1.109
1.12
1.132
1.143
1.155
1.167
1.178
1.19
1.202
1.214
1.225
1.237
1.249
1.261
1.272
1.284
1.296
1.308
1.319
1.331
1.343
1.354
1.366
1.377
1.389
1.4
1.412
1.423
1.435
1.446
1.458
1.469
1.48
1.491
1.503
1.514
1.525
1.536
1.547
1.558
1.569
1.58
1.591
1.601
1.612
1.623
1.634
1.644
1.655
1.665
1.676
1.686
1.697
1.707
1.717
1.728
1.738
1.748
1.758
1.768
1.778
1.789
1.799
1.808
1.818
1.828
1.838
1.848
1.857
1.867
1.877
1.89
1.9
1.91
1.91
1.92
1.93
1.94
1.95
1.96
1.97
1.98
1.99
2
2.01
2.02
2.03
0.8956376
0.886664
0.9166316
0.9827113
1.0075
1.0178
1.0281
1.0386
1.0492
1.06
1.07
1.081
1.092
1.103
1.114
1.125
1.136
1.147
1.158
1.169
1.18
1.191
1.202
1.213
1.225
1.236
1.247
1.258
1.269
1.28
1.291
1.302
1.313
1.324
1.335
1.346
1.357
1.368
1.379
1.39
1.401
1.412
1.422
1.433
1.444
1.454
1.465
1.476
1.486
1.497
1.507
1.518
1.528
1.539
1.549
1.559
1.569
1.58
1.59
1.6
1.61
1.62
1.63
1.64
1.65
1.66
1.67
1.68
1.689
1.699
1.709
1.719
1.728
1.738
1.747
1.757
1.766
1.776
1.785
1.794
1.804
1.813
1.822
1.83
1.84
1.85
1.86
1.87
1.88
1.89
1.89
1.9
1.91
1.92
1.93
1.94
1.95
1.96
1.96
1.97
0.8956376
0.886664
0.9166316
0.9827113
1.0071
1.0169
1.0268
1.0367
1.0468
1.057
1.067
1.077
1.088
1.098
1.108
1.119
1.129
1.139
1.15
1.16
1.171
1.181
1.192
1.202
1.213
1.224
1.234
1.245
1.255
1.266
1.276
1.287
1.297
1.308
1.318
1.328
1.339
1.349
1.359
1.37
1.38
1.39
1.401
1.411
1.421
1.431
1.441
1.451
1.461
1.471
1.481
1.491
1.501
1.511
1.521
1.53
1.54
1.55
1.56
1.569
1.579
1.588
1.598
1.607
1.617
1.626
1.636
1.645
1.654
1.664
1.673
1.682
1.691
1.7
1.709
1.718
1.727
1.736
1.745
1.754
1.763
1.772
1.78
1.79
1.8
1.81
1.82
1.82
1.83
1.84
1.85
1.86
1.87
1.87
1.88
1.89
1.9
1.91
1.92
1.92
0.8956376
0.886664
0.9166317
0.9827113
1.0068
1.0161
1.0256
1.035
1.045
1.054
1.064
1.074
1.083
1.093
1.103
1.113
1.123
1.133
1.143
1.153
1.163
1.173
1.183
1.193
1.203
1.213
1.223
1.233
1.243
1.253
1.262
1.272
1.282
1.292
1.302
1.312
1.322
1.332
1.342
1.351
1.361
1.371
1.381
1.39
1.4
1.41
1.419
1.429
1.438
1.448
1.457
1.467
1.476
1.485
1.495
1.504
1.513
1.523
1.532
1.541
1.55
1.559
1.568
1.577
1.586
1.595
1.604
1.613
1.622
1.631
1.639
1.648
1.657
1.666
1.674
1.683
1.691
1.7
1.708
1.717
1.725
1.734
1.74
1.75
1.76
1.77
1.77
1.78
1.79
1.8
1.81
1.82
1.82
1.83
1.84
1.85
1.86
1.86
1.87
1.88
0.8956376
0.886664
0.9166317
0.9827114
1.0065
1.0154
1.0244
1.0335
1.043
1.052
1.061
1.07
1.08
1.089
1.098
1.108
1.117
1.127
1.136
1.145
1.155
1.164
1.174
1.183
1.193
1.203
1.212
1.222
1.231
1.241
1.25
1.259
1.269
1.278
1.288
1.297
1.307
1.316
1.325
1.335
1.344
1.353
1.362
1.372
1.381
1.39
1.399
1.408
1.417
1.426
1.435
1.444
1.453
1.462
1.471
1.48
1.489
1.497
1.506
1.515
1.524
1.532
1.541
1.55
1.558
1.567
1.575
1.584
1.592
1.6
1.609
1.617
1.625
1.634
1.642
1.65
1.658
1.666
1.674
1.682
1.69
1.698
1.71
1.71
1.72
1.73
1.74
1.75
1.75
1.76
1.77
1.78
1.78
1.79
1.8
1.81
1.81
1.82
1.83
1.84
0.8956376
0.886664
0.9166317
0.9827114
1.0062
1.0148
1.0234
1.0321
1.041
1.05
1.058
1.067
1.076
1.085
1.094
1.103
1.112
1.121
1.13
1.139
1.148
1.157
1.166
1.175
1.184
1.193
1.202
1.211
1.22
1.229
1.239
1.248
1.257
1.266
1.274
1.283
1.292
1.301
1.31
1.319
1.328
1.337
1.346
1.354
1.363
1.372
1.38
1.389
1.398
1.406
1.415
1.424
1.432
1.441
1.449
1.457
1.466
1.474
1.483
1.491
1.499
1.508
1.516
1.524
1.532
1.54
1.548
1.556
1.564
1.572
1.58
1.588
1.596
1.604
1.612
1.62
1.628
1.635
1.643
1.651
1.658
1.666
1.67
1.68
1.69
1.7
1.7
1.71
1.72
1.73
1.73
1.74
1.75
1.76
1.76
1.77
1.78
1.78
1.79
1.8
0.8956376
0.886664
0.9166317
0.9827114
1.006
1.0142
1.0225
1.0308
1.039
1.048
1.056
1.064
1.073
1.081
1.09
1.099
1.107
1.116
1.124
1.133
1.142
1.15
1.159
1.168
1.176
1.185
1.193
1.202
1.211
1.219
1.228
1.237
1.245
1.254
1.262
1.271
1.279
1.288
1.296
1.305
1.313
1.322
1.33
1.338
1.347
1.355
1.363
1.372
1.38
1.388
1.396
1.404
1.413
1.421
1.429
1.437
1.445
1.453
1.461
1.469
1.477
1.485
1.492
1.5
1.508
1.516
1.524
1.531
1.539
1.547
1.554
1.562
1.569
1.577
1.584
1.592
1.599
1.607
1.614
1.621
1.629
1.636
1.64
1.65
1.66
1.66
1.67
1.68
1.69
1.69
1.7
1.71
1.71
1.72
1.73
1.73
1.74
1.75
1.76
1.76
0.8956376
0.886664
0.9166318
0.9827115
1.0058
1.0137
1.0216
1.0296
1.038
1.046
1.054
1.062
1.07
1.078
1.086
1.095
1.103
1.111
1.119
1.127
1.136
1.144
1.152
1.161
1.169
1.177
1.185
1.194
1.202
1.21
1.218
1.226
1.235
1.243
1.251
1.259
1.267
1.275
1.284
1.292
1.3
1.308
1.316
1.324
1.332
1.34
1.348
1.355
1.363
1.371
1.379
1.387
1.395
1.402
1.41
1.418
1.425
1.433
1.441
1.448
1.456
1.463
1.471
1.478
1.486
1.493
1.501
1.508
1.515
1.523
1.53
1.537
1.544
1.551
1.559
1.566
1.573
1.58
1.587
1.594
1.601
1.608
1.61
1.62
1.63
1.64
1.64
1.65
1.66
1.66
1.67
1.68
1.68
1.69
1.7
1.7
1.71
1.72
1.72
1.73
0.8956376
0.886664
0.9166318
0.9827115
1.0056
1.0131
1.0208
1.0284
1.036
1.044
1.052
1.059
1.067
1.075
1.083
1.091
1.099
1.107
1.114
1.122
1.13
1.138
1.146
1.154
1.162
1.17
1.178
1.186
1.194
1.201
1.209
1.217
1.225
1.233
1.241
1.248
1.256
1.264
1.272
1.279
1.287
1.295
1.302
1.31
1.318
1.325
1.333
1.34
1.348
1.356
1.363
1.37
1.378
1.385
1.393
1.4
1.407
1.415
1.422
1.429
1.436
1.444
1.451
1.458
1.465
1.472
1.479
1.486
1.493
1.5
1.507
1.514
1.521
1.528
1.535
1.542
1.548
1.555
1.562
1.569
1.575
1.582
1.59
1.6
1.6
1.61
1.61
1.62
1.63
1.63
1.64
1.65
1.65
1.66
1.67
1.67
1.68
1.68
1.69
1.7
0.8956376
0.886664
0.9166318
0.9827115
1.0054
1.0127
1.02
1.0274
1.035
1.042
1.05
1.057
1.065
1.072
1.08
1.087
1.095
1.102
1.11
1.118
1.125
1.133
1.14
1.148
1.156
1.163
1.171
1.178
1.186
1.193
1.201
1.208
1.216
1.223
1.231
1.238
1.246
1.253
1.261
1.268
1.275
1.283
1.29
1.298
1.305
1.312
1.319
1.327
1.334
1.341
1.348
1.355
1.362
1.369
1.377
1.384
1.391
1.398
1.405
1.412
1.418
1.425
1.432
1.439
1.446
1.453
1.459
1.466
1.473
1.48
1.486
1.493
1.499
1.506
1.513
1.519
1.526
1.532
1.539
1.545
1.551
1.558
1.56
1.57
1.58
1.58
1.59
1.6
1.6
1.61
1.61
1.62
1.63
1.63
1.64
1.64
1.65
1.66
1.66
1.67
0.8956376
0.886664
0.9166318
0.9827115
1.0052
1.0122
1.0193
1.0264
1.034
1.041
1.048
1.055
1.062
1.07
1.077
1.084
1.091
1.099
1.106
1.113
1.121
1.128
1.135
1.142
1.15
1.157
1.164
1.171
1.179
1.186
1.193
1.2
1.208
1.215
1.222
1.229
1.236
1.243
1.251
1.258
1.265
1.272
1.279
1.286
1.293
1.3
1.307
1.314
1.321
1.327
1.334
1.341
1.348
1.355
1.362
1.368
1.375
1.382
1.388
1.395
1.402
1.408
1.415
1.421
1.428
1.434
1.441
1.447
1.454
1.46
1.467
1.473
1.479
1.486
1.492
1.498
1.504
1.511
1.517
1.523
1.529
1.535
1.54
1.55
1.55
1.56
1.57
1.57
1.58
1.58
1.59
1.59
1.6
1.61
1.61
1.62
1.62
1.63
1.64
1.64
0.8956376
0.886664
0.9166318
0.9827115
1.005
1.0118
1.0187
1.0255
1.032
1.039
1.046
1.053
1.06
1.067
1.074
1.081
1.088
1.095
1.102
1.109
1.116
1.123
1.13
1.137
1.144
1.151
1.158
1.165
1.172
1.179
1.186
1.193
1.2
1.207
1.214
1.221
1.227
1.234
1.241
1.248
1.255
1.261
1.268
1.275
1.282
1.288
1.295
1.302
1.308
1.315
1.321
1.328
1.335
1.341
1.348
1.354
1.36
1.367
1.373
1.38
1.386
1.392
1.399
1.405
1.411
1.418
1.424
1.43
1.436
1.442
1.448
1.454
1.461
1.467
1.473
1.479
1.485
1.491
1.496
1.502
1.508
1.514
1.52
1.53
1.53
1.54
1.54
1.55
1.55
1.56
1.57
1.57
1.58
1.58
1.59
1.59
1.6
1.6
1.61
1.62
0.8956376
0.886664
0.9166318
0.9827115
1.0048
1.0114
1.0181
1.0247
1.031
1.038
1.045
1.051
1.058
1.065
1.072
1.078
1.085
1.092
1.099
1.105
1.112
1.119
1.126
1.132
1.139
1.146
1.153
1.159
1.166
1.173
1.179
1.186
1.193
1.199
1.206
1.212
1.219
1.226
1.232
1.239
1.245
1.252
1.258
1.265
1.271
1.278
1.284
1.29
1.297
1.303
1.309
1.316
1.322
1.328
1.334
1.341
1.347
1.353
1.359
1.365
1.371
1.378
1.384
1.39
1.396
1.402
1.408
1.414
1.419
1.425
1.431
1.437
1.443
1.449
1.455
1.46
1.466
1.472
1.477
1.483
1.489
1.494
1.5
1.51
1.51
1.52
1.52
1.53
1.53
1.54
1.54
1.55
1.55
1.56
1.57
1.57
1.58
1.58
1.59
1.59
0.8956376
0.886664
0.9166318
0.9827115
1.0047
1.0111
1.0175
1.0239
1.03
1.037
1.043
1.05
1.056
1.063
1.069
1.076
1.082
1.089
1.095
1.102
1.108
1.115
1.121
1.128
1.134
1.141
1.147
1.154
1.16
1.167
1.173
1.179
1.186
1.192
1.199
1.205
1.211
1.218
1.224
1.23
1.236
1.243
1.249
1.255
1.261
1.268
1.274
1.28
1.286
1.292
1.298
1.304
1.31
1.316
1.322
1.328
1.334
1.34
1.346
1.352
1.358
1.364
1.369
1.375
1.381
1.387
1.393
1.398
1.404
1.41
1.415
1.421
1.427
1.432
1.438
1.443
1.449
1.454
1.46
1.465
1.471
1.476
1.481
1.49
1.49
1.5
1.5
1.51
1.51
1.52
1.52
1.53
1.53
1.54
1.54
1.55
1.55
1.56
1.56
1.57
0.8956376
0.886664
0.9166319
0.9827115
1.0045
1.0107
1.017
1.0232
1.029
1.036
1.042
1.048
1.054
1.061
1.067
1.073
1.08
1.086
1.092
1.098
1.105
1.111
1.117
1.124
1.13
1.136
1.142
1.149
1.155
1.161
1.167
1.173
1.179
1.186
1.192
1.198
1.204
1.21
1.216
1.222
1.228
1.234
1.24
1.246
1.252
1.258
1.264
1.27
1.276
1.282
1.288
1.293
1.299
1.305
1.311
1.317
1.322
1.328
1.334
1.339
1.345
1.351
1.356
1.362
1.367
1.373
1.378
1.384
1.389
1.395
1.4
1.406
1.411
1.416
1.422
1.427
1.432
1.438
1.443
1.448
1.453
1.459
1.464
1.47
1.47
1.48
1.48
1.49
1.49
1.5
1.5
1.51
1.51
1.52
1.52
1.53
1.53
1.54
1.54
1.55
0.8956376
0.886664
0.9166319
0.9827115
1.0044
1.0104
1.0164
1.0225
1.029
1.035
1.041
1.047
1.053
1.059
1.065
1.071
1.077
1.083
1.089
1.095
1.101
1.107
1.114
1.12
1.126
1.132
1.138
1.144
1.15
1.156
1.162
1.168
1.174
1.179
1.185
1.191
1.197
1.203
1.209
1.215
1.221
1.226
1.232
1.238
1.244
1.249
1.255
1.261
1.266
1.272
1.278
1.283
1.289
1.295
1.3
1.306
1.311
1.317
1.322
1.328
1.333
1.338
1.344
1.349
1.355
1.36
1.365
1.37
1.376
1.381
1.386
1.391
1.397
1.402
1.407
1.412
1.417
1.422
1.427
1.432
1.437
1.442
1.447
1.45
1.46
1.46
1.47
1.47
1.48
1.48
1.49
1.49
1.5
1.5
1.51
1.51
1.51
1.52
1.52
1.53
0.8956376
0.886664
0.9166319
0.9827116
1.0043
1.0101
1.016
1.0218
1.028
1.034
1.039
1.045
1.051
1.057
1.063
1.069
1.075
1.081
1.087
1.092
1.098
1.104
1.11
1.116
1.122
1.127
1.133
1.139
1.145
1.151
1.156
1.162
1.168
1.174
1.179
1.185
1.191
1.196
1.202
1.208
1.213
1.219
1.225
1.23
1.236
1.241
1.247
1.252
1.258
1.263
1.268
1.274
1.279
1.285
1.29
1.295
1.301
1.306
1.311
1.317
1.322
1.327
1.332
1.337
1.342
1.348
1.353
1.358
1.363
1.368
1.373
1.378
1.383
1.388
1.393
1.398
1.403
1.408
1.413
1.417
1.422
1.427
1.432
1.44
1.44
1.45
1.45
1.46
1.46
1.46
1.47
1.47
1.48
1.48
1.49
1.49
1.5
1.5
1.51
1.51
0.8956376
0.886664
0.9166319
0.9827116
1.0042
1.0098
1.0155
1.0212
1.027
1.033
1.038
1.044
1.05
1.055
1.061
1.067
1.073
1.078
1.084
1.09
1.095
1.101
1.107
1.112
1.118
1.124
1.129
1.135
1.14
1.146
1.152
1.157
1.163
1.168
1.174
1.179
1.185
1.19
1.196
1.201
1.207
1.212
1.217
1.223
1.228
1.233
1.239
1.244
1.249
1.255
1.26
1.265
1.27
1.275
1.281
1.286
1.291
1.296
1.301
1.306
1.311
1.316
1.321
1.326
1.331
1.336
1.341
1.346
1.351
1.356
1.361
1.365
1.37
1.375
1.38
1.385
1.389
1.394
1.399
1.403
1.408
1.413
1.417
1.422
1.43
1.43
1.44
1.44
1.44
1.45
1.45
1.46
1.46
1.47
1.47
1.48
1.48
1.48
1.49
1.49
0.8956376
0.886664
0.9166319
0.9827116
1.0041
1.0096
1.0151
1.0206
1.026
1.032
1.037
1.043
1.048
1.054
1.059
1.065
1.07
1.076
1.081
1.087
1.093
1.098
1.103
1.109
1.114
1.12
1.125
1.131
1.136
1.142
1.147
1.152
1.158
1.163
1.168
1.174
1.179
1.184
1.19
1.195
1.2
1.205
1.211
1.216
1.221
1.226
1.231
1.236
1.241
1.246
1.252
1.257
1.262
1.267
1.272
1.277
1.282
1.286
1.291
1.296
1.301
1.306
1.311
1.316
1.32
1.325
1.33
1.335
1.339
1.344
1.349
1.354
1.358
1.363
1.367
1.372
1.377
1.381
1.386
1.39
1.395
1.399
1.404
1.408
1.41
1.42
1.42
1.43
1.43
1.43
1.44
1.44
1.45
1.45
1.46
1.46
1.46
1.47
1.47
1.48
0.8956376
0.886664
0.9166319
0.9827116
1.004
1.0093
1.0147
1.0201
1.025
1.031
1.036
1.042
1.047
1.052
1.058
1.063
1.068
1.074
1.079
1.085
1.09
1.095
1.101
1.106
1.111
1.116
1.122
1.127
1.132
1.137
1.143
1.148
1.153
1.158
1.163
1.169
1.174
1.179
1.184
1.189
1.194
1.199
1.204
1.209
1.214
1.219
1.224
1.229
1.234
1.239
1.244
1.249
1.254
1.258
1.263
1.268
1.273
1.278
1.282
1.287
1.292
1.296
1.301
1.306
1.31
1.315
1.32
1.324
1.329
1.333
1.338
1.342
1.347
1.351
1.356
1.36
1.365
1.369
1.373
1.378
1.382
1.386
1.391
1.395
1.4
1.4
1.41
1.41
1.42
1.42
1.42
1.43
1.43
1.44
1.44
1.44
1.45
1.45
1.46
1.46
0.8956376
0.886664
0.9166319
0.9827116
1.0039
1.0091
1.0143
1.0196
1.025
1.03
1.035
1.04
1.046
1.051
1.056
1.061
1.067
1.072
1.077
1.082
1.087
1.093
1.098
1.103
1.108
1.113
1.118
1.123
1.128
1.133
1.139
1.144
1.149
1.154
1.159
1.164
1.169
1.174
1.178
1.183
1.188
1.193
1.198
1.203
1.208
1.213
1.217
1.222
1.227
1.232
1.236
1.241
1.246
1.251
1.255
1.26
1.264
1.269
1.274
1.278
1.283
1.287
1.292
1.296
1.301
1.305
1.31
1.314
1.319
1.323
1.327
1.332
1.336
1.34
1.345
1.349
1.353
1.357
1.362
1.366
1.37
1.374
1.378
1.383
1.39
1.39
1.39
1.4
1.4
1.41
1.41
1.42
1.42
1.42
1.43
1.43
1.43
1.44
1.44
1.45
0.8956376
0.886664
0.9166319
0.9827116
1.0038
1.0089
1.014
1.0191
1.024
1.029
1.034
1.039
1.045
1.05
1.055
1.06
1.065
1.07
1.075
1.08
1.085
1.09
1.095
1.1
1.105
1.11
1.115
1.12
1.125
1.13
1.135
1.14
1.144
1.149
1.154
1.159
1.164
1.169
1.173
1.178
1.183
1.188
1.192
1.197
1.202
1.206
1.211
1.216
1.22
1.225
1.229
1.234
1.239
1.243
1.248
1.252
1.257
1.261
1.266
1.27
1.274
1.279
1.283
1.287
1.292
1.296
1.3
1.305
1.309
1.313
1.317
1.322
1.326
1.33
1.334
1.338
1.342
1.347
1.351
1.355
1.359
1.363
1.367
1.371
1.375
1.38
1.38
1.39
1.39
1.39
1.4
1.4
1.41
1.41
1.41
1.42
1.42
1.43
1.43
1.43
0.8956376
0.886664
0.9166319
0.9827116
1.0037
1.0086
1.0136
1.0186
1.024
1.029
1.033
1.038
1.043
1.048
1.053
1.058
1.063
1.068
1.073
1.078
1.083
1.088
1.093
1.097
1.102
1.107
1.112
1.117
1.121
1.126
1.131
1.136
1.14
1.145
1.15
1.155
1.159
1.164
1.169
1.173
1.178
1.182
1.187
1.191
1.196
1.201
1.205
1.21
1.214
1.218
1.223
1.227
1.232
1.236
1.24
1.245
1.249
1.253
1.258
1.262
1.266
1.271
1.275
1.279
1.283
1.287
1.292
1.296
1.3
1.304
1.308
1.312
1.316
1.32
1.324
1.328
1.332
1.336
1.34
1.344
1.348
1.352
1.356
1.36
1.364
1.37
1.37
1.37
1.38
1.38
1.39
1.39
1.39
1.4
1.4
1.4
1.41
1.41
1.42
1.42
0.8956376
0.886664
0.9166319
0.9827116
1.0036
1.0084
1.0133
1.0181
1.023
1.028
1.033
1.037
1.042
1.047
1.052
1.057
1.062
1.066
1.071
1.076
1.081
1.085
1.09
1.095
1.1
1.104
1.109
1.114
1.118
1.123
1.127
1.132
1.137
1.141
1.146
1.15
1.155
1.159
1.164
1.168
1.173
1.177
1.182
1.186
1.191
1.195
1.199
1.204
1.208
1.212
1.217
1.221
1.225
1.229
1.234
1.238
1.242
1.246
1.25
1.255
1.259
1.263
1.267
1.271
1.275
1.279
1.283
1.287
1.291
1.295
1.299
1.303
1.307
1.311
1.315
1.319
1.323
1.326
1.33
1.334
1.338
1.342
1.345
1.349
1.353
1.36
1.36
1.36
1.37
1.37
1.37
1.38
1.38
1.39
1.39
1.39
1.4
1.4
1.4
1.41
0.8956376
0.886664
0.9166319
0.9827116
1.0035
1.0082
1.013
1.0177
1.022
1.027
1.032
1.037
1.041
1.046
1.051
1.055
1.06
1.065
1.069
1.074
1.079
1.083
1.088
1.092
1.097
1.102
1.106
1.111
1.115
1.12
1.124
1.129
1.133
1.138
1.142
1.146
1.151
1.155
1.16
1.164
1.168
1.173
1.177
1.181
1.185
1.19
1.194
1.198
1.202
1.207
1.211
1.215
1.219
1.223
1.227
1.231
1.235
1.24
1.244
1.248
1.252
1.256
1.26
1.263
1.267
1.271
1.275
1.279
1.283
1.287
1.291
1.295
1.298
1.302
1.306
1.31
1.313
1.317
1.321
1.325
1.328
1.332
1.335
1.339
1.343
1.35
1.35
1.35
1.36
1.36
1.36
1.37
1.37
1.37
1.38
1.38
1.38
1.39
1.39
1.4
0.8956376
0.886664
0.9166319
0.9827116
1.0034
1.008
1.0127
1.0173
1.022
1.027
1.031
1.036
1.04
1.045
1.049
1.054
1.059
1.063
1.068
1.072
1.077
1.081
1.086
1.09
1.095
1.099
1.103
1.108
1.112
1.117
1.121
1.125
1.13
1.134
1.138
1.143
1.147
1.151
1.155
1.16
1.164
1.168
1.172
1.176
1.181
1.185
1.189
1.193
1.197
1.201
1.205
1.209
1.213
1.217
1.221
1.225
1.229
1.233
1.237
1.241
1.245
1.249
1.252
1.256
1.26
1.264
1.268
1.271
1.275
1.279
1.283
1.286
1.29
1.294
1.297
1.301
1.305
1.308
1.312
1.315
1.319
1.323
1.326
1.33
1.333
1.337
1.34
1.34
1.35
1.35
1.35
1.36
1.36
1.36
1.37
1.37
1.37
1.38
1.38
1.38
0.8956376
0.886664
0.9166319
0.9827116
1.0033
1.0079
1.0124
1.0169
1.021
1.026
1.03
1.035
1.039
1.044
1.048
1.053
1.057
1.062
1.066
1.07
1.075
1.079
1.084
1.088
1.092
1.097
1.101
1.105
1.109
1.114
1.118
1.122
1.126
1.131
1.135
1.139
1.143
1.147
1.151
1.156
1.16
1.164
1.168
1.172
1.176
1.18
1.184
1.188
1.192
1.196
1.2
1.204
1.208
1.211
1.215
1.219
1.223
1.227
1.231
1.234
1.238
1.242
1.246
1.249
1.253
1.257
1.261
1.264
1.268
1.271
1.275
1.279
1.282
1.286
1.289
1.293
1.296
1.3
1.303
1.307
1.31
1.314
1.317
1.321
1.324
1.327
1.33
1.33
1.34
1.34
1.34
1.35
1.35
1.35
1.36
1.36
1.36
1.37
1.37
1.37
0.8956376
0.886664
0.9166319
0.9827116
1.0033
1.0077
1.0121
1.0165
1.021
1.025
1.03
1.034
1.038
1.043
1.047
1.052
1.056
1.06
1.064
1.069
1.073
1.077
1.082
1.086
1.09
1.094
1.098
1.103
1.107
1.111
1.115
1.119
1.123
1.127
1.132
1.136
1.14
1.144
1.148
1.152
1.156
1.16
1.164
1.168
1.171
1.175
1.179
1.183
1.187
1.191
1.195
1.198
1.202
1.206
1.21
1.214
1.217
1.221
1.225
1.228
1.232
1.236
1.239
1.243
1.247
1.25
1.254
1.257
1.261
1.264
1.268
1.271
1.275
1.278
1.282
1.285
1.289
1.292
1.295
1.299
1.302
1.305
1.309
1.312
1.315
1.319
1.32
1.33
1.33
1.33
1.33
1.34
1.34
1.34
1.35
1.35
1.35
1.36
1.36
1.36
0.8956376
0.886664
0.9166319
0.9827116
1.0032
1.0075
1.0119
1.0162
1.02
1.025
1.029
1.033
1.038
1.042
1.046
1.05
1.055
1.059
1.063
1.067
1.071
1.076
1.08
1.084
1.088
1.092
1.096
1.1
1.104
1.108
1.112
1.116
1.12
1.124
1.128
1.132
1.136
1.14
1.144
1.148
1.152
1.156
1.16
1.163
1.167
1.171
1.175
1.179
1.182
1.186
1.19
1.194
1.197
1.201
1.205
1.208
1.212
1.215
1.219
1.223
1.226
1.23
1.233
1.237
1.24
1.244
1.247
1.251
1.254
1.257
1.261
1.264
1.268
1.271
1.274
1.278
1.281
1.284
1.288
1.291
1.294
1.297
1.301
1.304
1.307
1.31
1.31
1.32
1.32
1.32
1.33
1.33
1.33
1.34
1.34
1.34
1.34
1.35
1.35
1.35
0.8956376
0.886664
0.9166319
0.9827116
1.0031
1.0074
1.0116
1.0158
1.02
1.024
1.028
1.033
1.037
1.041
1.045
1.049
1.053
1.058
1.062
1.066
1.07
1.074
1.078
1.082
1.086
1.09
1.094
1.098
1.102
1.106
1.11
1.114
1.118
1.121
1.125
1.129
1.133
1.137
1.141
1.144
1.148
1.152
1.156
1.159
1.163
1.167
1.171
1.174
1.178
1.182
1.185
1.189
1.192
1.196
1.199
1.203
1.207
1.21
1.214
1.217
1.22
1.224
1.227
1.231
1.234
1.238
1.241
1.244
1.248
1.251
1.254
1.258
1.261
1.264
1.267
1.271
1.274
1.277
1.28
1.283
1.287
1.29
1.293
1.296
1.299
1.302
1.305
1.31
1.31
1.31
1.32
1.32
1.32
1.33
1.33
1.33
1.34
1.34
1.34
1.34
0.8956376
0.886664
0.9166319
0.9827117
1.0031
1.0072
1.0114
1.0155
1.02
1.024
1.028
1.032
1.036
1.04
1.044
1.048
1.052
1.056
1.06
1.064
1.068
1.072
1.076
1.08
1.084
1.088
1.092
1.096
1.1
1.103
1.107
1.111
1.115
1.119
1.122
1.126
1.13
1.134
1.137
1.141
1.145
1.148
1.152
1.156
1.159
1.163
1.167
1.17
1.174
1.177
1.181
1.184
1.188
1.191
1.195
1.198
1.202
1.205
1.208
1.212
1.215
1.218
1.222
1.225
1.228
1.232
1.235
1.238
1.242
1.245
1.248
1.251
1.254
1.258
1.261
1.264
1.267
1.27
1.273
1.276
1.279
1.282
1.285
1.288
1.291
1.295
1.297
1.3
1.3
1.31
1.31
1.31
1.32
1.32
1.32
1.32
1.33
1.33
1.33
1.34
0.8956376
0.886664
0.9166319
0.9827117
1.003
1.0071
1.0111
1.0152
1.019
1.023
1.027
1.031
1.035
1.039
1.043
1.047
1.051
1.055
1.059
1.063
1.067
1.071
1.075
1.078
1.082
1.086
1.09
1.094
1.097
1.101
1.105
1.109
1.112
1.116
1.12
1.123
1.127
1.131
1.134
1.138
1.141
1.145
1.149
1.152
1.156
1.159
1.163
1.166
1.17
1.173
1.176
1.18
1.183
1.187
1.19
1.193
1.197
1.2
1.203
1.207
1.21
1.213
1.216
1.22
1.223
1.226
1.229
1.232
1.236
1.239
1.242
1.245
1.248
1.251
1.254
1.257
1.26
1.263
1.266
1.269
1.272
1.275
1.278
1.281
1.284
1.287
1.29
1.29
1.3
1.3
1.3
1.3
1.31
1.31
1.31
1.32
1.32
1.32
1.32
1.33
0.8956376
0.886664
0.9166319
0.9827117
1.0029
1.0069
1.0109
1.0149
1.019
1.023
1.027
1.031
1.035
1.038
1.042
1.046
1.05
1.054
1.058
1.062
1.065
1.069
1.073
1.077
1.08
1.084
1.088
1.092
1.095
1.099
1.103
1.106
1.11
1.113
1.117
1.121
1.124
1.128
1.131
1.135
1.138
1.142
1.145
1.149
1.152
1.156
1.159
1.162
1.166
1.169
1.172
1.176
1.179
1.182
1.186
1.189
1.192
1.195
1.199
1.202
1.205
1.208
1.211
1.215
1.218
1.221
1.224
1.227
1.23
1.233
1.236
1.239
1.242
1.245
1.248
1.251
1.254
1.257
1.26
1.263
1.266
1.269
1.272
1.275
1.277
1.28
1.283
1.29
1.29
1.29
1.29
1.3
1.3
1.3
1.31
1.31
1.31
1.31
1.32
1.32
0.8956376
0.886664
0.916632
0.9827117
1.0029
1.0068
1.0107
1.0146
1.018
1.022
1.026
1.03
1.034
1.038
1.041
1.045
1.049
1.053
1.057
1.06
1.064
1.068
1.071
1.075
1.079
1.082
1.086
1.09
1.093
1.097
1.1
1.104
1.107
1.111
1.115
1.118
1.121
1.125
1.128
1.132
1.135
1.139
1.142
1.145
1.149
1.152
1.155
1.159
1.162
1.165
1.169
1.172
1.175
1.178
1.181
1.185
1.188
1.191
1.194
1.197
1.2
1.203
1.207
1.21
1.213
1.216
1.219
1.222
1.225
1.228
1.231
1.234
1.237
1.239
1.242
1.245
1.248
1.251
1.254
1.257
1.26
1.262
1.265
1.268
1.271
1.274
1.276
1.279
1.28
1.28
1.29
1.29
1.29
1.3
1.3
1.3
1.3
1.31
1.31
1.31
0.8956376
0.886664
0.916632
0.9827117
1.0028
1.0067
1.0105
1.0143
1.018
1.022
1.026
1.029
1.033
1.037
1.041
1.044
1.048
1.052
1.055
1.059
1.063
1.066
1.07
1.074
1.077
1.081
1.084
1.088
1.091
1.095
1.098
1.102
1.105
1.109
1.112
1.115
1.119
1.122
1.126
1.129
1.132
1.136
1.139
1.142
1.145
1.149
1.152
1.155
1.158
1.162
1.165
1.168
1.171
1.174
1.177
1.18
1.184
1.187
1.19
1.193
1.196
1.199
1.202
1.205
1.208
1.211
1.214
1.217
1.22
1.222
1.225
1.228
1.231
1.234
1.237
1.24
1.242
1.245
1.248
1.251
1.254
1.256
1.259
1.262
1.264
1.267
1.27
1.272
1.28
1.28
1.28
1.28
1.29
1.29
1.29
1.29
1.3
1.3
1.3
1.3
0.8956376
0.886664
0.916632
0.9827117
1.0028
1.0065
1.0103
1.014
1.018
1.021
1.025
1.029
1.033
1.036
1.04
1.044
1.047
1.051
1.054
1.058
1.061
1.065
1.069
1.072
1.076
1.079
1.083
1.086
1.089
1.093
1.096
1.1
1.103
1.106
1.11
1.113
1.116
1.12
1.123
1.126
1.13
1.133
1.136
1.139
1.142
1.146
1.149
1.152
1.155
1.158
1.161
1.164
1.167
1.17
1.174
1.177
1.18
1.183
1.186
1.189
1.191
1.194
1.197
1.2
1.203
1.206
1.209
1.212
1.215
1.217
1.22
1.223
1.226
1.229
1.231
1.234
1.237
1.24
1.242
1.245
1.248
1.25
1.253
1.256
1.258
1.261
1.264
1.266
1.27
1.27
1.27
1.28
1.28
1.28
1.28
1.29
1.29
1.29
1.29
1.3
0.8956376
0.886664
0.916632
0.9827117
1.0027
1.0064
1.0101
1.0138
1.017
1.021
1.025
1.028
1.032
1.036
1.039
1.043
1.046
1.05
1.053
1.057
1.06
1.064
1.067
1.071
1.074
1.077
1.081
1.084
1.088
1.091
1.094
1.098
1.101
1.104
1.107
1.111
1.114
1.117
1.12
1.124
1.127
1.13
1.133
1.136
1.139
1.142
1.146
1.149
1.152
1.155
1.158
1.161
1.164
1.167
1.17
1.173
1.176
1.179
1.182
1.184
1.187
1.19
1.193
1.196
1.199
1.202
1.204
1.207
1.21
1.213
1.215
1.218
1.221
1.224
1.226
1.229
1.232
1.234
1.237
1.24
1.242
1.245
1.247
1.25
1.253
1.255
1.258
1.26
1.263
1.27
1.27
1.27
1.27
1.28
1.28
1.28
1.28
1.28
1.29
1.29
0.8956376
0.886664
0.916632
0.9827117
1.0027
1.0063
1.0099
1.0135
1.017
1.021
1.024
1.028
1.031
1.035
1.038
1.042
1.045
1.049
1.052
1.056
1.059
1.063
1.066
1.069
1.073
1.076
1.079
1.083
1.086
1.089
1.092
1.096
1.099
1.102
1.105
1.109
1.112
1.115
1.118
1.121
1.124
1.127
1.13
1.133
1.137
1.14
1.143
1.146
1.149
1.152
1.155
1.157
1.16
1.163
1.166
1.169
1.172
1.175
1.178
1.181
1.183
1.186
1.189
1.192
1.194
1.197
1.2
1.203
1.205
1.208
1.211
1.213
1.216
1.219
1.221
1.224
1.227
1.229
1.232
1.234
1.237
1.239
1.242
1.244
1.247
1.249
1.252
1.254
1.257
1.26
1.26
1.26
1.27
1.27
1.27
1.27
1.28
1.28
1.28
1.28
0.8956376
0.886664
0.916632
0.9827117
1.0026
1.0062
1.0098
1.0133
1.017
1.02
1.024
1.027
1.031
1.034
1.038
1.041
1.044
1.048
1.051
1.055
1.058
1.061
1.065
1.068
1.071
1.074
1.078
1.081
1.084
1.087
1.091
1.094
1.097
1.1
1.103
1.106
1.109
1.113
1.116
1.119
1.122
1.125
1.128
1.131
1.134
1.137
1.14
1.143
1.146
1.148
1.151
1.154
1.157
1.16
1.163
1.166
1.168
1.171
1.174
1.177
1.179
1.182
1.185
1.188
1.19
1.193
1.196
1.198
1.201
1.204
1.206
1.209
1.211
1.214
1.217
1.219
1.222
1.224
1.227
1.229
1.232
1.234
1.237
1.239
1.242
1.244
1.246
1.249
1.251
1.25
1.26
1.26
1.26
1.26
1.27
1.27
1.27
1.27
1.27
1.28
0.8956376
0.886664
0.916632
0.9827117
1.0026
1.0061
1.0096
1.0131
1.017
1.02
1.023
1.027
1.03
1.034
1.037
1.04
1.044
1.047
1.05
1.054
1.057
1.06
1.063
1.067
1.07
1.073
1.076
1.079
1.083
1.086
1.089
1.092
1.095
1.098
1.101
1.104
1.107
1.11
1.113
1.116
1.119
1.122
1.125
1.128
1.131
1.134
1.137
1.14
1.143
1.145
1.148
1.151
1.154
1.157
1.159
1.162
1.165
1.168
1.17
1.173
1.176
1.178
1.181
1.184
1.186
1.189
1.192
1.194
1.197
1.199
1.202
1.204
1.207
1.21
1.212
1.215
1.217
1.219
1.222
1.224
1.227
1.229
1.232
1.234
1.236
1.239
1.241
1.244
1.246
1.25
1.25
1.25
1.26
1.26
1.26
1.26
1.26
1.27
1.27
1.27
0.8956376
0.886664
0.916632
0.9827117
1.0025
1.006
1.0094
1.0128
1.016
1.02
1.023
1.026
1.03
1.033
1.036
1.04
1.043
1.046
1.049
1.053
1.056
1.059
1.062
1.065
1.069
1.072
1.075
1.078
1.081
1.084
1.087
1.09
1.093
1.096
1.099
1.102
1.105
1.108
1.111
1.114
1.117
1.12
1.123
1.126
1.129
1.131
1.134
1.137
1.14
1.143
1.145
1.148
1.151
1.154
1.156
1.159
1.162
1.164
1.167
1.17
1.172
1.175
1.177
1.18
1.183
1.185
1.188
1.19
1.193
1.195
1.198
1.2
1.203
1.205
1.208
1.21
1.213
1.215
1.217
1.22
1.222
1.224
1.227
1.229
1.231
1.234
1.236
1.238
1.241
1.24
1.25
1.25
1.25
1.25
1.25
1.26
1.26
1.26
1.26
1.27
0.8956376
0.886664
0.916632
0.9827117
1.0025
1.0059
1.0093
1.0126
1.016
1.019
1.023
1.026
1.029
1.032
1.036
1.039
1.042
1.045
1.049
1.052
1.055
1.058
1.061
1.064
1.067
1.07
1.073
1.077
1.08
1.083
1.086
1.089
1.092
1.095
1.097
1.1
1.103
1.106
1.109
1.112
1.115
1.118
1.12
1.123
1.126
1.129
1.132
1.134
1.137
1.14
1.143
1.145
1.148
1.151
1.153
1.156
1.158
1.161
1.164
1.166
1.169
1.171
1.174
1.176
1.179
1.181
1.184
1.186
1.189
1.191
1.194
1.196
1.199
1.201
1.203
1.206
1.208
1.211
1.213
1.215
1.218
1.22
1.222
1.224
1.227
1.229
1.231
1.233
1.236
1.238
1.24
1.24
1.24
1.25
1.25
1.25
1.25
1.26
1.26
1.26
0.8956376
0.886664
0.916632
0.9827117
1.0025
1.0058
1.0091
1.0124
1.016
1.019
1.022
1.025
1.029
1.032
1.035
1.038
1.041
1.045
1.048
1.051
1.054
1.057
1.06
1.063
1.066
1.069
1.072
1.075
1.078
1.081
1.084
1.087
1.09
1.093
1.096
1.099
1.101
1.104
1.107
1.11
1.113
1.115
1.118
1.121
1.124
1.126
1.129
1.132
1.134
1.137
1.14
1.142
1.145
1.148
1.15
1.153
1.155
1.158
1.16
1.163
1.166
1.168
1.171
1.173
1.175
1.178
1.18
1.183
1.185
1.188
1.19
1.192
1.195
1.197
1.199
1.202
1.204
1.206
1.209
1.211
1.213
1.215
1.218
1.22
1.222
1.224
1.227
1.229
1.231
1.233
1.24
1.24
1.24
1.24
1.24
1.25
1.25
1.25
1.25
1.25
0.8956376
0.886664
0.916632
0.9827117
1.0024
1.0057
1.009
1.0122
1.015
1.019
1.022
1.025
1.028
1.031
1.034
1.038
1.041
1.044
1.047
1.05
1.053
1.056
1.059
1.062
1.065
1.068
1.071
1.074
1.077
1.08
1.083
1.085
1.088
1.091
1.094
1.097
1.1
1.102
1.105
1.108
1.111
1.113
1.116
1.119
1.121
1.124
1.127
1.129
1.132
1.135
1.137
1.14
1.142
1.145
1.147
1.15
1.152
1.155
1.157
1.16
1.162
1.165
1.167
1.17
1.172
1.174
1.177
1.179
1.182
1.184
1.186
1.189
1.191
1.193
1.195
1.198
1.2
1.202
1.204
1.207
1.209
1.211
1.213
1.215
1.218
1.22
1.222
1.224
1.226
1.228
1.23
1.23
1.23
1.24
1.24
1.24
1.24
1.24
1.25
1.25
0.8956376
0.886664
0.916632
0.9827117
1.0024
1.0056
1.0088
1.012
1.015
1.018
1.021
1.025
1.028
1.031
1.034
1.037
1.04
1.043
1.046
1.049
1.052
1.055
1.058
1.061
1.064
1.067
1.07
1.073
1.075
1.078
1.081
1.084
1.087
1.089
1.092
1.095
1.098
1.1
1.103
1.106
1.109
1.111
1.114
1.117
1.119
1.122
1.124
1.127
1.13
1.132
1.135
1.137
1.14
1.142
1.145
1.147
1.15
1.152
1.154
1.157
1.159
1.162
1.164
1.166
1.169
1.171
1.173
1.176
1.178
1.18
1.183
1.185
1.187
1.189
1.192
1.194
1.196
1.198
1.2
1.203
1.205
1.207
1.209
1.211
1.213
1.215
1.218
1.22
1.222
1.224
1.23
1.23
1.23
1.23
1.23
1.24
1.24
1.24
1.24
1.24
0.8956376
0.886664
0.916632
0.9827117
1.0023
1.0055
1.0087
1.0118
1.015
1.018
1.021
1.024
1.027
1.03
1.033
1.036
1.039
1.042
1.045
1.048
1.051
1.054
1.057
1.06
1.063
1.066
1.068
1.071
1.074
1.077
1.08
1.082
1.085
1.088
1.091
1.093
1.096
1.099
1.101
1.104
1.107
1.109
1.112
1.114
1.117
1.12
1.122
1.125
1.127
1.13
1.132
1.135
1.137
1.14
1.142
1.144
1.147
1.149
1.152
1.154
1.156
1.159
1.161
1.163
1.166
1.168
1.17
1.172
1.175
1.177
1.179
1.181
1.184
1.186
1.188
1.19
1.192
1.195
1.197
1.199
1.201
1.203
1.205
1.207
1.209
1.211
1.213
1.215
1.217
1.219
1.221
1.22
1.23
1.23
1.23
1.23
1.23
1.24
1.24
1.24
0.8956376
0.886664
0.916632
0.9827117
1.0023
1.0054
1.0085
1.0116
1.015
1.018
1.021
1.024
1.027
1.03
1.033
1.036
1.039
1.042
1.045
1.047
1.05
1.053
1.056
1.059
1.062
1.065
1.067
1.07
1.073
1.076
1.078
1.081
1.084
1.086
1.089
1.092
1.094
1.097
1.1
1.102
1.105
1.107
1.11
1.112
1.115
1.117
1.12
1.122
1.125
1.127
1.13
1.132
1.135
1.137
1.139
1.142
1.144
1.147
1.149
1.151
1.153
1.156
1.158
1.16
1.163
1.165
1.167
1.169
1.171
1.174
1.176
1.178
1.18
1.182
1.184
1.187
1.189
1.191
1.193
1.195
1.197
1.199
1.201
1.203
1.205
1.207
1.209
1.211
1.213
1.215
1.217
1.22
1.22
1.22
1.23
1.23
1.23
1.23
1.23
1.23
0.8956376
0.886664
0.916632
0.9827117
1.0023
1.0053
1.0084
1.0115
1.014
1.017
1.02
1.023
1.026
1.029
1.032
1.035
1.038
1.041
1.044
1.047
1.05
1.052
1.055
1.058
1.061
1.063
1.066
1.069
1.072
1.074
1.077
1.08
1.082
1.085
1.088
1.09
1.093
1.095
1.098
1.1
1.103
1.105
1.108
1.11
1.113
1.115
1.118
1.12
1.123
1.125
1.128
1.13
1.132
1.135
1.137
1.139
1.142
1.144
1.146
1.148
1.151
1.153
1.155
1.157
1.16
1.162
1.164
1.166
1.168
1.171
1.173
1.175
1.177
1.179
1.181
1.183
1.185
1.187
1.189
1.191
1.193
1.195
1.197
1.199
1.201
1.203
1.205
1.207
1.209
1.211
1.213
1.22
1.22
1.22
1.22
1.22
1.22
1.23
1.23
1.23
0.8956376
0.886664
0.916632
0.9827117
1.0022
1.0053
1.0083
1.0113
1.014
1.017
1.02
1.023
1.026
1.029
1.032
1.035
1.038
1.04
1.043
1.046
1.049
1.052
1.054
1.057
1.06
1.062
1.065
1.068
1.07
1.073
1.076
1.078
1.081
1.084
1.086
1.089
1.091
1.094
1.096
1.099
1.101
1.104
1.106
1.109
1.111
1.113
1.116
1.118
1.121
1.123
1.125
1.128
1.13
1.132
1.135
1.137
1.139
1.141
1.144
1.146
1.148
1.15
1.152
1.155
1.157
1.159
1.161
1.163
1.165
1.167
1.17
1.172
1.174
1.176
1.178
1.18
1.182
1.184
1.186
1.188
1.19
1.192
1.194
1.196
1.198
1.2
1.202
1.203
1.205
1.207
1.209
1.21
1.21
1.21
1.22
1.22
1.22
1.22
1.22
1.23
0.8956376
0.886664
0.916632
0.9827117
1.0022
1.0052
1.0082
1.0111
1.014
1.017
1.02
1.023
1.026
1.028
1.031
1.034
1.037
1.04
1.042
1.045
1.048
1.051
1.053
1.056
1.059
1.061
1.064
1.067
1.069
1.072
1.075
1.077
1.08
1.082
1.085
1.087
1.09
1.092
1.095
1.097
1.1
1.102
1.104
1.107
1.109
1.112
1.114
1.116
1.119
1.121
1.123
1.125
1.128
1.13
1.132
1.134
1.137
1.139
1.141
1.143
1.145
1.148
1.15
1.152
1.154
1.156
1.158
1.16
1.162
1.164
1.167
1.169
1.171
1.173
1.175
1.177
1.179
1.181
1.183
1.185
1.186
1.188
1.19
1.192
1.194
1.196
1.198
1.2
1.202
1.204
1.205
1.207
1.21
1.21
1.21
1.21
1.22
1.22
1.22
1.22
0.8956376
0.886664
0.916632
0.9827117
1.0022
1.0051
1.008
1.0109
1.014
1.017
1.02
1.022
1.025
1.028
1.031
1.034
1.036
1.039
1.042
1.045
1.047
1.05
1.053
1.055
1.058
1.06
1.063
1.066
1.068
1.071
1.073
1.076
1.078
1.081
1.083
1.086
1.088
1.091
1.093
1.096
1.098
1.1
1.103
1.105
1.107
1.11
1.112
1.114
1.117
1.119
1.121
1.123
1.126
1.128
1.13
1.132
1.134
1.137
1.139
1.141
1.143
1.145
1.147
1.149
1.151
1.153
1.155
1.158
1.16
1.162
1.164
1.166
1.168
1.17
1.172
1.174
1.175
1.177
1.179
1.181
1.183
1.185
1.187
1.189
1.191
1.193
1.194
1.196
1.198
1.2
1.202
1.203
1.21
1.21
1.21
1.21
1.21
1.21
1.22
1.22
0.8956376
0.886664
0.916632
0.9827117
1.0021
1.005
1.0079
1.0108
1.014
1.016
1.019
1.022
1.025
1.028
1.03
1.033
1.036
1.039
1.041
1.044
1.047
1.049
1.052
1.054
1.057
1.06
1.062
1.065
1.067
1.07
1.072
1.075
1.077
1.08
1.082
1.084
1.087
1.089
1.092
1.094
1.096
1.099
1.101
1.103
1.106
1.108
1.11
1.112
1.115
1.117
1.119
1.121
1.123
1.126
1.128
1.13
1.132
1.134
1.136
1.138
1.141
1.143
1.145
1.147
1.149
1.151
1.153
1.155
1.157
1.159
1.161
1.163
1.165
1.167
1.169
1.17
1.172
1.174
1.176
1.178
1.18
1.182
1.184
1.185
1.187
1.189
1.191
1.193
1.195
1.196
1.198
1.2
1.2
1.2
1.21
1.21
1.21
1.21
1.21
1.21
0.8956376
0.886664
0.916632
0.9827117
1.0021
1.005
1.0078
1.0106
1.013
1.016
1.019
1.022
1.024
1.027
1.03
1.033
1.035
1.038
1.041
1.043
1.046
1.048
1.051
1.054
1.056
1.059
1.061
1.064
1.066
1.069
1.071
1.073
1.076
1.078
1.081
1.083
1.085
1.088
1.09
1.092
1.095
1.097
1.099
1.102
1.104
1.106
1.108
1.111
1.113
1.115
1.117
1.119
1.121
1.124
1.126
1.128
1.13
1.132
1.134
1.136
1.138
1.14
1.142
1.144
1.146
1.148
1.15
1.152
1.154
1.156
1.158
1.16
1.162
1.164
1.166
1.168
1.169
1.171
1.173
1.175
1.177
1.179
1.18
1.182
1.184
1.186
1.188
1.189
1.191
1.193
1.195
1.196
1.2
1.2
1.2
1.2
1.2
1.21
1.21
1.21
0.8956376
0.886664
0.916632
0.9827117
1.0021
1.0049
1.0077
1.0105
1.013
1.016
1.019
1.021
1.024
1.027
1.029
1.032
1.035
1.037
1.04
1.043
1.045
1.048
1.05
1.053
1.055
1.058
1.06
1.063
1.065
1.068
1.07
1.072
1.075
1.077
1.079
1.082
1.084
1.086
1.089
1.091
1.093
1.096
1.098
1.1
1.102
1.104
1.107
1.109
1.111
1.113
1.115
1.117
1.119
1.122
1.124
1.126
1.128
1.13
1.132
1.134
1.136
1.138
1.14
1.142
1.144
1.146
1.148
1.15
1.152
1.153
1.155
1.157
1.159
1.161
1.163
1.165
1.167
1.168
1.17
1.172
1.174
1.176
1.177
1.179
1.181
1.183
1.184
1.186
1.188
1.19
1.191
1.193
1.19
1.2
1.2
1.2
1.2
1.2
1.2
1.21
0.8956376
0.886664
0.916632
0.9827117
1.0021
1.0048
1.0076
1.0103
1.013
1.016
1.018
1.021
1.024
1.026
1.029
1.032
1.034
1.037
1.039
1.042
1.044
1.047
1.049
1.052
1.054
1.057
1.059
1.062
1.064
1.067
1.069
1.071
1.074
1.076
1.078
1.081
1.083
1.085
1.087
1.09
1.092
1.094
1.096
1.098
1.101
1.103
1.105
1.107
1.109
1.111
1.113
1.115
1.118
1.12
1.122
1.124
1.126
1.128
1.13
1.132
1.134
1.136
1.138
1.14
1.141
1.143
1.145
1.147
1.149
1.151
1.153
1.155
1.157
1.158
1.16
1.162
1.164
1.166
1.167
1.169
1.171
1.173
1.174
1.176
1.178
1.18
1.181
1.183
1.185
1.186
1.188
1.19
1.191
1.19
1.19
1.2
1.2
1.2
1.2
1.2
0.8956376
0.886664
0.916632
0.9827117
1.002
1.0048
1.0075
1.0102
1.013
1.016
1.018
1.021
1.023
1.026
1.029
1.031
1.034
1.036
1.039
1.041
1.044
1.046
1.049
1.051
1.054
1.056
1.058
1.061
1.063
1.066
1.068
1.07
1.072
1.075
1.077
1.079
1.082
1.084
1.086
1.088
1.09
1.093
1.095
1.097
1.099
1.101
1.103
1.105
1.107
1.11
1.112
1.114
1.116
1.118
1.12
1.122
1.124
1.126
1.128
1.13
1.132
1.133
1.135
1.137
1.139
1.141
1.143
1.145
1.147
1.149
1.15
1.152
1.154
1.156
1.158
1.159
1.161
1.163
1.165
1.166
1.168
1.17
1.171
1.173
1.175
1.177
1.178
1.18
1.182
1.183
1.185
1.186
1.188
1.19
1.19
1.19
1.19
1.2
1.2
1.2
0.8956376
0.886664
0.916632
0.9827117
1.002
1.0047
1.0074
1.0101
1.013
1.015
1.018
1.021
1.023
1.026
1.028
1.031
1.033
1.036
1.038
1.041
1.043
1.046
1.048
1.05
1.053
1.055
1.058
1.06
1.062
1.065
1.067
1.069
1.071
1.074
1.076
1.078
1.08
1.083
1.085
1.087
1.089
1.091
1.093
1.095
1.098
1.1
1.102
1.104
1.106
1.108
1.11
1.112
1.114
1.116
1.118
1.12
1.122
1.124
1.126
1.128
1.129
1.131
1.133
1.135
1.137
1.139
1.141
1.142
1.144
1.146
1.148
1.15
1.151
1.153
1.155
1.157
1.158
1.16
1.162
1.164
1.165
1.167
1.169
1.17
1.172
1.174
1.175
1.177
1.179
1.18
1.182
1.183
1.185
1.19
1.19
1.19
1.19
1.19
1.19
1.2
0.8956376
0.886664
0.916632
0.9827117
1.002
1.0046
1.0073
1.0099
1.013
1.015
1.018
1.02
1.023
1.025
1.028
1.03
1.033
1.035
1.038
1.04
1.043
1.045
1.047
1.05
1.052
1.054
1.057
1.059
1.061
1.064
1.066
1.068
1.07
1.073
1.075
1.077
1.079
1.081
1.083
1.086
1.088
1.09
1.092
1.094
1.096
1.098
1.1
1.102
1.104
1.106
1.108
1.11
1.112
1.114
1.116
1.118
1.12
1.122
1.124
1.126
1.127
1.129
1.131
1.133
1.135
1.137
1.138
1.14
1.142
1.144
1.146
1.147
1.149
1.151
1.153
1.154
1.156
1.158
1.159
1.161
1.163
1.164
1.166
1.168
1.169
1.171
1.172
1.174
1.176
1.177
1.179
1.18
1.182
1.18
1.18
1.19
1.19
1.19
1.19
1.19
0.8956376
0.886664
0.916632
0.9827117
1.002
1.0046
1.0072
1.0098
1.012
1.015
1.017
1.02
1.023
1.025
1.027
1.03
1.032
1.035
1.037
1.04
1.042
1.044
1.047
1.049
1.051
1.054
1.056
1.058
1.06
1.063
1.065
1.067
1.069
1.072
1.074
1.076
1.078
1.08
1.082
1.084
1.086
1.089
1.091
1.093
1.095
1.097
1.099
1.101
1.103
1.105
1.107
1.109
1.11
1.112
1.114
1.116
1.118
1.12
1.122
1.124
1.125
1.127
1.129
1.131
1.133
1.135
1.136
1.138
1.14
1.142
1.143
1.145
1.147
1.148
1.15
1.152
1.153
1.155
1.157
1.158
1.16
1.162
1.163
1.165
1.166
1.168
1.17
1.171
1.173
1.174
1.176
1.177
1.179
1.18
1.18
1.18
1.18
1.19
1.19
1.19
0.8956376
0.886664
0.916632
0.9827117
1.0019
1.0045
1.0071
1.0097
1.012
1.015
1.017
1.02
1.022
1.025
1.027
1.03
1.032
1.034
1.037
1.039
1.041
1.044
1.046
1.048
1.051
1.053
1.055
1.057
1.06
1.062
1.064
1.066
1.068
1.071
1.073
1.075
1.077
1.079
1.081
1.083
1.085
1.087
1.089
1.091
1.093
1.095
1.097
1.099
1.101
1.103
1.105
1.107
1.109
1.111
1.113
1.114
1.116
1.118
1.12
1.122
1.124
1.125
1.127
1.129
1.131
1.132
1.134
1.136
1.138
1.139
1.141
1.143
1.144
1.146
1.148
1.149
1.151
1.153
1.154
1.156
1.158
1.159
1.161
1.162
1.164
1.165
1.167
1.169
1.17
1.172
1.173
1.175
1.176
1.178
1.18
1.18
1.18
1.18
1.18
1.19
0.8956376
0.886664
0.916632
0.9827117
1.0019
1.0045
1.007
1.0095
1.012
1.015
1.017
1.019
1.022
1.024
1.027
1.029
1.032
1.034
1.036
1.039
1.041
1.043
1.045
1.048
1.05
1.052
1.054
1.057
1.059
1.061
1.063
1.065
1.067
1.07
1.072
1.074
1.076
1.078
1.08
1.082
1.084
1.086
1.088
1.09
1.092
1.094
1.096
1.098
1.1
1.102
1.103
1.105
1.107
1.109
1.111
1.113
1.115
1.116
1.118
1.12
1.122
1.124
1.125
1.127
1.129
1.13
1.132
1.134
1.136
1.137
1.139
1.141
1.142
1.144
1.146
1.147
1.149
1.15
1.152
1.154
1.155
1.157
1.158
1.16
1.161
1.163
1.164
1.166
1.167
1.169
1.17
1.172
1.173
1.175
1.18
1.18
1.18
1.18
1.18
1.18
0.8956376
0.886664
0.916632
0.9827117
1.0019
1.0044
1.0069
1.0094
1.012
1.014
1.017
1.019
1.022
1.024
1.026
1.029
1.031
1.033
1.036
1.038
1.04
1.043
1.045
1.047
1.049
1.051
1.054
1.056
1.058
1.06
1.062
1.064
1.066
1.069
1.071
1.073
1.075
1.077
1.079
1.081
1.083
1.085
1.087
1.089
1.091
1.093
1.094
1.096
1.098
1.1
1.102
1.104
1.106
1.107
1.109
1.111
1.113
1.115
1.116
1.118
1.12
1.122
1.123
1.125
1.127
1.129
1.13
1.132
1.134
1.135
1.137
1.138
1.14
1.142
1.143
1.145
1.146
1.148
1.15
1.151
1.153
1.154
1.156
1.157
1.159
1.16
1.162
1.163
1.165
1.166
1.168
1.169
1.171
1.172
1.17
1.17
1.18
1.18
1.18
1.18
0.8956376
0.886664
0.916632
0.9827117
1.0019
1.0044
1.0068
1.0093
1.012
1.014
1.017
1.019
1.021
1.024
1.026
1.028
1.031
1.033
1.035
1.038
1.04
1.042
1.044
1.046
1.049
1.051
1.053
1.055
1.057
1.059
1.061
1.064
1.066
1.068
1.07
1.072
1.074
1.076
1.078
1.08
1.082
1.084
1.086
1.087
1.089
1.091
1.093
1.095
1.097
1.099
1.101
1.102
1.104
1.106
1.108
1.109
1.111
1.113
1.115
1.116
1.118
1.12
1.122
1.123
1.125
1.127
1.128
1.13
1.132
1.133
1.135
1.136
1.138
1.14
1.141
1.143
1.144
1.146
1.147
1.149
1.15
1.152
1.153
1.155
1.156
1.158
1.159
1.161
1.162
1.164
1.165
1.167
1.168
1.169
1.17
1.17
1.17
1.17
1.18
1.18
0.8956376
0.886664
0.916632
0.9827117
1.0018
1.0043
1.0068
1.0092
1.012
1.014
1.016
1.019
1.021
1.023
1.026
1.028
1.03
1.033
1.035
1.037
1.039
1.041
1.044
1.046
1.048
1.05
1.052
1.054
1.056
1.059
1.061
1.063
1.065
1.067
1.069
1.071
1.073
1.075
1.077
1.079
1.08
1.082
1.084
1.086
1.088
1.09
1.092
1.094
1.095
1.097
1.099
1.101
1.103
1.104
1.106
1.108
1.11
1.111
1.113
1.115
1.116
1.118
1.12
1.122
1.123
1.125
1.126
1.128
1.13
1.131
1.133
1.134
1.136
1.138
1.139
1.141
1.142
1.144
1.145
1.147
1.148
1.15
1.151
1.153
1.154
1.156
1.157
1.158
1.16
1.161
1.163
1.164
1.165
1.167
1.168
1.17
1.17
1.17
1.17
1.17
0.8956376
0.886664
0.916632
0.9827117
1.0018
1.0042
1.0067
1.0091
1.011
1.014
1.016
1.019
1.021
1.023
1.025
1.028
1.03
1.032
1.034
1.037
1.039
1.041
1.043
1.045
1.047
1.049
1.052
1.054
1.056
1.058
1.06
1.062
1.064
1.066
1.068
1.07
1.072
1.074
1.076
1.078
1.079
1.081
1.083
1.085
1.087
1.089
1.091
1.092
1.094
1.096
1.098
1.099
1.101
1.103
1.105
1.106
1.108
1.11
1.112
1.113
1.115
1.116
1.118
1.12
1.121
1.123
1.125
1.126
1.128
1.129
1.131
1.132
1.134
1.136
1.137
1.139
1.14
1.142
1.143
1.145
1.146
1.147
1.149
1.15
1.152
1.153
1.155
1.156
1.157
1.159
1.16
1.162
1.163
1.164
1.166
1.17
1.17
1.17
1.17
1.17
0.8956376
0.886664
0.916632
0.9827117
1.0018
1.0042
1.0066
1.009
1.011
1.014
1.016
1.018
1.021
1.023
1.025
1.027
1.03
1.032
1.034
1.036
1.038
1.04
1.043
1.045
1.047
1.049
1.051
1.053
1.055
1.057
1.059
1.061
1.063
1.065
1.067
1.069
1.071
1.073
1.075
1.076
1.078
1.08
1.082
1.084
1.086
1.088
1.089
1.091
1.093
1.095
1.096
1.098
1.1
1.102
1.103
1.105
1.107
1.108
1.11
1.112
1.113
1.115
1.116
1.118
1.12
1.121
1.123
1.124
1.126
1.127
1.129
1.131
1.132
1.134
1.135
1.137
1.138
1.14
1.141
1.142
1.144
1.145
1.147
1.148
1.15
1.151
1.152
1.154
1.155
1.156
1.158
1.159
1.161
1.162
1.163
1.16
1.17
1.17
1.17
1.17
0.8956376
0.886664
0.916632
0.9827117
1.0018
1.0041
1.0065
1.0089
1.011
1.014
1.016
1.018
1.02
1.023
1.025
1.027
1.029
1.031
1.034
1.036
1.038
1.04
1.042
1.044
1.046
1.048
1.05
1.052
1.054
1.056
1.058
1.06
1.062
1.064
1.066
1.068
1.07
1.072
1.074
1.075
1.077
1.079
1.081
1.083
1.085
1.086
1.088
1.09
1.092
1.093
1.095
1.097
1.098
1.1
1.102
1.103
1.105
1.107
1.108
1.11
1.112
1.113
1.115
1.116
1.118
1.12
1.121
1.123
1.124
1.126
1.127
1.129
1.13
1.132
1.133
1.135
1.136
1.138
1.139
1.14
1.142
1.143
1.145
1.146
1.147
1.149
1.15
1.152
1.153
1.154
1.156
1.157
1.158
1.16
1.161
1.16
1.16
1.16
1.17
1.17
0.8956376
0.886664
0.916632
0.9827117
1.0017
1.0041
1.0064
1.0088
1.011
1.013
1.016
1.018
1.02
1.022
1.025
1.027
1.029
1.031
1.033
1.035
1.037
1.039
1.041
1.044
1.046
1.048
1.05
1.052
1.054
1.056
1.058
1.059
1.061
1.063
1.065
1.067
1.069
1.071
1.073
1.074
1.076
1.078
1.08
1.082
1.083
1.085
1.087
1.089
1.09
1.092
1.094
1.095
1.097
1.099
1.1
1.102
1.104
1.105
1.107
1.109
1.11
1.112
1.113
1.115
1.116
1.118
1.119
1.121
1.122
1.124
1.125
1.127
1.128
1.13
1.131
1.133
1.134
1.136
1.137
1.138
1.14
1.141
1.143
1.144
1.145
1.147
1.148
1.149
1.151
1.152
1.153
1.155
1.156
1.157
1.158
1.16
1.16
1.16
1.16
1.16
0.8956376
0.886664
0.916632
0.9827117
1.0017
1.0041
1.0064
1.0087
1.011
1.013
1.015
1.018
1.02
1.022
1.024
1.026
1.028
1.031
1.033
1.035
1.037
1.039
1.041
1.043
1.045
1.047
1.049
1.051
1.053
1.055
1.057
1.059
1.061
1.062
1.064
1.066
1.068
1.07
1.072
1.073
1.075
1.077
1.079
1.081
1.082
1.084
1.086
1.087
1.089
1.091
1.093
1.094
1.096
1.097
1.099
1.101
1.102
1.104
1.105
1.107
1.109
1.11
1.112
1.113
1.115
1.116
1.118
1.119
1.121
1.122
1.124
1.125
1.127
1.128
1.129
1.131
1.132
1.134
1.135
1.136
1.138
1.139
1.141
1.142
1.143
1.145
1.146
1.147
1.149
1.15
1.151
1.152
1.154
1.155
1.156
1.16
1.16
1.16
1.16
1.16
0.8956376
0.886664
0.916632
0.9827117
1.0017
1.004
1.0063
1.0086
1.011
1.013
1.015
1.017
1.02
1.022
1.024
1.026
1.028
1.03
1.032
1.034
1.036
1.038
1.04
1.042
1.044
1.046
1.048
1.05
1.052
1.054
1.056
1.058
1.06
1.062
1.064
1.065
1.067
1.069
1.071
1.073
1.074
1.076
1.078
1.08
1.081
1.083
1.085
1.086
1.088
1.09
1.091
1.093
1.095
1.096
1.098
1.099
1.101
1.103
1.104
1.106
1.107
1.109
1.11
1.112
1.113
1.115
1.116
1.118
1.119
1.121
1.122
1.123
1.125
1.126
1.128
1.129
1.13
1.132
1.133
1.135
1.136
1.137
1.139
1.14
1.141
1.143
1.144
1.145
1.146
1.148
1.149
1.15
1.151
1.153
1.154
1.155
1.16
1.16
1.16
1.16
0.8956376
0.886664
0.916632
0.9827117
1.0017
1.004
1.0062
1.0085
1.011
1.013
1.015
1.017
1.019
1.022
1.024
1.026
1.028
1.03
1.032
1.034
1.036
1.038
1.04
1.042
1.044
1.046
1.048
1.05
1.052
1.054
1.055
1.057
1.059
1.061
1.063
1.065
1.066
1.068
1.07
1.072
1.073
1.075
1.077
1.079
1.08
1.082
1.084
1.085
1.087
1.089
1.09
1.092
1.093
1.095
1.097
1.098
1.1
1.101
1.103
1.104
1.106
1.107
1.109
1.11
1.112
1.113
1.115
1.116
1.118
1.119
1.12
1.122
1.123
1.125
1.126
1.127
1.129
1.13
1.131
1.133
1.134
1.135
1.137
1.138
1.139
1.141
1.142
1.143
1.144
1.146
1.147
1.148
1.149
1.151
1.152
1.153
1.15
1.16
1.16
1.16
0.8956376
0.886664
0.916632
0.9827117
1.0017
1.0039
1.0061
1.0084
1.011
1.013
1.015
1.017
1.019
1.021
1.023
1.025
1.028
1.03
1.032
1.034
1.036
1.038
1.04
1.041
1.043
1.045
1.047
1.049
1.051
1.053
1.055
1.057
1.058
1.06
1.062
1.064
1.066
1.067
1.069
1.071
1.072
1.074
1.076
1.078
1.079
1.081
1.083
1.084
1.086
1.087
1.089
1.091
1.092
1.094
1.095
1.097
1.098
1.1
1.101
1.103
1.104
1.106
1.107
1.109
1.11
1.112
1.113
1.115
1.116
1.117
1.119
1.12
1.122
1.123
1.124
1.126
1.127
1.128
1.13
1.131
1.132
1.134
1.135
1.136
1.137
1.139
1.14
1.141
1.142
1.144
1.145
1.146
1.147
1.149
1.15
1.151
1.15
1.15
1.15
1.16
0.8956376
0.886664
0.916632
0.9827117
1.0016
1.0039
1.0061
1.0083
1.01
1.013
1.015
1.017
1.019
1.021
1.023
1.025
1.027
1.029
1.031
1.033
1.035
1.037
1.039
1.041
1.043
1.045
1.047
1.049
1.05
1.052
1.054
1.056
1.058
1.059
1.061
1.063
1.065
1.066
1.068
1.07
1.072
1.073
1.075
1.077
1.078
1.08
1.081
1.083
1.085
1.086
1.088
1.089
1.091
1.093
1.094
1.096
1.097
1.099
1.1
1.102
1.103
1.104
1.106
1.107
1.109
1.11
1.112
1.113
1.114
1.116
1.117
1.119
1.12
1.121
1.123
1.124
1.125
1.127
1.128
1.129
1.13
1.132
1.133
1.134
1.136
1.137
1.138
1.139
1.14
1.142
1.143
1.144
1.145
1.146
1.148
1.149
1.15
1.15
1.15
1.15
0.8956376
0.886664
0.916632
0.9827117
1.0016
1.0038
1.006
1.0082
1.01
1.012
1.015
1.017
1.019
1.021
1.023
1.025
1.027
1.029
1.031
1.033
1.035
1.037
1.039
1.041
1.042
1.044
1.046
1.048
1.05
1.052
1.053
1.055
1.057
1.059
1.06
1.062
1.064
1.066
1.067
1.069
1.071
1.072
1.074
1.076
1.077
1.079
1.08
1.082
1.084
1.085
1.087
1.088
1.09
1.091
1.093
1.094
1.096
1.097
1.099
1.1
1.102
1.103
1.105
1.106
1.107
1.109
1.11
1.112
1.113
1.114
1.116
1.117
1.118
1.12
1.121
1.122
1.124
1.125
1.126
1.127
1.129
1.13
1.131
1.132
1.134
1.135
1.136
1.137
1.139
1.14
1.141
1.142
1.143
1.145
1.146
1.147
1.15
1.15
1.15
1.15
0.8956376
0.886664
0.916632
0.9827117
1.0016
1.0038
1.0059
1.0081
1.01
1.012
1.014
1.016
1.019
1.021
1.023
1.025
1.027
1.029
1.03
1.032
1.034
1.036
1.038
1.04
1.042
1.044
1.046
1.047
1.049
1.051
1.053
1.055
1.056
1.058
1.06
1.061
1.063
1.065
1.067
1.068
1.07
1.071
1.073
1.075
1.076
1.078
1.079
1.081
1.083
1.084
1.086
1.087
1.089
1.09
1.092
1.093
1.095
1.096
1.098
1.099
1.1
1.102
1.103
1.105
1.106
1.107
1.109
1.11
1.111
1.113
1.114
1.115
1.117
1.118
1.119
1.121
1.122
1.123
1.125
1.126
1.127
1.128
1.13
1.131
1.132
1.133
1.134
1.136
1.137
1.138
1.139
1.14
1.141
1.143
1.144
1.145
1.146
1.15
1.15
1.15
0.8956376
0.886664
0.916632
0.9827117
1.0016
1.0037
1.0059
1.008
1.01
1.012
1.014
1.016
1.018
1.02
1.022
1.024
1.026
1.028
1.03
1.032
1.034
1.036
1.038
1.04
1.041
1.043
1.045
1.047
1.049
1.05
1.052
1.054
1.056
1.057
1.059
1.061
1.062
1.064
1.066
1.067
1.069
1.071
1.072
1.074
1.075
1.077
1.079
1.08
1.082
1.083
1.085
1.086
1.088
1.089
1.091
1.092
1.093
1.095
1.096
1.098
1.099
1.101
1.102
1.103
1.105
1.106
1.107
1.109
1.11
1.111
1.113
1.114
1.115
1.117
1.118
1.119
1.12
1.122
1.123
1.124
1.125
1.127
1.128
1.129
1.13
1.131
1.133
1.134
1.135
1.136
1.137
1.138
1.14
1.141
1.142
1.143
1.144
1.15
1.15
1.15
0.8956376
0.886664
0.916632
0.9827117
1.0016
1.0037
1.0058
1.0079
1.01
1.012
1.014
1.016
1.018
1.02
1.022
1.024
1.026
1.028
1.03
1.032
1.034
1.035
1.037
1.039
1.041
1.043
1.045
1.046
1.048
1.05
1.052
1.053
1.055
1.057
1.058
1.06
1.062
1.063
1.065
1.067
1.068
1.07
1.071
1.073
1.074
1.076
1.078
1.079
1.081
1.082
1.084
1.085
1.087
1.088
1.089
1.091
1.092
1.094
1.095
1.097
1.098
1.099
1.101
1.102
1.103
1.105
1.106
1.107
1.109
1.11
1.111
1.113
1.114
1.115
1.116
1.118
1.119
1.12
1.121
1.123
1.124
1.125
1.126
1.127
1.129
1.13
1.131
1.132
1.133
1.134
1.135
1.137
1.138
1.139
1.14
1.141
1.142
1.14
1.14
1.15
0.8956376
0.886664
0.916632
0.9827117
1.0016
1.0037
1.0058
1.0078
1.01
1.012
1.014
1.016
1.018
1.02
1.022
1.024
1.026
1.028
1.029
1.031
1.033
1.035
1.037
1.039
1.04
1.042
1.044
1.046
1.048
1.049
1.051
1.053
1.054
1.056
1.058
1.059
1.061
1.063
1.064
1.066
1.067
1.069
1.071
1.072
1.074
1.075
1.077
1.078
1.08
1.081
1.083
1.084
1.085
1.087
1.088
1.09
1.091
1.093
1.094
1.095
1.097
1.098
1.099
1.101
1.102
1.103
1.105
1.106
1.107
1.109
1.11
1.111
1.112
1.114
1.115
1.116
1.117
1.119
1.12
1.121
1.122
1.123
1.125
1.126
1.127
1.128
1.129
1.13
1.131
1.133
1.134
1.135
1.136
1.137
1.138
1.139
1.14
1.14
1.14
1.14
0.8956376
0.886664
0.916632
0.9827117
1.0015
1.0036
1.0057
1.0078
1.01
1.012
1.014
1.016
1.018
1.02
1.022
1.024
1.025
1.027
1.029
1.031
1.033
1.035
1.036
1.038
1.04
1.042
1.044
1.045
1.047
1.049
1.05
1.052
1.054
1.055
1.057
1.059
1.06
1.062
1.063
1.065
1.067
1.068
1.07
1.071
1.073
1.074
1.076
1.077
1.079
1.08
1.082
1.083
1.084
1.086
1.087
1.089
1.09
1.091
1.093
1.094
1.096
1.097
1.098
1.1
1.101
1.102
1.103
1.105
1.106
1.107
1.109
1.11
1.111
1.112
1.113
1.115
1.116
1.117
1.118
1.119
1.121
1.122
1.123
1.124
1.125
1.126
1.128
1.129
1.13
1.131
1.132
1.133
1.134
1.135
1.136
1.137
1.138
1.14
1.14
1.14
0.8956376
0.886664
0.916632
0.9827117
1.0015
1.0036
1.0056
1.0077
1.01
1.012
1.014
1.016
1.018
1.019
1.021
1.023
1.025
1.027
1.029
1.031
1.032
1.034
1.036
1.038
1.04
1.041
1.043
1.045
1.046
1.048
1.05
1.051
1.053
1.055
1.056
1.058
1.06
1.061
1.063
1.064
1.066
1.067
1.069
1.07
1.072
1.073
1.075
1.076
1.078
1.079
1.081
1.082
1.083
1.085
1.086
1.088
1.089
1.09
1.092
1.093
1.094
1.096
1.097
1.098
1.1
1.101
1.102
1.103
1.105
1.106
1.107
1.108
1.11
1.111
1.112
1.113
1.114
1.116
1.117
1.118
1.119
1.12
1.121
1.123
1.124
1.125
1.126
1.127
1.128
1.129
1.13
1.131
1.133
1.134
1.135
1.136
1.137
1.14
1.14
1.14
0.8956376
0.886664
0.916632
0.9827117
1.0015
1.0036
1.0056
1.0076
1.01
1.012
1.014
1.015
1.017
1.019
1.021
1.023
1.025
1.027
1.029
1.03
1.032
1.034
1.036
1.037
1.039
1.041
1.043
1.044
1.046
1.048
1.049
1.051
1.053
1.054
1.056
1.057
1.059
1.06
1.062
1.064
1.065
1.067
1.068
1.07
1.071
1.073
1.074
1.075
1.077
1.078
1.08
1.081
1.082
1.084
1.085
1.087
1.088
1.089
1.091
1.092
1.093
1.095
1.096
1.097
1.098
1.1
1.101
1.102
1.103
1.105
1.106
1.107
1.108
1.11
1.111
1.112
1.113
1.114
1.115
1.117
1.118
1.119
1.12
1.121
1.122
1.123
1.124
1.125
1.127
1.128
1.129
1.13
1.131
1.132
1.133
1.134
1.135
1.136
1.14
1.14
0.8956376
0.886664
0.916632
0.9827117
1.0015
1.0035
1.0055
1.0075
1.009
1.011
1.013
1.015
1.017
1.019
1.021
1.023
1.025
1.026
1.028
1.03
1.032
1.034
1.035
1.037
1.039
1.04
1.042
1.044
1.045
1.047
1.049
1.05
1.052
1.054
1.055
1.057
1.058
1.06
1.061
1.063
1.064
1.066
1.067
1.069
1.07
1.072
1.073
1.075
1.076
1.077
1.079
1.08
1.082
1.083
1.084
1.086
1.087
1.088
1.09
1.091
1.092
1.093
1.095
1.096
1.097
1.099
1.1
1.101
1.102
1.103
1.105
1.106
1.107
1.108
1.109
1.111
1.112
1.113
1.114
1.115
1.116
1.117
1.118
1.12
1.121
1.122
1.123
1.124
1.125
1.126
1.127
1.128
1.129
1.13
1.131
1.132
1.133
1.134
1.14
1.14
0.8956376
0.886664
0.916632
0.9827117
1.0015
1.0035
1.0055
1.0074
1.009
1.011
1.013
1.015
1.017
1.019
1.021
1.023
1.024
1.026
1.028
1.03
1.031
1.033
1.035
1.037
1.038
1.04
1.042
1.043
1.045
1.047
1.048
1.05
1.051
1.053
1.055
1.056
1.058
1.059
1.061
1.062
1.064
1.065
1.067
1.068
1.069
1.071
1.072
1.074
1.075
1.077
1.078
1.079
1.081
1.082
1.083
1.085
1.086
1.087
1.089
1.09
1.091
1.092
1.094
1.095
1.096
1.097
1.099
1.1
1.101
1.102
1.103
1.105
1.106
1.107
1.108
1.109
1.11
1.111
1.113
1.114
1.115
1.116
1.117
1.118
1.119
1.12
1.121
1.122
1.123
1.125
1.126
1.127
1.128
1.129
1.13
1.131
1.132
1.133
1.13
1.13
0.8956376
0.886664
0.916632
0.9827117
1.0015
1.0035
1.0054
1.0074
1.009
1.011
1.013
1.015
1.017
1.019
1.021
1.022
1.024
1.026
1.028
1.029
1.031
1.033
1.035
1.036
1.038
1.04
1.041
1.043
1.044
1.046
1.048
1.049
1.051
1.052
1.054
1.055
1.057
1.058
1.06
1.061
1.063
1.064
1.066
1.067
1.069
1.07
1.072
1.073
1.074
1.076
1.077
1.078
1.08
1.081
1.082
1.084
1.085
1.086
1.088
1.089
1.09
1.091
1.093
1.094
1.095
1.096
1.097
1.099
1.1
1.101
1.102
1.103
1.104
1.106
1.107
1.108
1.109
1.11
1.111
1.112
1.113
1.115
1.116
1.117
1.118
1.119
1.12
1.121
1.122
1.123
1.124
1.125
1.126
1.127
1.128
1.129
1.13
1.131
1.13
1.13
0.8956376
0.886664
0.916632
0.9827117
1.0015
1.0034
1.0054
1.0073
1.0092
1.011
1.013
1.015
1.017
1.018
1.02
1.022
1.024
1.026
1.027
1.029
1.031
1.033
1.034
1.036
1.038
1.039
1.041
1.042
1.044
1.046
1.047
1.049
1.05
1.052
1.053
1.055
1.056
1.058
1.059
1.061
1.062
1.064
1.065
1.067
1.068
1.069
1.071
1.072
1.073
1.075
1.076
1.077
1.079
1.08
1.081
1.083
1.084
1.085
1.087
1.088
1.089
1.09
1.091
1.093
1.094
1.095
1.096
1.097
1.099
1.1
1.101
1.102
1.103
1.104
1.106
1.107
1.108
1.109
1.11
1.111
1.112
1.113
1.114
1.115
1.116
1.117
1.118
1.119
1.121
1.122
1.123
1.124
1.125
1.126
1.127
1.128
1.128
1.129
1.13
1.13
0.8956376
0.886664
0.916632
0.9827117
1.0014
1.0034
1.0053
1.0072
1.0091
1.011
1.013
1.015
1.017
1.018
1.02
1.022
1.024
1.025
1.027
1.029
1.031
1.032
1.034
1.036
1.037
1.039
1.04
1.042
1.044
1.045
1.047
1.048
1.05
1.051
1.053
1.054
1.056
1.057
1.059
1.06
1.062
1.063
1.064
1.066
1.067
1.069
1.07
1.071
1.073
1.074
1.075
1.077
1.078
1.079
1.08
1.082
1.083
1.084
1.086
1.087
1.088
1.089
1.09
1.092
1.093
1.094
1.095
1.096
1.098
1.099
1.1
1.101
1.102
1.103
1.104
1.105
1.107
1.108
1.109
1.11
1.111
1.112
1.113
1.114
1.115
1.116
1.117
1.118
1.119
1.12
1.121
1.122
1.123
1.124
1.125
1.126
1.127
1.128
1.13
1.13
0.8956376
0.886664
0.916632
0.9827117
1.0014
1.0034
1.0053
1.0072
1.009
1.011
1.013
1.015
1.016
1.018
1.02
1.022
1.023
1.025
1.027
1.029
1.03
1.032
1.034
1.035
1.037
1.038
1.04
1.042
1.043
1.045
1.046
1.048
1.049
1.051
1.052
1.054
1.055
1.057
1.058
1.059
1.061
1.062
1.064
1.065
1.066
1.068
1.069
1.071
1.072
1.073
1.074
1.076
1.077
1.078
1.08
1.081
1.082
1.083
1.085
1.086
1.087
1.088
1.089
1.091
1.092
1.093
1.094
1.095
1.096
1.098
1.099
1.1
1.101
1.102
1.103
1.104
1.105
1.106
1.107
1.108
1.11
1.111
1.112
1.113
1.114
1.115
1.116
1.117
1.118
1.119
1.12
1.121
1.122
1.123
1.124
1.124
1.125
1.126
1.127
1.13
0.8956376
0.886664
0.916632
0.9827117
1.0014
1.0033
1.0052
1.0071
1.0089
1.011
1.013
1.014
1.016
1.018
1.02
1.021
1.023
1.025
1.027
1.028
1.03
1.032
1.033
1.035
1.036
1.038
1.04
1.041
1.043
1.044
1.046
1.047
1.049
1.05
1.052
1.053
1.055
1.056
1.057
1.059
1.06
1.062
1.063
1.064
1.066
1.067
1.068
1.07
1.071
1.072
1.074
1.075
1.076
1.077
1.079
1.08
1.081
1.082
1.084
1.085
1.086
1.087
1.088
1.09
1.091
1.092
1.093
1.094
1.095
1.096
1.098
1.099
1.1
1.101
1.102
1.103
1.104
1.105
1.106
1.107
1.108
1.109
1.11
1.111
1.112
1.113
1.114
1.115
1.116
1.117
1.118
1.119
1.12
1.121
1.122
1.123
1.124
1.125
1.126
1.13
0.8956376
0.886664
0.916632
0.9827117
1.0014
1.0033
1.0052
1.007
1.0089
1.011
1.012
1.014
1.016
1.018
1.02
1.021
1.023
1.025
1.026
1.028
1.03
1.031
1.033
1.034
1.036
1.038
1.039
1.041
1.042
1.044
1.045
1.047
1.048
1.05
1.051
1.053
1.054
1.055
1.057
1.058
1.06
1.061
1.062
1.064
1.065
1.066
1.068
1.069
1.07
1.072
1.073
1.074
1.075
1.077
1.078
1.079
1.08
1.082
1.083
1.084
1.085
1.086
1.087
1.089
1.09
1.091
1.092
1.093
1.094
1.095
1.096
1.098
1.099
1.1
1.101
1.102
1.103
1.104
1.105
1.106
1.107
1.108
1.109
1.11
1.111
1.112
1.113
1.114
1.115
1.116
1.117
1.118
1.119
1.12
1.121
1.122
1.122
1.123
1.124
1.13
