0.8956376
0.886664
0.9166269
0.9827062
1.00932
1.02246
1.036
1.0499
1.064
1.0783
1.0927
1.1072
1.1217
1.1362
1.1506
1.1651
1.1794
1.1937
1.208
1.2221
1.2361
1.2501
1.2639
1.2777
1.2913
1.3049
1.3183
1.3316
1.3448
1.3579
1.371
1.384
1.397
1.409
1.422
1.434
1.447
1.459
1.471
1.483
1.495
1.507
1.519
1.531
1.542
1.554
1.565
1.577
1.588
1.599
1.61
1.621
1.632
1.643
1.654
1.665
1.676
1.686
1.697
1.707
1.717
1.728
1.738
1.748
1.758
1.768
1.778
1.788
1.798
1.808
1.818
1.827
1.837
1.846
1.856
1.865
1.875
1.884
1.893
1.903
1.912
1.921
1.93
1.939
1.948
1.957
1.966
1.974
1.983
1.992
2.001
2.009
2.018
2.026
2.035
2.043
2.052
2.06
2.068
2.076
0.8956376
0.886664
0.9166286
0.9827081
1.00831
1.02
1.0321
1.0445
1.0572
1.07
1.0829
1.096
1.1091
1.1223
1.1355
1.1487
1.1618
1.1749
1.188
1.201
1.214
1.2269
1.24
1.252
1.265
1.278
1.29
1.303
1.315
1.327
1.339
1.351
1.363
1.375
1.387
1.399
1.41
1.422
1.433
1.445
1.456
1.467
1.478
1.489
1.5
1.511
1.522
1.533
1.543
1.554
1.565
1.575
1.585
1.596
1.606
1.616
1.626
1.636
1.646
1.656
1.666
1.675
1.685
1.695
1.704
1.714
1.723
1.733
1.742
1.751
1.76
1.77
1.779
1.788
1.797
1.806
1.815
1.823
1.832
1.841
1.85
1.858
1.867
1.875
1.884
1.892
1.901
1.909
1.917
1.925
1.934
1.942
1.95
1.958
1.966
1.974
1.982
1.99
1.998
2.006
0.8956376
0.886664
0.9166295
0.982709
1.00749
1.018
1.0289
1.0401
1.0515
1.0631
1.0748
1.0867
1.0986
1.1106
1.1227
1.1348
1.1468
1.1589
1.171
1.183
1.195
1.207
1.219
1.231
1.242
1.254
1.266
1.277
1.289
1.3
1.312
1.323
1.334
1.345
1.356
1.367
1.378
1.389
1.4
1.41
1.421
1.432
1.442
1.452
1.463
1.473
1.483
1.493
1.503
1.513
1.523
1.533
1.543
1.553
1.562
1.572
1.581
1.591
1.6
1.61
1.619
1.628
1.637
1.646
1.655
1.664
1.673
1.682
1.691
1.7
1.709
1.717
1.726
1.734
1.743
1.751
1.76
1.768
1.776
1.785
1.793
1.801
1.809
1.817
1.825
1.833
1.841
1.849
1.857
1.865
1.873
1.88
1.888
1.896
1.903
1.911
1.919
1.926
1.933
1.941
0.8956376
0.886664
0.91663
0.9827096
1.00682
1.0164
1.0263
1.0364
1.0468
1.0574
1.0681
1.0789
1.0898
1.1008
1.1118
1.123
1.134
1.145
1.156
1.167
1.178
1.189
1.2
1.211
1.222
1.233
1.244
1.255
1.266
1.276
1.287
1.298
1.308
1.318
1.329
1.339
1.349
1.36
1.37
1.38
1.39
1.4
1.41
1.419
1.429
1.439
1.448
1.458
1.467
1.477
1.486
1.495
1.505
1.514
1.523
1.532
1.541
1.55
1.559
1.568
1.576
1.585
1.594
1.603
1.611
1.62
1.628
1.636
1.645
1.653
1.661
1.67
1.678
1.686
1.694
1.702
1.71
1.718
1.726
1.734
1.741
1.749
1.757
1.764
1.772
1.78
1.787
1.795
1.802
1.81
1.817
1.824
1.832
1.839
1.846
1.853
1.86
1.868
1.875
1.882
0.8956376
0.886664
0.9166304
0.98271
1.00626
1.015
1.0241
1.0334
1.0428
1.0525
1.0623
1.0722
1.0822
1.0923
1.102
1.113
1.123
1.133
1.143
1.154
1.164
1.174
1.185
1.195
1.205
1.215
1.225
1.235
1.245
1.255
1.265
1.275
1.285
1.295
1.304
1.314
1.324
1.333
1.343
1.352
1.362
1.371
1.38
1.39
1.399
1.408
1.417
1.426
1.435
1.444
1.453
1.461
1.47
1.479
1.487
1.496
1.505
1.513
1.521
1.53
1.538
1.546
1.555
1.563
1.571
1.579
1.587
1.595
1.603
1.611
1.618
1.626
1.634
1.642
1.649
1.657
1.664
1.672
1.679
1.687
1.694
1.702
1.709
1.716
1.723
1.731
1.738
1.745
1.752
1.759
1.766
1.773
1.78
1.787
1.794
1.8
1.807
1.814
1.821
1.827
0.8956376
0.886664
0.9166306
0.9827102
1.00578
1.0139
1.0222
1.0307
1.0395
1.0484
1.0574
1.0665
1.0758
1.085
1.094
1.104
1.113
1.123
1.132
1.142
1.151
1.161
1.171
1.18
1.19
1.199
1.208
1.218
1.227
1.237
1.246
1.255
1.264
1.274
1.283
1.292
1.301
1.31
1.319
1.328
1.337
1.345
1.354
1.363
1.371
1.38
1.389
1.397
1.406
1.414
1.422
1.431
1.439
1.447
1.455
1.463
1.471
1.479
1.487
1.495
1.503
1.511
1.519
1.526
1.534
1.542
1.549
1.557
1.564
1.572
1.579
1.587
1.594
1.601
1.609
1.616
1.623
1.63
1.637
1.644
1.651
1.658
1.665
1.672
1.679
1.686
1.693
1.699
1.706
1.713
1.719
1.726
1.733
1.739
1.746
1.752
1.759
1.765
1.771
1.778
0.8956376
0.886664
0.9166308
0.9827104
1.00537
1.0129
1.0206
1.0285
1.0366
1.0448
1.0531
1.0616
1.0701
1.079
1.087
1.096
1.105
1.114
1.123
1.132
1.14
1.149
1.158
1.167
1.176
1.185
1.194
1.202
1.211
1.22
1.229
1.237
1.246
1.255
1.263
1.272
1.28
1.289
1.297
1.306
1.314
1.322
1.331
1.339
1.347
1.355
1.363
1.371
1.379
1.387
1.395
1.403
1.411
1.418
1.426
1.434
1.441
1.449
1.456
1.464
1.471
1.479
1.486
1.494
1.501
1.508
1.515
1.522
1.53
1.537
1.544
1.551
1.558
1.565
1.571
1.578
1.585
1.592
1.599
1.605
1.612
1.619
1.625
1.632
1.638
1.645
1.651
1.658
1.664
1.67
1.677
1.683
1.689
1.695
1.702
1.708
1.714
1.72
1.726
1.732
0.8956376
0.886664
0.916631
0.9827106
1.00501
1.012
1.0192
1.0265
1.034
1.0417
1.0494
1.0573
1.065
1.073
1.081
1.089
1.098
1.106
1.114
1.122
1.131
1.139
1.147
1.156
1.164
1.172
1.18
1.189
1.197
1.205
1.213
1.222
1.23
1.238
1.246
1.254
1.262
1.27
1.278
1.286
1.294
1.301
1.309
1.317
1.325
1.332
1.34
1.348
1.355
1.363
1.37
1.378
1.385
1.392
1.4
1.407
1.414
1.421
1.428
1.435
1.443
1.45
1.457
1.464
1.47
1.477
1.484
1.491
1.498
1.504
1.511
1.518
1.524
1.531
1.537
1.544
1.55
1.557
1.563
1.57
1.576
1.582
1.589
1.595
1.601
1.607
1.613
1.619
1.625
1.631
1.637
1.643
1.649
1.655
1.661
1.667
1.673
1.679
1.684
1.69
0.8956376
0.886664
0.9166311
0.9827107
1.0047
1.0112
1.018
1.0248
1.0318
1.039
1.0462
1.0535
1.061
1.068
1.076
1.084
1.091
1.099
1.107
1.114
1.122
1.13
1.138
1.145
1.153
1.161
1.169
1.176
1.184
1.192
1.2
1.207
1.215
1.223
1.23
1.238
1.245
1.253
1.26
1.268
1.275
1.283
1.29
1.297
1.305
1.312
1.319
1.326
1.333
1.34
1.348
1.355
1.362
1.369
1.375
1.382
1.389
1.396
1.403
1.41
1.416
1.423
1.43
1.436
1.443
1.449
1.456
1.462
1.469
1.475
1.481
1.488
1.494
1.5
1.506
1.513
1.519
1.525
1.531
1.537
1.543
1.549
1.555
1.561
1.567
1.573
1.578
1.584
1.59
1.596
1.601
1.607
1.613
1.618
1.624
1.63
1.635
1.641
1.646
1.652
0.8956376
0.886664
0.9166312
0.9827108
1.0044
1.0106
1.0169
1.0233
1.0299
1.0366
1.0433
1.05
1.057
1.064
1.071
1.078
1.085
1.093
1.1
1.107
1.114
1.122
1.129
1.136
1.144
1.151
1.158
1.165
1.173
1.18
1.187
1.195
1.202
1.209
1.216
1.223
1.23
1.237
1.245
1.252
1.259
1.266
1.273
1.279
1.286
1.293
1.3
1.307
1.314
1.32
1.327
1.334
1.34
1.347
1.354
1.36
1.367
1.373
1.379
1.386
1.392
1.399
1.405
1.411
1.417
1.424
1.43
1.436
1.442
1.448
1.454
1.46
1.466
1.472
1.478
1.484
1.49
1.495
1.501
1.507
1.513
1.518
1.524
1.53
1.535
1.541
1.546
1.552
1.557
1.563
1.568
1.574
1.579
1.584
1.59
1.595
1.6
1.606
1.611
1.616
0.8956376
0.886664
0.9166312
0.9827109
1.0042
1.01
1.0159
1.022
1.0282
1.0344
1.0408
1.047
1.054
1.06
1.067
1.074
1.08
1.087
1.094
1.101
1.108
1.114
1.121
1.128
1.135
1.142
1.149
1.156
1.162
1.169
1.176
1.183
1.19
1.197
1.203
1.21
1.217
1.224
1.23
1.237
1.244
1.25
1.257
1.263
1.27
1.276
1.283
1.289
1.296
1.302
1.308
1.315
1.321
1.327
1.333
1.34
1.346
1.352
1.358
1.364
1.37
1.376
1.382
1.388
1.394
1.4
1.406
1.412
1.417
1.423
1.429
1.435
1.44
1.446
1.452
1.457
1.463
1.468
1.474
1.479
1.485
1.49
1.496
1.501
1.506
1.512
1.517
1.522
1.527
1.533
1.538
1.543
1.548
1.553
1.558
1.563
1.568
1.573
1.578
1.583
0.8956376
0.886664
0.9166313
0.982711
1.004
1.0095
1.0151
1.0208
1.0266
1.0325
1.0385
1.045
1.051
1.057
1.063
1.069
1.076
1.082
1.089
1.095
1.101
1.108
1.114
1.121
1.127
1.134
1.14
1.147
1.153
1.16
1.166
1.173
1.179
1.185
1.192
1.198
1.205
1.211
1.217
1.224
1.23
1.236
1.242
1.249
1.255
1.261
1.267
1.273
1.279
1.285
1.291
1.297
1.303
1.309
1.315
1.321
1.327
1.333
1.339
1.344
1.35
1.356
1.361
1.367
1.373
1.378
1.384
1.389
1.395
1.4
1.406
1.411
1.417
1.422
1.428
1.433
1.438
1.443
1.449
1.454
1.459
1.464
1.469
1.474
1.48
1.485
1.49
1.495
1.5
1.505
1.51
1.514
1.519
1.524
1.529
1.534
1.539
1.543
1.548
1.553
0.8956376
0.886664
0.9166314
0.982711
1.0038
1.009
1.0143
1.0197
1.0252
1.0308
1.0365
1.042
1.048
1.054
1.06
1.066
1.072
1.078
1.084
1.09
1.096
1.102
1.108
1.114
1.12
1.126
1.133
1.139
1.145
1.151
1.157
1.163
1.169
1.175
1.181
1.187
1.193
1.199
1.205
1.211
1.217
1.223
1.229
1.235
1.241
1.247
1.253
1.258
1.264
1.27
1.276
1.281
1.287
1.293
1.298
1.304
1.31
1.315
1.321
1.326
1.332
1.337
1.342
1.348
1.353
1.358
1.364
1.369
1.374
1.38
1.385
1.39
1.395
1.4
1.405
1.41
1.415
1.42
1.425
1.43
1.435
1.44
1.445
1.45
1.455
1.46
1.465
1.469
1.474
1.479
1.484
1.488
1.493
1.498
1.502
1.507
1.511
1.516
1.52
1.525
0.8956376
0.886664
0.9166314
0.9827111
1.0036
1.0085
1.0136
1.0187
1.024
1.0293
1.0346
1.04
1.046
1.051
1.057
1.062
1.068
1.074
1.079
1.085
1.091
1.097
1.102
1.108
1.114
1.12
1.126
1.131
1.137
1.143
1.149
1.155
1.16
1.166
1.172
1.178
1.183
1.189
1.195
1.2
1.206
1.212
1.217
1.223
1.228
1.234
1.239
1.245
1.25
1.256
1.261
1.267
1.272
1.278
1.283
1.288
1.294
1.299
1.304
1.309
1.315
1.32
1.325
1.33
1.335
1.34
1.345
1.35
1.355
1.36
1.365
1.37
1.375
1.38
1.385
1.39
1.395
1.399
1.404
1.409
1.414
1.418
1.423
1.428
1.432
1.437
1.441
1.446
1.45
1.455
1.459
1.464
1.468
1.473
1.477
1.482
1.486
1.49
1.495
1.499
0.8956376
0.886664
0.9166315
0.9827111
1.0034
1.0082
1.013
1.0179
1.0228
1.0279
1.033
1.038
1.043
1.049
1.054
1.059
1.065
1.07
1.075
1.081
1.086
1.092
1.097
1.103
1.108
1.114
1.119
1.125
1.13
1.136
1.141
1.147
1.152
1.158
1.163
1.169
1.174
1.179
1.185
1.19
1.196
1.201
1.206
1.212
1.217
1.222
1.227
1.233
1.238
1.243
1.248
1.253
1.259
1.264
1.269
1.274
1.279
1.284
1.289
1.294
1.299
1.304
1.309
1.314
1.319
1.323
1.328
1.333
1.338
1.343
1.347
1.352
1.357
1.361
1.366
1.371
1.375
1.38
1.384
1.389
1.393
1.398
1.402
1.407
1.411
1.416
1.42
1.424
1.429
1.433
1.437
1.441
1.446
1.45
1.454
1.458
1.463
1.467
1.471
1.475
0.8956376
0.886664
0.9166315
0.9827112
1.0033
1.0078
1.0124
1.0171
1.0218
1.0266
1.031
1.036
1.041
1.046
1.051
1.056
1.061
1.067
1.072
1.077
1.082
1.087
1.092
1.098
1.103
1.108
1.113
1.119
1.124
1.129
1.134
1.139
1.145
1.15
1.155
1.16
1.165
1.171
1.176
1.181
1.186
1.191
1.196
1.201
1.206
1.211
1.216
1.221
1.226
1.231
1.236
1.241
1.246
1.251
1.256
1.261
1.265
1.27
1.275
1.28
1.284
1.289
1.294
1.299
1.303
1.308
1.312
1.317
1.322
1.326
1.331
1.335
1.34
1.344
1.348
1.353
1.357
1.362
1.366
1.37
1.375
1.379
1.383
1.387
1.392
1.396
1.4
1.404
1.408
1.412
1.417
1.421
1.425
1.429
1.433
1.437
1.441
1.445
1.449
1.453
0.8956376
0.886664
0.9166315
0.9827112
1.0031
1.0075
1.0119
1.0163
1.0208
1.0254
1.03
1.035
1.039
1.044
1.049
1.054
1.059
1.064
1.068
1.073
1.078
1.083
1.088
1.093
1.098
1.103
1.108
1.113
1.118
1.123
1.128
1.133
1.138
1.143
1.148
1.153
1.158
1.163
1.167
1.172
1.177
1.182
1.187
1.192
1.197
1.201
1.206
1.211
1.216
1.22
1.225
1.23
1.234
1.239
1.244
1.248
1.253
1.257
1.262
1.267
1.271
1.276
1.28
1.285
1.289
1.293
1.298
1.302
1.307
1.311
1.315
1.319
1.324
1.328
1.332
1.336
1.341
1.345
1.349
1.353
1.357
1.361
1.365
1.369
1.374
1.378
1.382
1.386
1.389
1.393
1.397
1.401
1.405
1.409
1.413
1.417
1.42
1.424
1.428
1.432
0.8956376
0.886664
0.9166316
0.9827112
1.003
1.0072
1.0114
1.0156
1.02
1.0244
1.029
1.033
1.038
1.042
1.047
1.051
1.056
1.061
1.065
1.07
1.075
1.079
1.084
1.089
1.094
1.098
1.103
1.108
1.113
1.117
1.122
1.127
1.132
1.136
1.141
1.146
1.15
1.155
1.16
1.164
1.169
1.174
1.178
1.183
1.188
1.192
1.197
1.201
1.206
1.21
1.215
1.219
1.224
1.228
1.233
1.237
1.241
1.246
1.25
1.254
1.259
1.263
1.267
1.272
1.276
1.28
1.284
1.288
1.293
1.297
1.301
1.305
1.309
1.313
1.317
1.321
1.325
1.329
1.333
1.337
1.341
1.345
1.349
1.353
1.357
1.361
1.364
1.368
1.372
1.376
1.379
1.383
1.387
1.391
1.394
1.398
1.402
1.405
1.409
1.413
0.8956376
0.886664
0.9166316
0.9827113
1.0029
1.0069
1.0109
1.015
1.0192
1.0234
1.028
1.032
1.036
1.041
1.045
1.049
1.054
1.058
1.063
1.067
1.072
1.076
1.081
1.085
1.09
1.094
1.099
1.103
1.108
1.112
1.117
1.121
1.126
1.13
1.135
1.139
1.144
1.148
1.153
1.157
1.162
1.166
1.17
1.175
1.179
1.184
1.188
1.192
1.197
1.201
1.205
1.209
1.214
1.218
1.222
1.226
1.231
1.235
1.239
1.243
1.247
1.251
1.255
1.26
1.264
1.268
1.272
1.276
1.28
1.284
1.288
1.292
1.295
1.299
1.303
1.307
1.311
1.315
1.319
1.322
1.326
1.33
1.334
1.337
1.341
1.345
1.348
1.352
1.356
1.359
1.363
1.366
1.37
1.374
1.377
1.381
1.384
1.388
1.391
1.394
0.8956376
0.886664
0.9166316
0.9827113
1.0028
1.0066
1.0105
1.0144
1.0184
1.0225
1.027
1.031
1.035
1.039
1.043
1.047
1.052
1.056
1.06
1.064
1.069
1.073
1.077
1.082
1.086
1.09
1.094
1.099
1.103
1.107
1.112
1.116
1.12
1.125
1.129
1.133
1.138
1.142
1.146
1.15
1.155
1.159
1.163
1.167
1.171
1.176
1.18
1.184
1.188
1.192
1.196
1.2
1.205
1.209
1.213
1.217
1.221
1.225
1.229
1.233
1.237
1.241
1.244
1.248
1.252
1.256
1.26
1.264
1.268
1.271
1.275
1.279
1.283
1.286
1.29
1.294
1.298
1.301
1.305
1.309
1.312
1.316
1.319
1.323
1.326
1.33
1.333
1.337
1.34
1.344
1.347
1.351
1.354
1.358
1.361
1.364
1.368
1.371
1.374
1.378
0.8956376
0.886664
0.9166316
0.9827113
1.0027
1.0064
1.0101
1.0139
1.0177
1.0216
1.026
1.029
1.033
1.037
1.041
1.045
1.049
1.054
1.058
1.062
1.066
1.07
1.074
1.078
1.082
1.086
1.091
1.095
1.099
1.103
1.107
1.111
1.115
1.12
1.124
1.128
1.132
1.136
1.14
1.144
1.148
1.152
1.156
1.16
1.164
1.168
1.172
1.176
1.18
1.184
1.188
1.192
1.196
1.2
1.204
1.208
1.211
1.215
1.219
1.223
1.227
1.23
1.234
1.238
1.242
1.245
1.249
1.253
1.256
1.26
1.264
1.267
1.271
1.274
1.278
1.282
1.285
1.289
1.292
1.296
1.299
1.303
1.306
1.309
1.313
1.316
1.32
1.323
1.326
1.33
1.333
1.336
1.339
1.343
1.346
1.349
1.352
1.356
1.359
1.362
0.8956376
0.886664
0.9166317
0.9827113
1.0026
1.0062
1.0098
1.0134
1.0171
1.0208
1.025
1.028
1.032
1.036
1.04
1.044
1.048
1.052
1.055
1.059
1.063
1.067
1.071
1.075
1.079
1.083
1.087
1.091
1.095
1.099
1.103
1.107
1.111
1.115
1.119
1.123
1.127
1.13
1.134
1.138
1.142
1.146
1.15
1.154
1.158
1.162
1.165
1.169
1.173
1.177
1.181
1.184
1.188
1.192
1.195
1.199
1.203
1.207
1.21
1.214
1.217
1.221
1.225
1.228
1.232
1.235
1.239
1.242
1.246
1.249
1.253
1.256
1.26
1.263
1.267
1.27
1.274
1.277
1.28
1.284
1.287
1.29
1.294
1.297
1.3
1.303
1.307
1.31
1.313
1.316
1.319
1.323
1.326
1.329
1.332
1.335
1.338
1.341
1.344
1.347
0.8956376
0.886664
0.9166317
0.9827113
1.0025
1.006
1.0094
1.013
1.0165
1.0201
1.024
1.027
1.031
1.035
1.038
1.042
1.046
1.05
1.053
1.057
1.061
1.065
1.069
1.072
1.076
1.08
1.084
1.088
1.091
1.095
1.099
1.103
1.107
1.11
1.114
1.118
1.122
1.125
1.129
1.133
1.137
1.14
1.144
1.148
1.151
1.155
1.159
1.162
1.166
1.17
1.173
1.177
1.181
1.184
1.188
1.191
1.195
1.198
1.202
1.205
1.209
1.212
1.216
1.219
1.223
1.226
1.229
1.233
1.236
1.24
1.243
1.246
1.25
1.253
1.256
1.259
1.263
1.266
1.269
1.272
1.276
1.279
1.282
1.285
1.288
1.291
1.294
1.297
1.301
1.304
1.307
1.31
1.313
1.316
1.319
1.322
1.325
1.328
1.331
1.334
0.8956376
0.886664
0.9166317
0.9827114
1.0024
1.0058
1.0091
1.0125
1.016
1.0194
1.023
1.026
1.03
1.033
1.037
1.041
1.044
1.048
1.051
1.055
1.059
1.062
1.066
1.07
1.073
1.077
1.081
1.084
1.088
1.092
1.095
1.099
1.103
1.106
1.11
1.113
1.117
1.121
1.124
1.128
1.131
1.135
1.139
1.142
1.146
1.149
1.153
1.156
1.16
1.163
1.167
1.17
1.174
1.177
1.181
1.184
1.187
1.191
1.194
1.197
1.201
1.204
1.207
1.211
1.214
1.217
1.221
1.224
1.227
1.23
1.234
1.237
1.24
1.243
1.246
1.249
1.252
1.256
1.259
1.262
1.265
1.268
1.271
1.274
1.277
1.28
1.283
1.286
1.289
1.292
1.295
1.298
1.301
1.304
1.306
1.309
1.312
1.315
1.318
1.321
0.8956376
0.886664
0.9166317
0.9827114
1.0024
1.0056
1.0088
1.0121
1.0154
1.0188
1.022
1.026
1.029
1.032
1.036
1.039
1.043
1.046
1.05
1.053
1.057
1.06
1.064
1.067
1.071
1.074
1.078
1.081
1.085
1.088
1.092
1.095
1.099
1.102
1.106
1.109
1.113
1.116
1.12
1.123
1.127
1.13
1.133
1.137
1.14
1.144
1.147
1.15
1.154
1.157
1.161
1.164
1.167
1.17
1.174
1.177
1.18
1.184
1.187
1.19
1.193
1.196
1.2
1.203
1.206
1.209
1.212
1.215
1.219
1.222
1.225
1.228
1.231
1.234
1.237
1.24
1.243
1.246
1.249
1.252
1.255
1.258
1.261
1.264
1.267
1.269
1.272
1.275
1.278
1.281
1.284
1.286
1.289
1.292
1.295
1.298
1.3
1.303
1.306
1.308
0.8956376
0.886664
0.9166317
0.9827114
1.0023
1.0054
1.0086
1.0117
1.0149
1.0182
1.021
1.025
1.028
1.031
1.035
1.038
1.041
1.045
1.048
1.051
1.055
1.058
1.061
1.065
1.068
1.072
1.075
1.078
1.082
1.085
1.089
1.092
1.095
1.099
1.102
1.105
1.109
1.112
1.115
1.119
1.122
1.125
1.129
1.132
1.135
1.138
1.142
1.145
1.148
1.151
1.155
1.158
1.161
1.164
1.167
1.171
1.174
1.177
1.18
1.183
1.186
1.189
1.192
1.195
1.198
1.201
1.205
1.208
1.211
1.213
1.216
1.219
1.222
1.225
1.228
1.231
1.234
1.237
1.24
1.243
1.245
1.248
1.251
1.254
1.257
1.259
1.262
1.265
1.268
1.27
1.273
1.276
1.279
1.281
1.284
1.287
1.289
1.292
1.294
1.297
0.8956376
0.886664
0.9166317
0.9827114
1.0022
1.0052
1.0083
1.0114
1.0145
1.0176
1.021
1.024
1.027
1.03
1.034
1.037
1.04
1.043
1.046
1.05
1.053
1.056
1.059
1.063
1.066
1.069
1.072
1.076
1.079
1.082
1.086
1.089
1.092
1.095
1.099
1.102
1.105
1.108
1.111
1.115
1.118
1.121
1.124
1.127
1.13
1.134
1.137
1.14
1.143
1.146
1.149
1.152
1.155
1.158
1.161
1.165
1.168
1.171
1.174
1.177
1.18
1.183
1.185
1.188
1.191
1.194
1.197
1.2
1.203
1.206
1.209
1.212
1.214
1.217
1.22
1.223
1.226
1.228
1.231
1.234
1.237
1.239
1.242
1.245
1.247
1.25
1.253
1.255
1.258
1.261
1.263
1.266
1.269
1.271
1.274
1.276
1.279
1.281
1.284
1.286
0.8956376
0.886664
0.9166317
0.9827114
1.0022
1.0051
1.0081
1.011
1.0141
1.0171
1.02
1.023
1.026
1.029
1.032
1.036
1.039
1.042
1.045
1.048
1.051
1.054
1.058
1.061
1.064
1.067
1.07
1.073
1.076
1.08
1.083
1.086
1.089
1.092
1.095
1.098
1.101
1.105
1.108
1.111
1.114
1.117
1.12
1.123
1.126
1.129
1.132
1.135
1.138
1.141
1.144
1.147
1.15
1.153
1.156
1.159
1.162
1.165
1.168
1.17
1.173
1.176
1.179
1.182
1.185
1.187
1.19
1.193
1.196
1.199
1.201
1.204
1.207
1.21
1.212
1.215
1.218
1.22
1.223
1.226
1.228
1.231
1.234
1.236
1.239
1.241
1.244
1.246
1.249
1.252
1.254
1.257
1.259
1.262
1.264
1.266
1.269
1.271
1.274
1.276
0.8956376
0.886664
0.9166318
0.9827115
1.0021
1.0049
1.0078
1.0107
1.0137
1.0166
1.02
1.023
1.025
1.028
1.031
1.034
1.038
1.041
1.044
1.047
1.05
1.053
1.056
1.059
1.062
1.065
1.068
1.071
1.074
1.077
1.08
1.083
1.086
1.089
1.092
1.095
1.098
1.101
1.104
1.107
1.11
1.113
1.116
1.119
1.122
1.125
1.128
1.131
1.133
1.136
1.139
1.142
1.145
1.148
1.151
1.153
1.156
1.159
1.162
1.165
1.167
1.17
1.173
1.176
1.178
1.181
1.184
1.187
1.189
1.192
1.195
1.197
1.2
1.202
1.205
1.208
1.21
1.213
1.215
1.218
1.22
1.223
1.226
1.228
1.231
1.233
1.235
1.238
1.24
1.243
1.245
1.248
1.25
1.253
1.255
1.257
1.26
1.262
1.264
1.267
0.8956376
0.886664
0.9166318
0.9827115
1.002
1.0048
1.0076
1.0104
1.0133
1.0161
1.019
1.022
1.025
1.028
1.031
1.033
1.036
1.039
1.042
1.045
1.048
1.051
1.054
1.057
1.06
1.063
1.066
1.069
1.072
1.075
1.077
1.08
1.083
1.086
1.089
1.092
1.095
1.098
1.101
1.104
1.106
1.109
1.112
1.115
1.118
1.121
1.123
1.126
1.129
1.132
1.135
1.137
1.14
1.143
1.146
1.148
1.151
1.154
1.157
1.159
1.162
1.165
1.167
1.17
1.172
1.175
1.178
1.18
1.183
1.185
1.188
1.191
1.193
1.196
1.198
1.201
1.203
1.206
1.208
1.211
1.213
1.216
1.218
1.22
1.223
1.225
1.228
1.23
1.232
1.235
1.237
1.239
1.242
1.244
1.246
1.249
1.251
1.253
1.255
1.258
0.8956376
0.886664
0.9166318
0.9827115
1.002
1.0047
1.0074
1.0101
1.0129
1.0157
1.018
1.021
1.024
1.027
1.03
1.033
1.035
1.038
1.041
1.044
1.047
1.05
1.052
1.055
1.058
1.061
1.064
1.067
1.069
1.072
1.075
1.078
1.081
1.084
1.086
1.089
1.092
1.095
1.098
1.1
1.103
1.106
1.109
1.111
1.114
1.117
1.12
1.122
1.125
1.128
1.13
1.133
1.136
1.138
1.141
1.144
1.146
1.149
1.151
1.154
1.157
1.159
1.162
1.164
1.167
1.169
1.172
1.174
1.177
1.179
1.182
1.184
1.187
1.189
1.192
1.194
1.197
1.199
1.201
1.204
1.206
1.208
1.211
1.213
1.215
1.218
1.22
1.222
1.225
1.227
1.229
1.231
1.234
1.236
1.238
1.24
1.243
1.245
1.247
1.249
0.8956376
0.886664
0.9166318
0.9827115
1.0019
1.0046
1.0072
1.0099
1.0126
1.0153
1.018
1.021
1.023
1.026
1.029
1.032
1.034
1.037
1.04
1.043
1.045
1.048
1.051
1.054
1.056
1.059
1.062
1.065
1.067
1.07
1.073
1.076
1.078
1.081
1.084
1.086
1.089
1.092
1.095
1.097
1.1
1.103
1.105
1.108
1.111
1.113
1.116
1.118
1.121
1.124
1.126
1.129
1.131
1.134
1.137
1.139
1.142
1.144
1.147
1.149
1.152
1.154
1.157
1.159
1.162
1.164
1.166
1.169
1.171
1.174
1.176
1.178
1.181
1.183
1.186
1.188
1.19
1.193
1.195
1.197
1.199
1.202
1.204
1.206
1.209
1.211
1.213
1.215
1.217
1.22
1.222
1.224
1.226
1.228
1.23
1.233
1.235
1.237
1.239
1.241
0.8956376
0.886664
0.9166318
0.9827115
1.0019
1.0044
1.007
1.0096
1.0122
1.0149
1.017
1.02
1.023
1.025
1.028
1.031
1.033
1.036
1.039
1.041
1.044
1.047
1.049
1.052
1.055
1.057
1.06
1.063
1.065
1.068
1.071
1.073
1.076
1.079
1.081
1.084
1.087
1.089
1.092
1.094
1.097
1.1
1.102
1.105
1.107
1.11
1.112
1.115
1.117
1.12
1.122
1.125
1.127
1.13
1.132
1.135
1.137
1.14
1.142
1.145
1.147
1.149
1.152
1.154
1.157
1.159
1.161
1.164
1.166
1.168
1.171
1.173
1.175
1.177
1.18
1.182
1.184
1.187
1.189
1.191
1.193
1.195
1.198
1.2
1.202
1.204
1.206
1.208
1.211
1.213
1.215
1.217
1.219
1.221
1.223
1.225
1.227
1.229
1.231
1.233
0.8956376
0.886664
0.9166318
0.9827115
1.0018
1.0043
1.0069
1.0094
1.0119
1.0145
1.017
1.02
1.022
1.025
1.027
1.03
1.033
1.035
1.038
1.04
1.043
1.045
1.048
1.051
1.053
1.056
1.058
1.061
1.064
1.066
1.069
1.071
1.074
1.076
1.079
1.082
1.084
1.087
1.089
1.092
1.094
1.097
1.099
1.102
1.104
1.107
1.109
1.111
1.114
1.116
1.119
1.121
1.124
1.126
1.128
1.131
1.133
1.136
1.138
1.14
1.143
1.145
1.147
1.15
1.152
1.154
1.156
1.159
1.161
1.163
1.165
1.168
1.17
1.172
1.174
1.176
1.179
1.181
1.183
1.185
1.187
1.189
1.192
1.194
1.196
1.198
1.2
1.202
1.204
1.206
1.208
1.21
1.212
1.214
1.216
1.218
1.22
1.222
1.224
1.226
0.8956376
0.886664
0.9166318
0.9827115
1.0018
1.0042
1.0067
1.0092
1.0116
1.0141
1.017
1.019
1.022
1.024
1.027
1.029
1.032
1.034
1.037
1.039
1.042
1.044
1.047
1.049
1.052
1.054
1.057
1.059
1.062
1.064
1.067
1.069
1.072
1.074
1.077
1.079
1.082
1.084
1.087
1.089
1.091
1.094
1.096
1.099
1.101
1.104
1.106
1.108
1.111
1.113
1.115
1.118
1.12
1.122
1.125
1.127
1.129
1.132
1.134
1.136
1.138
1.141
1.143
1.145
1.147
1.15
1.152
1.154
1.156
1.158
1.16
1.163
1.165
1.167
1.169
1.171
1.173
1.175
1.177
1.18
1.182
1.184
1.186
1.188
1.19
1.192
1.194
1.196
1.198
1.2
1.202
1.204
1.206
1.208
1.21
1.212
1.214
1.215
1.217
1.219
0.8956376
0.886664
0.9166318
0.9827115
1.0017
1.0041
1.0065
1.0089
1.0113
1.0138
1.016
1.019
1.021
1.024
1.026
1.028
1.031
1.033
1.036
1.038
1.041
1.043
1.046
1.048
1.05
1.053
1.055
1.058
1.06
1.063
1.065
1.067
1.07
1.072
1.075
1.077
1.079
1.082
1.084
1.087
1.089
1.091
1.094
1.096
1.098
1.101
1.103
1.105
1.108
1.11
1.112
1.114
1.117
1.119
1.121
1.123
1.126
1.128
1.13
1.132
1.134
1.137
1.139
1.141
1.143
1.145
1.147
1.149
1.152
1.154
1.156
1.158
1.16
1.162
1.164
1.166
1.168
1.17
1.172
1.174
1.176
1.178
1.18
1.182
1.184
1.186
1.188
1.19
1.192
1.194
1.196
1.198
1.2
1.202
1.203
1.205
1.207
1.209
1.211
1.213
0.8956376
0.886664
0.9166318
0.9827115
1.0017
1.004
1.0064
1.0087
1.0111
1.0134
1.016
1.018
1.021
1.023
1.025
1.028
1.03
1.032
1.035
1.037
1.04
1.042
1.044
1.047
1.049
1.052
1.054
1.056
1.059
1.061
1.063
1.066
1.068
1.07
1.073
1.075
1.077
1.08
1.082
1.084
1.086
1.089
1.091
1.093
1.096
1.098
1.1
1.102
1.105
1.107
1.109
1.111
1.113
1.116
1.118
1.12
1.122
1.124
1.126
1.128
1.131
1.133
1.135
1.137
1.139
1.141
1.143
1.145
1.147
1.149
1.151
1.153
1.155
1.157
1.159
1.161
1.163
1.165
1.167
1.169
1.171
1.173
1.175
1.177
1.179
1.181
1.183
1.185
1.186
1.188
1.19
1.192
1.194
1.196
1.198
1.199
1.201
1.203
1.205
1.207
0.8956376
0.886664
0.9166318
0.9827115
1.0017
1.0039
1.0062
1.0085
1.0108
1.013
1.015
1.018
1.02
1.022
1.025
1.027
1.029
1.032
1.034
1.036
1.039
1.041
1.043
1.046
1.048
1.05
1.053
1.055
1.057
1.059
1.062
1.064
1.066
1.068
1.071
1.073
1.075
1.077
1.08
1.082
1.084
1.086
1.089
1.091
1.093
1.095
1.097
1.1
1.102
1.104
1.106
1.108
1.11
1.112
1.114
1.117
1.119
1.121
1.123
1.125
1.127
1.129
1.131
1.133
1.135
1.137
1.139
1.141
1.143
1.145
1.147
1.149
1.151
1.153
1.155
1.157
1.159
1.161
1.163
1.164
1.166
1.168
1.17
1.172
1.174
1.176
1.177
1.179
1.181
1.183
1.185
1.187
1.188
1.19
1.192
1.194
1.195
1.197
1.199
1.201
0.8956376
0.886664
0.9166319
0.9827115
1.0016
1.0039
1.0061
1.0083
1.0106
1.013
1.015
1.017
1.02
1.022
1.024
1.026
1.029
1.031
1.033
1.035
1.038
1.04
1.042
1.044
1.047
1.049
1.051
1.053
1.056
1.058
1.06
1.062
1.065
1.067
1.069
1.071
1.073
1.075
1.078
1.08
1.082
1.084
1.086
1.088
1.091
1.093
1.095
1.097
1.099
1.101
1.103
1.105
1.107
1.109
1.111
1.113
1.115
1.118
1.12
1.122
1.124
1.126
1.128
1.129
1.131
1.133
1.135
1.137
1.139
1.141
1.143
1.145
1.147
1.149
1.151
1.153
1.154
1.156
1.158
1.16
1.162
1.164
1.165
1.167
1.169
1.171
1.173
1.174
1.176
1.178
1.18
1.181
1.183
1.185
1.186
1.188
1.19
1.192
1.193
1.195
0.8956376
0.886664
0.9166319
0.9827115
1.0016
1.0038
1.006
1.0082
1.0103
1.013
1.015
1.017
1.019
1.021
1.024
1.026
1.028
1.03
1.032
1.035
1.037
1.039
1.041
1.043
1.046
1.048
1.05
1.052
1.054
1.056
1.059
1.061
1.063
1.065
1.067
1.069
1.071
1.074
1.076
1.078
1.08
1.082
1.084
1.086
1.088
1.09
1.092
1.094
1.096
1.098
1.1
1.102
1.104
1.106
1.108
1.11
1.112
1.114
1.116
1.118
1.12
1.122
1.124
1.126
1.128
1.13
1.132
1.134
1.135
1.137
1.139
1.141
1.143
1.145
1.147
1.148
1.15
1.152
1.154
1.156
1.157
1.159
1.161
1.163
1.164
1.166
1.168
1.17
1.171
1.173
1.175
1.176
1.178
1.18
1.181
1.183
1.185
1.186
1.188
1.19
0.8956376
0.886664
0.9166319
0.9827115
1.0016
1.0037
1.0058
1.008
1.0101
1.012
1.014
1.017
1.019
1.021
1.023
1.025
1.027
1.03
1.032
1.034
1.036
1.038
1.04
1.042
1.044
1.047
1.049
1.051
1.053
1.055
1.057
1.059
1.061
1.063
1.066
1.068
1.07
1.072
1.074
1.076
1.078
1.08
1.082
1.084
1.086
1.088
1.09
1.092
1.094
1.096
1.098
1.1
1.102
1.104
1.106
1.108
1.11
1.111
1.113
1.115
1.117
1.119
1.121
1.123
1.125
1.126
1.128
1.13
1.132
1.134
1.136
1.137
1.139
1.141
1.143
1.144
1.146
1.148
1.15
1.151
1.153
1.155
1.157
1.158
1.16
1.162
1.163
1.165
1.167
1.168
1.17
1.172
1.173
1.175
1.176
1.178
1.18
1.181
1.183
1.184
0.8956376
0.886664
0.9166319
0.9827116
1.0015
1.0036
1.0057
1.0078
1.0099
1.012
1.014
1.016
1.018
1.02
1.023
1.025
1.027
1.029
1.031
1.033
1.035
1.037
1.039
1.041
1.043
1.046
1.048
1.05
1.052
1.054
1.056
1.058
1.06
1.062
1.064
1.066
1.068
1.07
1.072
1.074
1.076
1.078
1.08
1.082
1.084
1.086
1.088
1.09
1.092
1.094
1.095
1.097
1.099
1.101
1.103
1.105
1.107
1.109
1.11
1.112
1.114
1.116
1.118
1.12
1.121
1.123
1.125
1.127
1.129
1.13
1.132
1.134
1.136
1.137
1.139
1.141
1.142
1.144
1.146
1.147
1.149
1.151
1.152
1.154
1.156
1.157
1.159
1.161
1.162
1.164
1.165
1.167
1.169
1.17
1.172
1.173
1.175
1.176
1.178
1.18
0.8956376
0.886664
0.9166319
0.9827116
1.0015
1.0035
1.0056
1.0077
1.0097
1.012
1.014
1.016
1.018
1.02
1.022
1.024
1.026
1.028
1.03
1.032
1.034
1.036
1.038
1.04
1.042
1.044
1.047
1.049
1.051
1.053
1.055
1.057
1.059
1.06
1.062
1.064
1.066
1.068
1.07
1.072
1.074
1.076
1.078
1.08
1.082
1.084
1.086
1.088
1.089
1.091
1.093
1.095
1.097
1.099
1.1
1.102
1.104
1.106
1.108
1.11
1.111
1.113
1.115
1.117
1.118
1.12
1.122
1.124
1.125
1.127
1.129
1.13
1.132
1.134
1.135
1.137
1.139
1.14
1.142
1.144
1.145
1.147
1.149
1.15
1.152
1.153
1.155
1.157
1.158
1.16
1.161
1.163
1.164
1.166
1.167
1.169
1.17
1.172
1.173
1.175
0.8956376
0.886664
0.9166319
0.9827116
1.0015
1.0035
1.0055
1.0075
1.0095
1.012
1.014
1.016
1.018
1.02
1.022
1.024
1.026
1.028
1.03
1.032
1.034
1.036
1.038
1.04
1.042
1.044
1.045
1.047
1.049
1.051
1.053
1.055
1.057
1.059
1.061
1.063
1.065
1.067
1.069
1.071
1.072
1.074
1.076
1.078
1.08
1.082
1.084
1.085
1.087
1.089
1.091
1.093
1.094
1.096
1.098
1.1
1.102
1.103
1.105
1.107
1.109
1.11
1.112
1.114
1.115
1.117
1.119
1.12
1.122
1.124
1.125
1.127
1.129
1.13
1.132
1.134
1.135
1.137
1.138
1.14
1.142
1.143
1.145
1.146
1.148
1.149
1.151
1.153
1.154
1.156
1.157
1.159
1.16
1.162
1.163
1.165
1.166
1.167
1.169
1.17
0.8956376
0.886664
0.9166319
0.9827116
1.0014
1.0034
1.0054
1.0073
1.0093
1.011
1.013
1.015
1.017
1.019
1.021
1.023
1.025
1.027
1.029
1.031
1.033
1.035
1.037
1.039
1.041
1.043
1.044
1.046
1.048
1.05
1.052
1.054
1.056
1.058
1.06
1.062
1.063
1.065
1.067
1.069
1.071
1.073
1.074
1.076
1.078
1.08
1.082
1.083
1.085
1.087
1.089
1.09
1.092
1.094
1.096
1.097
1.099
1.101
1.103
1.104
1.106
1.108
1.109
1.111
1.113
1.114
1.116
1.118
1.119
1.121
1.122
1.124
1.126
1.127
1.129
1.13
1.132
1.134
1.135
1.137
1.138
1.14
1.141
1.143
1.144
1.146
1.147
1.149
1.15
1.152
1.153
1.155
1.156
1.158
1.159
1.16
1.162
1.163
1.165
1.166
0.8956376
0.886664
0.9166319
0.9827116
1.0014
1.0033
1.0053
1.0072
1.0091
1.011
1.013
1.015
1.017
1.019
1.021
1.023
1.025
1.026
1.028
1.03
1.032
1.034
1.036
1.038
1.04
1.042
1.044
1.045
1.047
1.049
1.051
1.053
1.055
1.056
1.058
1.06
1.062
1.064
1.066
1.067
1.069
1.071
1.073
1.074
1.076
1.078
1.08
1.081
1.083
1.085
1.087
1.088
1.09
1.092
1.093
1.095
1.097
1.098
1.1
1.102
1.103
1.105
1.107
1.108
1.11
1.112
1.113
1.115
1.116
1.118
1.119
1.121
1.123
1.124
1.126
1.127
1.129
1.13
1.132
1.133
1.135
1.136
1.138
1.139
1.141
1.142
1.144
1.145
1.147
1.148
1.149
1.151
1.152
1.154
1.155
1.156
1.158
1.159
1.161
1.162
0.8956376
0.886664
0.9166319
0.9827116
1.0014
1.0033
1.0052
1.0071
1.009
1.011
1.013
1.015
1.017
1.018
1.02
1.022
1.024
1.026
1.028
1.03
1.032
1.033
1.035
1.037
1.039
1.041
1.043
1.044
1.046
1.048
1.05
1.052
1.053
1.055
1.057
1.059
1.061
1.062
1.064
1.066
1.068
1.069
1.071
1.073
1.075
1.076
1.078
1.08
1.081
1.083
1.085
1.086
1.088
1.09
1.091
1.093
1.095
1.096
1.098
1.099
1.101
1.103
1.104
1.106
1.107
1.109
1.11
1.112
1.114
1.115
1.117
1.118
1.12
1.121
1.123
1.124
1.126
1.127
1.129
1.13
1.132
1.133
1.134
1.136
1.137
1.139
1.14
1.142
1.143
1.144
1.146
1.147
1.149
1.15
1.151
1.153
1.154
1.155
1.157
1.158
0.8956376
0.886664
0.9166319
0.9827116
1.0014
1.0032
1.0051
1.0069
1.0088
1.011
1.013
1.014
1.016
1.018
1.02
1.022
1.024
1.025
1.027
1.029
1.031
1.033
1.035
1.036
1.038
1.04
1.042
1.043
1.045
1.047
1.049
1.051
1.052
1.054
1.056
1.058
1.059
1.061
1.063
1.064
1.066
1.068
1.07
1.071
1.073
1.075
1.076
1.078
1.08
1.081
1.083
1.084
1.086
1.088
1.089
1.091
1.092
1.094
1.096
1.097
1.099
1.1
1.102
1.103
1.105
1.106
1.108
1.109
1.111
1.112
1.114
1.115
1.117
1.118
1.12
1.121
1.123
1.124
1.126
1.127
1.128
1.13
1.131
1.133
1.134
1.135
1.137
1.138
1.14
1.141
1.142
1.144
1.145
1.146
1.148
1.149
1.15
1.152
1.153
1.154
0.8956376
0.886664
0.9166319
0.9827116
1.0013
1.0032
1.005
1.0068
1.0086
1.01
1.012
1.014
1.016
1.018
1.02
1.021
1.023
1.025
1.027
1.028
1.03
1.032
1.034
1.036
1.037
1.039
1.041
1.043
1.044
1.046
1.048
1.05
1.051
1.053
1.055
1.056
1.058
1.06
1.061
1.063
1.065
1.066
1.068
1.07
1.071
1.073
1.075
1.076
1.078
1.079
1.081
1.083
1.084
1.086
1.087
1.089
1.09
1.092
1.093
1.095
1.097
1.098
1.1
1.101
1.103
1.104
1.106
1.107
1.108
1.11
1.111
1.113
1.114
1.116
1.117
1.119
1.12
1.121
1.123
1.124
1.126
1.127
1.128
1.13
1.131
1.132
1.134
1.135
1.136
1.138
1.139
1.14
1.142
1.143
1.144
1.145
1.147
1.148
1.149
1.151
0.8956376
0.886664
0.9166319
0.9827116
1.0013
1.0031
1.0049
1.0067
1.0085
1.01
1.012
1.014
1.016
1.017
1.019
1.021
1.023
1.024
1.026
1.028
1.03
1.031
1.033
1.035
1.037
1.038
1.04
1.042
1.043
1.045
1.047
1.049
1.05
1.052
1.054
1.055
1.057
1.058
1.06
1.062
1.063
1.065
1.067
1.068
1.07
1.071
1.073
1.075
1.076
1.078
1.079
1.081
1.082
1.084
1.085
1.087
1.088
1.09
1.091
1.093
1.094
1.096
1.097
1.099
1.1
1.102
1.103
1.105
1.106
1.107
1.109
1.11
1.112
1.113
1.114
1.116
1.117
1.119
1.12
1.121
1.123
1.124
1.125
1.127
1.128
1.129
1.131
1.132
1.133
1.135
1.136
1.137
1.138
1.14
1.141
1.142
1.143
1.145
1.146
1.147
0.8956376
0.886664
0.9166319
0.9827116
1.0013
1.0031
1.0048
1.0066
1.0083
1.01
1.012
1.014
1.015
1.017
1.019
1.021
1.022
1.024
1.026
1.027
1.029
1.031
1.033
1.034
1.036
1.038
1.039
1.041
1.043
1.044
1.046
1.048
1.049
1.051
1.052
1.054
1.056
1.057
1.059
1.06
1.062
1.064
1.065
1.067
1.068
1.07
1.071
1.073
1.075
1.076
1.078
1.079
1.081
1.082
1.084
1.085
1.087
1.088
1.089
1.091
1.092
1.094
1.095
1.097
1.098
1.099
1.101
1.102
1.104
1.105
1.106
1.108
1.109
1.111
1.112
1.113
1.115
1.116
1.117
1.119
1.12
1.121
1.123
1.124
1.125
1.126
1.128
1.129
1.13
1.131
1.133
1.134
1.135
1.136
1.138
1.139
1.14
1.141
1.143
1.144
0.8956376
0.886664
0.9166319
0.9827116
1.0013
1.003
1.0047
1.0065
1.0082
1.01
1.012
1.013
1.015
1.017
1.018
1.02
1.022
1.024
1.025
1.027
1.029
1.03
1.032
1.034
1.035
1.037
1.038
1.04
1.042
1.043
1.045
1.047
1.048
1.05
1.051
1.053
1.055
1.056
1.058
1.059
1.061
1.062
1.064
1.065
1.067
1.068
1.07
1.071
1.073
1.074
1.076
1.077
1.079
1.08
1.082
1.083
1.085
1.086
1.088
1.089
1.09
1.092
1.093
1.095
1.096
1.097
1.099
1.1
1.101
1.103
1.104
1.106
1.107
1.108
1.109
1.111
1.112
1.113
1.115
1.116
1.117
1.119
1.12
1.121
1.122
1.124
1.125
1.126
1.127
1.129
1.13
1.131
1.132
1.133
1.135
1.136
1.137
1.138
1.139
1.141
0.8956376
0.886664
0.9166319
0.9827116
1.0013
1.003
1.0046
1.0063
1.008
1.01
1.011
1.013
1.015
1.016
1.018
1.02
1.021
1.023
1.025
1.026
1.028
1.03
1.031
1.033
1.035
1.036
1.038
1.039
1.041
1.043
1.044
1.046
1.047
1.049
1.05
1.052
1.053
1.055
1.057
1.058
1.06
1.061
1.063
1.064
1.066
1.067
1.069
1.07
1.071
1.073
1.074
1.076
1.077
1.079
1.08
1.082
1.083
1.084
1.086
1.087
1.088
1.09
1.091
1.093
1.094
1.095
1.097
1.098
1.099
1.101
1.102
1.103
1.105
1.106
1.107
1.108
1.11
1.111
1.112
1.113
1.115
1.116
1.117
1.118
1.12
1.121
1.122
1.123
1.125
1.126
1.127
1.128
1.129
1.13
1.132
1.133
1.134
1.135
1.136
1.137
0.8956376
0.886664
0.9166319
0.9827116
1.0012
1.0029
1.0046
1.0062
1.0079
1.01
1.011
1.013
1.015
1.016
1.018
1.019
1.021
1.023
1.024
1.026
1.028
1.029
1.031
1.032
1.034
1.035
1.037
1.039
1.04
1.042
1.043
1.045
1.046
1.048
1.049
1.051
1.052
1.054
1.055
1.057
1.058
1.06
1.061
1.063
1.064
1.066
1.067
1.069
1.07
1.071
1.073
1.074
1.076
1.077
1.078
1.08
1.081
1.083
1.084
1.085
1.087
1.088
1.089
1.091
1.092
1.093
1.095
1.096
1.097
1.099
1.1
1.101
1.102
1.104
1.105
1.106
1.107
1.109
1.11
1.111
1.112
1.114
1.115
1.116
1.117
1.118
1.12
1.121
1.122
1.123
1.124
1.125
1.126
1.128
1.129
1.13
1.131
1.132
1.133
1.134
0.8956376
0.886664
0.9166319
0.9827116
1.0012
1.0029
1.0045
1.0061
1.0078
1.009
1.011
1.013
1.014
1.016
1.017
1.019
1.021
1.022
1.024
1.025
1.027
1.029
1.03
1.032
1.033
1.035
1.036
1.038
1.039
1.041
1.042
1.044
1.045
1.047
1.048
1.05
1.051
1.053
1.054
1.056
1.057
1.059
1.06
1.062
1.063
1.064
1.066
1.067
1.069
1.07
1.071
1.073
1.074
1.076
1.077
1.078
1.08
1.081
1.082
1.084
1.085
1.086
1.088
1.089
1.09
1.091
1.093
1.094
1.095
1.096
1.098
1.099
1.1
1.101
1.103
1.104
1.105
1.106
1.108
1.109
1.11
1.111
1.112
1.113
1.115
1.116
1.117
1.118
1.119
1.12
1.122
1.123
1.124
1.125
1.126
1.127
1.128
1.129
1.13
1.132
0.8956376
0.886664
0.9166319
0.9827116
1.0012
1.0028
1.0044
1.006
1.0076
1.009
1.011
1.012
1.014
1.016
1.017
1.019
1.02
1.022
1.023
1.025
1.027
1.028
1.03
1.031
1.033
1.034
1.036
1.037
1.039
1.04
1.042
1.043
1.045
1.046
1.048
1.049
1.05
1.052
1.053
1.055
1.056
1.058
1.059
1.06
1.062
1.063
1.065
1.066
1.067
1.069
1.07
1.071
1.073
1.074
1.075
1.077
1.078
1.079
1.081
1.082
1.083
1.085
1.086
1.087
1.088
1.09
1.091
1.092
1.093
1.095
1.096
1.097
1.098
1.099
1.101
1.102
1.103
1.104
1.105
1.107
1.108
1.109
1.11
1.111
1.112
1.113
1.115
1.116
1.117
1.118
1.119
1.12
1.121
1.122
1.123
1.124
1.126
1.127
1.128
1.129
0.8956376
0.886664
0.9166319
0.9827116
1.0012
1.0028
1.0044
1.0059
1.0075
1.009
1.011
1.012
1.014
1.015
1.017
1.018
1.02
1.022
1.023
1.025
1.026
1.028
1.029
1.031
1.032
1.034
1.035
1.037
1.038
1.039
1.041
1.042
1.044
1.045
1.047
1.048
1.05
1.051
1.052
1.054
1.055
1.057
1.058
1.059
1.061
1.062
1.063
1.065
1.066
1.067
1.069
1.07
1.071
1.073
1.074
1.075
1.077
1.078
1.079
1.08
1.082
1.083
1.084
1.085
1.087
1.088
1.089
1.09
1.091
1.093
1.094
1.095
1.096
1.097
1.099
1.1
1.101
1.102
1.103
1.104
1.105
1.107
1.108
1.109
1.11
1.111
1.112
1.113
1.114
1.115
1.117
1.118
1.119
1.12
1.121
1.122
1.123
1.124
1.125
1.126
0.8956376
0.886664
0.9166319
0.9827116
1.0012
1.0027
1.0043
1.0058
1.0074
1.009
1.01
1.012
1.014
1.015
1.017
1.018
1.02
1.021
1.023
1.024
1.026
1.027
1.029
1.03
1.032
1.033
1.034
1.036
1.037
1.039
1.04
1.042
1.043
1.044
1.046
1.047
1.049
1.05
1.051
1.053
1.054
1.055
1.057
1.058
1.06
1.061
1.062
1.063
1.065
1.066
1.067
1.069
1.07
1.071
1.073
1.074
1.075
1.076
1.078
1.079
1.08
1.081
1.082
1.084
1.085
1.086
1.087
1.088
1.09
1.091
1.092
1.093
1.094
1.095
1.097
1.098
1.099
1.1
1.101
1.102
1.103
1.104
1.106
1.107
1.108
1.109
1.11
1.111
1.112
1.113
1.114
1.115
1.116
1.117
1.118
1.119
1.12
1.121
1.122
1.123
0.8956376
0.886664
0.9166319
0.9827116
1.0011
1.0027
1.0042
1.0058
1.0073
1.009
1.01
1.012
1.013
1.015
1.016
1.018
1.019
1.021
1.022
1.024
1.025
1.027
1.028
1.03
1.031
1.032
1.034
1.035
1.037
1.038
1.04
1.041
1.042
1.044
1.045
1.046
1.048
1.049
1.05
1.052
1.053
1.054
1.056
1.057
1.058
1.06
1.061
1.062
1.064
1.065
1.066
1.067
1.069
1.07
1.071
1.072
1.074
1.075
1.076
1.077
1.078
1.08
1.081
1.082
1.083
1.084
1.086
1.087
1.088
1.089
1.09
1.091
1.092
1.094
1.095
1.096
1.097
1.098
1.099
1.1
1.101
1.102
1.103
1.105
1.106
1.107
1.108
1.109
1.11
1.111
1.112
1.113
1.114
1.115
1.116
1.117
1.118
1.119
1.12
1.121
0.8956376
0.886664
0.9166319
0.9827116
1.0011
1.0026
1.0042
1.0057
1.0072
1.009
1.01
1.012
1.013
1.015
1.016
1.018
1.019
1.02
1.022
1.023
1.025
1.026
1.028
1.029
1.03
1.032
1.033
1.035
1.036
1.037
1.039
1.04
1.042
1.043
1.044
1.046
1.047
1.048
1.05
1.051
1.052
1.054
1.055
1.056
1.057
1.059
1.06
1.061
1.062
1.064
1.065
1.066
1.067
1.069
1.07
1.071
1.072
1.073
1.075
1.076
1.077
1.078
1.079
1.081
1.082
1.083
1.084
1.085
1.086
1.087
1.088
1.09
1.091
1.092
1.093
1.094
1.095
1.096
1.097
1.098
1.099
1.1
1.101
1.103
1.104
1.105
1.106
1.107
1.108
1.109
1.11
1.111
1.112
1.113
1.114
1.115
1.116
1.117
1.118
1.119
0.8956376
0.886664
0.9166319
0.9827116
1.0011
1.0026
1.0041
1.0056
1.0071
1.009
1.01
1.011
1.013
1.014
1.016
1.017
1.019
1.02
1.022
1.023
1.024
1.026
1.027
1.029
1.03
1.031
1.033
1.034
1.035
1.037
1.038
1.04
1.041
1.042
1.043
1.045
1.046
1.047
1.049
1.05
1.051
1.053
1.054
1.055
1.056
1.058
1.059
1.06
1.061
1.063
1.064
1.065
1.066
1.067
1.069
1.07
1.071
1.072
1.073
1.074
1.076
1.077
1.078
1.079
1.08
1.081
1.082
1.083
1.085
1.086
1.087
1.088
1.089
1.09
1.091
1.092
1.093
1.094
1.095
1.096
1.097
1.098
1.1
1.101
1.102
1.103
1.104
1.105
1.106
1.107
1.108
1.109
1.11
1.11
1.111
1.112
1.113
1.114
1.115
1.116
0.8956376
0.886664
0.9166319
0.9827116
1.0011
1.0026
1.004
1.0055
1.007
1.008
1.01
1.011
1.013
1.014
1.016
1.017
1.018
1.02
1.021
1.023
1.024
1.025
1.027
1.028
1.029
1.031
1.032
1.034
1.035
1.036
1.038
1.039
1.04
1.041
1.043
1.044
1.045
1.047
1.048
1.049
1.05
1.052
1.053
1.054
1.055
1.057
1.058
1.059
1.06
1.061
1.063
1.064
1.065
1.066
1.067
1.068
1.07
1.071
1.072
1.073
1.074
1.075
1.076
1.078
1.079
1.08
1.081
1.082
1.083
1.084
1.085
1.086
1.087
1.088
1.089
1.09
1.092
1.093
1.094
1.095
1.096
1.097
1.098
1.099
1.1
1.101
1.102
1.103
1.104
1.105
1.105
1.106
1.107
1.108
1.109
1.11
1.111
1.112
1.113
1.114
0.8956376
0.886664
0.9166319
0.9827116
1.0011
1.0025
1.004
1.0054
1.0069
1.008
1.01
1.011
1.013
1.014
1.015
1.017
1.018
1.02
1.021
1.022
1.024
1.025
1.026
1.028
1.029
1.03
1.032
1.033
1.034
1.036
1.037
1.038
1.039
1.041
1.042
1.043
1.045
1.046
1.047
1.048
1.05
1.051
1.052
1.053
1.054
1.056
1.057
1.058
1.059
1.06
1.062
1.063
1.064
1.065
1.066
1.067
1.068
1.07
1.071
1.072
1.073
1.074
1.075
1.076
1.077
1.078
1.079
1.08
1.082
1.083
1.084
1.085
1.086
1.087
1.088
1.089
1.09
1.091
1.092
1.093
1.094
1.095
1.096
1.097
1.098
1.099
1.1
1.101
1.102
1.103
1.103
1.104
1.105
1.106
1.107
1.108
1.109
1.11
1.111
1.112
0.8956376
0.886664
0.9166319
0.9827117
1.0011
1.0025
1.0039
1.0053
1.0068
1.008
1.01
1.011
1.012
1.014
1.015
1.016
1.018
1.019
1.021
1.022
1.023
1.025
1.026
1.027
1.029
1.03
1.031
1.032
1.034
1.035
1.036
1.038
1.039
1.04
1.041
1.043
1.044
1.045
1.046
1.047
1.049
1.05
1.051
1.052
1.053
1.055
1.056
1.057
1.058
1.059
1.06
1.062
1.063
1.064
1.065
1.066
1.067
1.068
1.069
1.07
1.072
1.073
1.074
1.075
1.076
1.077
1.078
1.079
1.08
1.081
1.082
1.083
1.084
1.085
1.086
1.087
1.088
1.089
1.09
1.091
1.092
1.093
1.094
1.095
1.096
1.097
1.098
1.099
1.1
1.101
1.102
1.102
1.103
1.104
1.105
1.106
1.107
1.108
1.109
1.11
0.8956376
0.886664
0.9166319
0.9827117
1.001
1.0025
1.0039
1.0053
1.0067
1.008
1.009
1.011
1.012
1.014
1.015
1.016
1.018
1.019
1.02
1.022
1.023
1.024
1.026
1.027
1.028
1.029
1.031
1.032
1.033
1.034
1.036
1.037
1.038
1.039
1.041
1.042
1.043
1.044
1.046
1.047
1.048
1.049
1.05
1.051
1.053
1.054
1.055
1.056
1.057
1.058
1.059
1.061
1.062
1.063
1.064
1.065
1.066
1.067
1.068
1.069
1.07
1.071
1.072
1.073
1.075
1.076
1.077
1.078
1.079
1.08
1.081
1.082
1.083
1.084
1.085
1.086
1.087
1.088
1.089
1.089
1.09
1.091
1.092
1.093
1.094
1.095
1.096
1.097
1.098
1.099
1.1
1.101
1.101
1.102
1.103
1.104
1.105
1.106
1.107
1.108
0.8956376
0.886664
0.9166319
0.9827117
1.001
1.0024
1.0038
1.0052
1.0066
1.008
1.009
1.011
1.012
1.013
1.015
1.016
1.017
1.019
1.02
1.021
1.023
1.024
1.025
1.026
1.028
1.029
1.03
1.031
1.033
1.034
1.035
1.036
1.038
1.039
1.04
1.041
1.042
1.044
1.045
1.046
1.047
1.048
1.049
1.051
1.052
1.053
1.054
1.055
1.056
1.057
1.058
1.06
1.061
1.062
1.063
1.064
1.065
1.066
1.067
1.068
1.069
1.07
1.071
1.072
1.073
1.074
1.075
1.076
1.077
1.078
1.079
1.08
1.081
1.082
1.083
1.084
1.085
1.086
1.087
1.088
1.089
1.09
1.091
1.092
1.092
1.093
1.094
1.095
1.096
1.097
1.098
1.099
1.1
1.1
1.101
1.102
1.103
1.104
1.105
1.106
0.8956376
0.886664
0.9166319
0.9827117
1.001
1.0024
1.0038
1.0051
1.0065
1.008
1.009
1.01
1.012
1.013
1.014
1.016
1.017
1.018
1.02
1.021
1.022
1.023
1.025
1.026
1.027
1.028
1.03
1.031
1.032
1.033
1.035
1.036
1.037
1.038
1.039
1.041
1.042
1.043
1.044
1.045
1.046
1.047
1.049
1.05
1.051
1.052
1.053
1.054
1.055
1.056
1.057
1.059
1.06
1.061
1.062
1.063
1.064
1.065
1.066
1.067
1.068
1.069
1.07
1.071
1.072
1.073
1.074
1.075
1.076
1.077
1.078
1.079
1.08
1.081
1.082
1.083
1.084
1.084
1.085
1.086
1.087
1.088
1.089
1.09
1.091
1.092
1.093
1.093
1.094
1.095
1.096
1.097
1.098
1.099
1.1
1.1
1.101
1.102
1.103
1.104
0.8956376
0.886664
0.916632
0.9827117
1.001
1.0024
1.0037
1.005
1.0064
1.008
1.009
1.01
1.012
1.013
1.014
1.016
1.017
1.018
1.019
1.021
1.022
1.023
1.024
1.026
1.027
1.028
1.029
1.03
1.032
1.033
1.034
1.035
1.036
1.038
1.039
1.04
1.041
1.042
1.043
1.044
1.046
1.047
1.048
1.049
1.05
1.051
1.052
1.053
1.054
1.055
1.056
1.058
1.059
1.06
1.061
1.062
1.063
1.064
1.065
1.066
1.067
1.068
1.069
1.07
1.071
1.072
1.073
1.074
1.075
1.076
1.077
1.077
1.078
1.079
1.08
1.081
1.082
1.083
1.084
1.085
1.086
1.087
1.087
1.088
1.089
1.09
1.091
1.092
1.093
1.094
1.094
1.095
1.096
1.097
1.098
1.099
1.099
1.1
1.101
1.102
0.8956376
0.886664
0.916632
0.9827117
1.001
1.0023
1.0037
1.005
1.0063
1.008
1.009
1.01
1.011
1.013
1.014
1.015
1.017
1.018
1.019
1.02
1.022
1.023
1.024
1.025
1.026
1.028
1.029
1.03
1.031
1.032
1.034
1.035
1.036
1.037
1.038
1.039
1.04
1.042
1.043
1.044
1.045
1.046
1.047
1.048
1.049
1.05
1.051
1.052
1.053
1.055
1.056
1.057
1.058
1.059
1.06
1.061
1.062
1.063
1.064
1.065
1.066
1.067
1.068
1.069
1.07
1.071
1.071
1.072
1.073
1.074
1.075
1.076
1.077
1.078
1.079
1.08
1.081
1.082
1.082
1.083
1.084
1.085
1.086
1.087
1.088
1.089
1.089
1.09
1.091
1.092
1.093
1.094
1.094
1.095
1.096
1.097
1.098
1.098
1.099
1.1
0.8956376
0.886664
0.916632
0.9827117
1.001
1.0023
1.0036
1.0049
1.0062
1.008
1.009
1.01
1.011
1.013
1.014
1.015
1.016
1.018
1.019
1.02
1.021
1.022
1.024
1.025
1.026
1.027
1.028
1.03
1.031
1.032
1.033
1.034
1.035
1.036
1.038
1.039
1.04
1.041
1.042
1.043
1.044
1.045
1.046
1.047
1.048
1.05
1.051
1.052
1.053
1.054
1.055
1.056
1.057
1.058
1.059
1.06
1.061
1.062
1.063
1.064
1.065
1.066
1.067
1.067
1.068
1.069
1.07
1.071
1.072
1.073
1.074
1.075
1.076
1.077
1.078
1.078
1.079
1.08
1.081
1.082
1.083
1.084
1.084
1.085
1.086
1.087
1.088
1.089
1.089
1.09
1.091
1.092
1.093
1.094
1.094
1.095
1.096
1.097
1.097
1.098
0.8956376
0.886664
0.916632
0.9827117
1.001
1.0023
1.0036
1.0048
1.0061
1.007
1.009
1.01
1.011
1.012
1.014
1.015
1.016
1.017
1.019
1.02
1.021
1.022
1.023
1.025
1.026
1.027
1.028
1.029
1.03
1.031
1.033
1.034
1.035
1.036
1.037
1.038
1.039
1.04
1.041
1.042
1.044
1.045
1.046
1.047
1.048
1.049
1.05
1.051
1.052
1.053
1.054
1.055
1.056
1.057
1.058
1.059
1.06
1.061
1.062
1.063
1.064
1.064
1.065
1.066
1.067
1.068
1.069
1.07
1.071
1.072
1.073
1.074
1.074
1.075
1.076
1.077
1.078
1.079
1.08
1.081
1.081
1.082
1.083
1.084
1.085
1.086
1.086
1.087
1.088
1.089
1.09
1.09
1.091
1.092
1.093
1.093
1.094
1.095
1.096
1.097
0.8956376
0.886664
0.916632
0.9827117
1.0009
1.0022
1.0035
1.0048
1.006
1.007
1.009
1.01
1.011
1.012
1.013
1.015
1.016
1.017
1.018
1.019
1.021
1.022
1.023
1.024
1.025
1.026
1.028
1.029
1.03
1.031
1.032
1.033
1.034
1.035
1.036
1.038
1.039
1.04
1.041
1.042
1.043
1.044
1.045
1.046
1.047
1.048
1.049
1.05
1.051
1.052
1.053
1.054
1.055
1.056
1.057
1.058
1.059
1.06
1.061
1.062
1.063
1.063
1.064
1.065
1.066
1.067
1.068
1.069
1.07
1.071
1.072
1.072
1.073
1.074
1.075
1.076
1.077
1.078
1.078
1.079
1.08
1.081
1.082
1.082
1.083
1.084
1.085
1.086
1.086
1.087
1.088
1.089
1.09
1.09
1.091
1.092
1.093
1.093
1.094
1.095
0.8956376
0.886664
0.916632
0.9827117
1.0009
1.0022
1.0035
1.0047
1.006
1.007
1.008
1.01
1.011
1.012
1.013
1.015
1.016
1.017
1.018
1.019
1.02
1.022
1.023
1.024
1.025
1.026
1.027
1.028
1.029
1.031
1.032
1.033
1.034
1.035
1.036
1.037
1.038
1.039
1.04
1.041
1.042
1.043
1.044
1.045
1.046
1.047
1.048
1.049
1.05
1.051
1.052
1.053
1.054
1.055
1.056
1.057
1.058
1.059
1.06
1.061
1.062
1.062
1.063
1.064
1.065
1.066
1.067
1.068
1.069
1.07
1.07
1.071
1.072
1.073
1.074
1.075
1.075
1.076
1.077
1.078
1.079
1.08
1.08
1.081
1.082
1.083
1.083
1.084
1.085
1.086
1.087
1.087
1.088
1.089
1.09
1.09
1.091
1.092
1.093
1.093
0.8956376
0.886664
0.916632
0.9827117
1.0009
1.0022
1.0034
1.0047
1.0059
1.007
1.008
1.01
1.011
1.012
1.013
1.014
1.015
1.017
1.018
1.019
1.02
1.021
1.022
1.024
1.025
1.026
1.027
1.028
1.029
1.03
1.031
1.032
1.033
1.034
1.035
1.036
1.038
1.039
1.04
1.041
1.042
1.043
1.044
1.045
1.046
1.047
1.048
1.049
1.049
1.05
1.051
1.052
1.053
1.054
1.055
1.056
1.057
1.058
1.059
1.06
1.061
1.061
1.062
1.063
1.064
1.065
1.066
1.067
1.068
1.068
1.069
1.07
1.071
1.072
1.073
1.073
1.074
1.075
1.076
1.077
1.077
1.078
1.079
1.08
1.081
1.081
1.082
1.083
1.084
1.084
1.085
1.086
1.087
1.087
1.088
1.089
1.09
1.09
1.091
1.092
0.8956376
0.886664
0.916632
0.9827117
1.0009
1.0022
1.0034
1.0046
1.0058
1.007
1.008
1.009
1.011
1.012
1.013
1.014
1.015
1.016
1.018
1.019
1.02
1.021
1.022
1.023
1.024
1.025
1.026
1.028
1.029
1.03
1.031
1.032
1.033
1.034
1.035
1.036
1.037
1.038
1.039
1.04
1.041
1.042
1.043
1.044
1.045
1.046
1.047
1.048
1.049
1.05
1.051
1.052
1.052
1.053
1.054
1.055
1.056
1.057
1.058
1.059
1.06
1.061
1.061
1.062
1.063
1.064
1.065
1.066
1.067
1.067
1.068
1.069
1.07
1.071
1.071
1.072
1.073
1.074
1.075
1.075
1.076
1.077
1.078
1.079
1.079
1.08
1.081
1.082
1.082
1.083
1.084
1.084
1.085
1.086
1.087
1.087
1.088
1.089
1.09
1.09
0.8956376
0.886664
0.916632
0.9827117
1.0009
1.0021
1.0033
1.0045
1.0057
1.007
1.008
1.009
1.01
1.012
1.013
1.014
1.015
1.016
1.017
1.018
1.02
1.021
1.022
1.023
1.024
1.025
1.026
1.027
1.028
1.029
1.03
1.031
1.032
1.033
1.034
1.035
1.036
1.037
1.038
1.039
1.04
1.041
1.042
1.043
1.044
1.045
1.046
1.047
1.048
1.049
1.05
1.051
1.052
1.053
1.053
1.054
1.055
1.056
1.057
1.058
1.059
1.06
1.06
1.061
1.062
1.063
1.064
1.065
1.065
1.066
1.067
1.068
1.069
1.07
1.07
1.071
1.072
1.073
1.073
1.074
1.075
1.076
1.077
1.077
1.078
1.079
1.079
1.08
1.081
1.082
1.082
1.083
1.084
1.085
1.085
1.086
1.087
1.087
1.088
1.089
0.8956376
0.886664
0.916632
0.9827117
1.0009
1.0021
1.0033
1.0045
1.0057
1.007
1.008
1.009
1.01
1.011
1.013
1.014
1.015
1.016
1.017
1.018
1.019
1.02
1.021
1.023
1.024
1.025
1.026
1.027
1.028
1.029
1.03
1.031
1.032
1.033
1.034
1.035
1.036
1.037
1.038
1.039
1.04
1.041
1.042
1.043
1.044
1.045
1.045
1.046
1.047
1.048
1.049
1.05
1.051
1.052
1.053
1.054
1.054
1.055
1.056
1.057
1.058
1.059
1.06
1.06
1.061
1.062
1.063
1.064
1.064
1.065
1.066
1.067
1.068
1.068
1.069
1.07
1.071
1.072
1.072
1.073
1.074
1.075
1.075
1.076
1.077
1.078
1.078
1.079
1.08
1.08
1.081
1.082
1.083
1.083
1.084
1.085
1.085
1.086
1.087
1.087
0.8956376
0.886664
0.916632
0.9827117
1.0009
1.0021
1.0033
1.0044
1.0056
1.007
1.008
1.009
1.01
1.011
1.012
1.014
1.015
1.016
1.017
1.018
1.019
1.02
1.021
1.022
1.023
1.024
1.025
1.026
1.027
1.028
1.029
1.03
1.031
1.032
1.033
1.034
1.035
1.036
1.037
1.038
1.039
1.04
1.041
1.042
1.043
1.044
1.045
1.046
1.047
1.048
1.048
1.049
1.05
1.051
1.052
1.053
1.054
1.054
1.055
1.056
1.057
1.058
1.059
1.059
1.06
1.061
1.062
1.063
1.063
1.064
1.065
1.066
1.067
1.067
1.068
1.069
1.07
1.07
1.071
1.072
1.073
1.073
1.074
1.075
1.076
1.076
1.077
1.078
1.078
1.079
1.08
1.081
1.081
1.082
1.083
1.083
1.084
1.085
1.085
1.086
0.8956376
0.886664
0.916632
0.9827117
1.0009
1.0021
1.0032
1.0044
1.0055
1.007
1.008
1.009
1.01
1.011
1.012
1.013
1.015
1.016
1.017
1.018
1.019
1.02
1.021
1.022
1.023
1.024
1.025
1.026
1.027
1.028
1.029
1.03
1.031
1.032
1.033
1.034
1.035
1.036
1.037
1.038
1.039
1.04
1.041
1.041
1.042
1.043
1.044
1.045
1.046
1.047
1.048
1.049
1.049
1.05
1.051
1.052
1.053
1.054
1.055
1.055
1.056
1.057
1.058
1.059
1.059
1.06
1.061
1.062
1.063
1.063
1.064
1.065
1.066
1.066
1.067
1.068
1.069
1.069
1.07
1.071
1.072
1.072
1.073
1.074
1.074
1.075
1.076
1.077
1.077
1.078
1.079
1.079
1.08
1.081
1.081
1.082
1.083
1.083
1.084
1.085
0.8956376
0.886664
0.916632
0.9827117
1.0009
1.002
1.0032
1.0043
1.0055
1.007
1.008
1.009
1.01
1.011
1.012
1.013
1.014
1.015
1.016
1.018
1.019
1.02
1.021
1.022
1.023
1.024
1.025
1.026
1.027
1.028
1.029
1.03
1.031
1.032
1.033
1.034
1.034
1.035
1.036
1.037
1.038
1.039
1.04
1.041
1.042
1.043
1.044
1.044
1.045
1.046
1.047
1.048
1.049
1.05
1.05
1.051
1.052
1.053
1.054
1.055
1.055
1.056
1.057
1.058
1.059
1.059
1.06
1.061
1.062
1.062
1.063
1.064
1.065
1.065
1.066
1.067
1.068
1.068
1.069
1.07
1.07
1.071
1.072
1.073
1.073
1.074
1.075
1.075
1.076
1.077
1.077
1.078
1.079
1.079
1.08
1.081
1.081
1.082
1.083
1.083
0.8956376
0.886664
0.916632
0.9827117
1.0009
1.002
1.0031
1.0043
1.0054
1.007
1.008
1.009
1.01
1.011
1.012
1.013
1.014
1.015
1.016
1.017
1.018
1.019
1.02
1.021
1.022
1.023
1.024
1.025
1.026
1.027
1.028
1.029
1.03
1.031
1.032
1.033
1.034
1.035
1.036
1.037
1.038
1.039
1.039
1.04
1.041
1.042
1.043
1.044
1.045
1.046
1.046
1.047
1.048
1.049
1.05
1.051
1.051
1.052
1.053
1.054
1.055
1.055
1.056
1.057
1.058
1.058
1.059
1.06
1.061
1.061
1.062
1.063
1.064
1.064
1.065
1.066
1.067
1.067
1.068
1.069
1.069
1.07
1.071
1.071
1.072
1.073
1.074
1.074
1.075
1.076
1.076
1.077
1.077
1.078
1.079
1.079
1.08
1.081
1.081
1.082
0.8956376
0.886664
0.916632
0.9827117
1.0008
1.002
1.0031
1.0042
1.0053
1.006
1.008
1.009
1.01
1.011
1.012
1.013
1.014
1.015
1.016
1.017
1.018
1.019
1.02
1.021
1.022
1.023
1.024
1.025
1.026
1.027
1.028
1.029
1.03
1.031
1.032
1.033
1.034
1.034
1.035
1.036
1.037
1.038
1.039
1.04
1.041
1.042
1.042
1.043
1.044
1.045
1.046
1.047
1.047
1.048
1.049
1.05
1.051
1.051
1.052
1.053
1.054
1.055
1.055
1.056
1.057
1.058
1.058
1.059
1.06
1.061
1.061
1.062
1.063
1.063
1.064
1.065
1.066
1.066
1.067
1.068
1.068
1.069
1.07
1.07
1.071
1.072
1.072
1.073
1.074
1.074
1.075
1.076
1.076
1.077
1.078
1.078
1.079
1.079
1.08
1.081
0.8956376
0.886664
0.916632
0.9827117
1.0008
1.002
1.0031
1.0042
1.0053
1.006
1.007
1.009
1.01
1.011
1.012
1.013
1.014
1.015
1.016
1.017
1.018
1.019
1.02
1.021
1.022
1.023
1.024
1.025
1.026
1.027
1.028
1.029
1.029
1.03
1.031
1.032
1.033
1.034
1.035
1.036
1.037
1.038
1.038
1.039
1.04
1.041
1.042
1.043
1.043
1.044
1.045
1.046
1.047
1.048
1.048
1.049
1.05
1.051
1.051
1.052
1.053
1.054
1.055
1.055
1.056
1.057
1.058
1.058
1.059
1.06
1.06
1.061
1.062
1.063
1.063
1.064
1.065
1.065
1.066
1.067
1.067
1.068
1.069
1.069
1.07
1.071
1.071
1.072
1.073
1.073
1.074
1.075
1.075
1.076
1.076
1.077
1.078
1.078
1.079
1.079
0.8956376
0.886664
0.916632
0.9827117
1.0008
1.0019
1.003
1.0041
1.0052
1.006
1.007
1.008
1.01
1.011
1.012
1.013
1.014
1.015
1.016
1.017
1.018
1.019
1.02
1.021
1.022
1.023
1.024
1.024
1.025
1.026
1.027
1.028
1.029
1.03
1.031
1.032
1.033
1.034
1.034
1.035
1.036
1.037
1.038
1.039
1.04
1.04
1.041
1.042
1.043
1.044
1.044
1.045
1.046
1.047
1.048
1.048
1.049
1.05
1.051
1.052
1.052
1.053
1.054
1.055
1.055
1.056
1.057
1.057
1.058
1.059
1.06
1.06
1.061
1.062
1.062
1.063
1.064
1.064
1.065
1.066
1.066
1.067
1.068
1.068
1.069
1.07
1.07
1.071
1.072
1.072
1.073
1.073
1.074
1.075
1.075
1.076
1.076
1.077
1.078
1.078
0.8956376
0.886664
0.916632
0.9827117
1.0008
1.0019
1.003
1.0041
1.0052
1.006
1.007
1.008
1.009
1.01
1.011
1.012
1.013
1.015
1.015
1.016
1.017
1.018
1.019
1.02
1.021
1.022
1.023
1.024
1.025
1.026
1.027
1.028
1.029
1.03
1.031
1.031
1.032
1.033
1.034
1.035
1.036
1.037
1.037
1.038
1.039
1.04
1.041
1.042
1.042
1.043
1.044
1.045
1.045
1.046
1.047
1.048
1.049
1.049
1.05
1.051
1.052
1.052
1.053
1.054
1.054
1.055
1.056
1.057
1.057
1.058
1.059
1.059
1.06
1.061
1.061
1.062
1.063
1.063
1.064
1.065
1.065
1.066
1.067
1.067
1.068
1.069
1.069
1.07
1.07
1.071
1.072
1.072
1.073
1.074
1.074
1.075
1.075
1.076
1.076
1.077
0.8956376
0.886664
0.916632
0.9827117
1.0008
1.0019
1.003
1.004
1.0051
1.006
1.007
1.008
1.009
1.01
1.011
1.012
1.013
1.014
1.015
1.016
1.017
1.018
1.019
1.02
1.021
1.022
1.023
1.024
1.025
1.026
1.027
1.027
1.028
1.029
1.03
1.031
1.032
1.033
1.034
1.034
1.035
1.036
1.037
1.038
1.039
1.039
1.04
1.041
1.042
1.043
1.043
1.044
1.045
1.046
1.046
1.047
1.048
1.049
1.049
1.05
1.051
1.052
1.052
1.053
1.054
1.054
1.055
1.056
1.057
1.057
1.058
1.059
1.059
1.06
1.061
1.061
1.062
1.063
1.063
1.064
1.064
1.065
1.066
1.066
1.067
1.068
1.068
1.069
1.069
1.07
1.071
1.071
1.072
1.072
1.073
1.074
1.074
1.075
1.075
1.076
0.8956376
0.886664
0.916632
0.9827117
1.0008
1.0019
1.0029
1.004
1.0051
1.006
1.007
1.008
1.009
1.01
1.011
1.012
1.013
1.014
1.015
1.016
1.017
1.018
1.019
1.02
1.021
1.022
1.023
1.024
1.024
1.025
1.026
1.027
1.028
1.029
1.03
1.031
1.031
1.032
1.033
1.034
1.035
1.036
1.036
1.037
1.038
1.039
1.04
1.04
1.041
1.042
1.043
1.044
1.044
1.045
1.046
1.047
1.047
1.048
1.049
1.049
1.05
1.051
1.052
1.052
1.053
1.054
1.054
1.055
1.056
1.056
1.057
1.058
1.058
1.059
1.06
1.06
1.061
1.062
1.062
1.063
1.064
1.064
1.065
1.065
1.066
1.067
1.067
1.068
1.068
1.069
1.07
1.07
1.071
1.071
1.072
1.073
1.073
1.074
1.074
1.075
0.8956376
0.886664
0.916632
0.9827117
1.0008
1.0019
1.0029
1.004
1.005
1.006
1.007
1.008
1.009
1.01
1.011
1.012
1.013
1.014
1.015
1.016
1.017
1.018
1.019
1.02
1.021
1.021
1.022
1.023
1.024
1.025
1.026
1.027
1.028
1.029
1.029
1.03
1.031
1.032
1.033
1.034
1.034
1.035
1.036
1.037
1.038
1.038
1.039
1.04
1.041
1.041
1.042
1.043
1.044
1.044
1.045
1.046
1.047
1.047
1.048
1.049
1.049
1.05
1.051
1.052
1.052
1.053
1.054
1.054
1.055
1.056
1.056
1.057
1.058
1.058
1.059
1.06
1.06
1.061
1.061
1.062
1.063
1.063
1.064
1.065
1.065
1.066
1.066
1.067
1.068
1.068
1.069
1.069
1.07
1.07
1.071
1.072
1.072
1.073
1.073
1.074
0.8956376
0.886664
0.916632
0.9827117
1.0008
1.0018
1.0029
1.0039
1.0049
1.006
1.007
1.008
1.009
1.01
1.011
1.012
1.013
1.014
1.015
1.016
1.017
1.018
1.019
1.019
1.02
1.021
1.022
1.023
1.024
1.025
1.026
1.026
1.027
1.028
1.029
1.03
1.031
1.032
1.032
1.033
1.034
1.035
1.036
1.036
1.037
1.038
1.039
1.039
1.04
1.041
1.042
1.042
1.043
1.044
1.045
1.045
1.046
1.047
1.047
1.048
1.049
1.05
1.05
1.051
1.052
1.052
1.053
1.054
1.054
1.055
1.056
1.056
1.057
1.057
1.058
1.059
1.059
1.06
1.061
1.061
1.062
1.062
1.063
1.064
1.064
1.065
1.065
1.066
1.067
1.067
1.068
1.068
1.069
1.069
1.07
1.071
1.071
1.072
1.072
1.073
0.8956376
0.886664
0.916632
0.9827117
1.0008
1.0018
1.0029
1.0039
1.0049
1.006
1.007
1.008
1.009
1.01
1.011
1.012
1.013
1.014
1.015
1.016
1.016
1.017
1.018
1.019
1.02
1.021
1.022
1.023
1.024
1.024
1.025
1.026
1.027
1.028
1.029
1.029
1.03
1.031
1.032
1.033
1.034
1.034
1.035
1.036
1.037
1.037
1.038
1.039
1.04
1.04
1.041
1.042
1.043
1.043
1.044
1.045
1.045
1.046
1.047
1.048
1.048
1.049
1.05
1.05
1.051
1.052
1.052
1.053
1.054
1.054
1.055
1.055
1.056
1.057
1.057
1.058
1.059
1.059
1.06
1.06
1.061
1.062
1.062
1.063
1.063
1.064
1.064
1.065
1.066
1.066
1.067
1.067
1.068
1.068
1.069
1.07
1.07
1.071
1.071
1.072
0.8956376
0.886664
0.916632
0.9827117
1.0008
1.0018
1.0028
1.0038
1.0048
1.006
1.007
1.008
1.009
1.01
1.011
1.012
1.013
1.014
1.014
1.015
1.016
1.017
1.018
1.019
1.02
1.021
1.022
1.022
1.023
1.024
1.025
1.026
1.027
1.028
1.028
1.029
1.03
1.031
1.032
1.032
1.033
1.034
1.035
1.035
1.036
1.037
1.038
1.038
1.039
1.04
1.041
1.041
1.042
1.043
1.043
1.044
1.045
1.046
1.046
1.047
1.048
1.048
1.049
1.05
1.05
1.051
1.052
1.052
1.053
1.053
1.054
1.055
1.055
1.056
1.057
1.057
1.058
1.058
1.059
1.06
1.06
1.061
1.061
1.062
1.062
1.063
1.064
1.064
1.065
1.065
1.066
1.066
1.067
1.067
1.068
1.069
1.069
1.07
1.07
1.071
0.8956376
0.886664
0.916632
0.9827117
1.0008
1.0018
1.0028
1.0038
1.0048
1.006
1.007
1.008
1.009
1.01
1.011
1.012
1.012
1.013
1.014
1.015
1.016
1.017
1.018
1.019
1.02
1.021
1.021
1.022
1.023
1.024
1.025
1.026
1.026
1.027
1.028
1.029
1.03
1.03
1.031
1.032
1.033
1.033
1.034
1.035
1.036
1.036
1.037
1.038
1.039
1.039
1.04
1.041
1.042
1.042
1.043
1.044
1.044
1.045
1.046
1.046
1.047
1.048
1.048
1.049
1.05
1.05
1.051
1.051
1.052
1.053
1.053
1.054
1.055
1.055
1.056
1.056
1.057
1.058
1.058
1.059
1.059
1.06
1.06
1.061
1.062
1.062
1.063
1.063
1.064
1.064
1.065
1.065
1.066
1.067
1.067
1.068
1.068
1.069
1.069
1.07
0.8956376
0.886664
0.916632
0.9827117
1.0007
1.0018
1.0028
1.0038
1.0047
1.006
1.007
1.008
1.009
1.01
1.01
1.011
1.012
1.013
1.014
1.015
1.016
1.017
1.018
1.019
1.019
1.02
1.021
1.022
1.023
1.024
1.024
1.025
1.026
1.027
1.028
1.028
1.029
1.03
1.031
1.032
1.032
1.033
1.034
1.035
1.035
1.036
1.037
1.037
1.038
1.039
1.04
1.04
1.041
1.042
1.042
1.043
1.044
1.044
1.045
1.046
1.046
1.047
1.048
1.048
1.049
1.05
1.05
1.051
1.051
1.052
1.053
1.053
1.054
1.054
1.055
1.056
1.056
1.057
1.057
1.058
1.059
1.059
1.06
1.06
1.061
1.061
1.062
1.062
1.063
1.064
1.064
1.065
1.065
1.066
1.066
1.067
1.067
1.068
1.068
1.069
0.8956376
0.886664
0.916632
0.9827117
1.0007
1.0017
1.0027
1.0037
1.0047
1.006
1.007
1.008
1.009
1.009
1.01
1.011
1.012
1.013
1.014
1.015
1.016
1.017
1.018
1.018
1.019
1.02
1.021
1.022
1.023
1.023
1.024
1.025
1.026
1.027
1.027
1.028
1.029
1.03
1.03
1.031
1.032
1.033
1.033
1.034
1.035
1.036
1.036
1.037
1.038
1.038
1.039
1.04
1.04
1.041
1.042
1.043
1.043
1.044
1.044
1.045
1.046
1.046
1.047
1.048
1.048
1.049
1.05
1.05
1.051
1.051
1.052
1.053
1.053
1.054
1.054
1.055
1.055
1.056
1.057
1.057
1.058
1.058
1.059
1.059
1.06
1.061
1.061
1.062
1.062
1.063
1.063
1.064
1.064
1.065
1.065
1.066
1.066
1.067
1.067
1.068
0.8956376
0.886664
0.916632
0.9827117
1.0007
1.0017
1.0027
1.0037
1.0046
1.006
1.007
1.007
1.008
1.009
1.01
1.011
1.012
1.013
1.014
1.015
1.016
1.016
1.017
1.018
1.019
1.02
1.021
1.021
1.022
1.023
1.024
1.025
1.025
1.026
1.027
1.028
1.029
1.029
1.03
1.031
1.032
1.032
1.033
1.034
1.034
1.035
1.036
1.037
1.037
1.038
1.039
1.039
1.04
1.041
1.041
1.042
1.043
1.043
1.044
1.045
1.045
1.046
1.046
1.047
1.048
1.048
1.049
1.05
1.05
1.051
1.051
1.052
1.052
1.053
1.054
1.054
1.055
1.055
1.056
1.056
1.057
1.058
1.058
1.059
1.059
1.06
1.06
1.061
1.061
1.062
1.062
1.063
1.063
1.064
1.064
1.065
1.065
1.066
1.066
1.067
0.8956376
0.886664
0.916632
0.9827117
1.0007
1.0017
1.0027
1.0036
1.0046
1.006
1.006
1.007
1.008
1.009
1.01
1.011
1.012
1.013
1.014
1.015
1.015
1.016
1.017
1.018
1.019
1.02
1.02
1.021
1.022
1.023
1.024
1.024
1.025
1.026
1.027
1.027
1.028
1.029
1.03
1.03
1.031
1.032
1.033
1.033
1.034
1.035
1.035
1.036
1.037
1.037
1.038
1.039
1.04
1.04
1.041
1.041
1.042
1.043
1.043
1.044
1.045
1.045
1.046
1.046
1.047
1.048
1.048
1.049
1.049
1.05
1.051
1.051
1.052
1.052
1.053
1.054
1.054
1.055
1.055
1.056
1.056
1.057
1.057
1.058
1.058
1.059
1.059
1.06
1.06
1.061
1.062
1.062
1.063
1.063
1.064
1.064
1.064
1.065
1.065
1.066
0.8956376
0.886664
0.916632
0.9827117
1.0007
1.0017
1.0027
1.0036
1.0046
1.005
1.006
1.007
1.008
1.009
1.01
1.011
1.012
1.013
1.014
1.014
1.015
1.016
1.017
1.018
1.019
1.019
1.02
1.021
1.022
1.023
1.023
1.024
1.025
1.026
1.026
1.027
1.028
1.029
1.029
1.03
1.031
1.032
1.032
1.033
1.034
1.034
1.035
1.036
1.036
1.037
1.038
1.038
1.039
1.04
1.04
1.041
1.042
1.042
1.043
1.043
1.044
1.045
1.045
1.046
1.047
1.047
1.048
1.048
1.049
1.049
1.05
1.051
1.051
1.052
1.052
1.053
1.053
1.054
1.054
1.055
1.056
1.056
1.057
1.057
1.058
1.058
1.059
1.059
1.06
1.06
1.061
1.061
1.062
1.062
1.063
1.063
1.064
1.064
1.065
1.065
0.8956376
0.886664
0.916632
0.9827117
1.0007
1.0017
1.0026
1.0036
1.0045
1.005
1.006
1.007
1.008
1.009
1.01
1.011
1.012
1.013
1.013
1.014
1.015
1.016
1.017
1.018
1.018
1.019
1.02
1.021
1.022
1.022
1.023
1.024
1.025
1.025
1.026
1.027
1.028
1.028
1.029
1.03
1.03
1.031
1.032
1.033
1.033
1.034
1.035
1.035
1.036
1.037
1.037
1.038
1.039
1.039
1.04
1.04
1.041
1.042
1.042
1.043
1.044
1.044
1.045
1.045
1.046
1.047
1.047
1.048
1.048
1.049
1.049
1.05
1.051
1.051
1.052
1.052
1.053
1.053
1.054
1.054
1.055
1.055
1.056
1.056
1.057
1.057
1.058
1.058
1.059
1.059
1.06
1.06
1.061
1.061
1.062
1.062
1.063
1.063
1.064
1.064
0.8956376
0.886664
0.916632
0.9827117
1.0007
1.0017
1.0026
1.0035
1.0045
1.005
1.006
1.007
1.008
1.009
1.01
1.011
1.012
1.012
1.013
1.014
1.015
1.016
1.017
1.017
1.018
1.019
1.02
1.021
1.021
1.022
1.023
1.024
1.024
1.025
1.026
1.027
1.027
1.028
1.029
1.029
1.03
1.031
1.032
1.032
1.033
1.034
1.034
1.035
1.036
1.036
1.037
1.037
1.038
1.039
1.039
1.04
1.041
1.041
1.042
1.042
1.043
1.044
1.044
1.045
1.045
1.046
1.047
1.047
1.048
1.048
1.049
1.049
1.05
1.05
1.051
1.052
1.052
1.053
1.053
1.054
1.054
1.055
1.055
1.056
1.056
1.057
1.057
1.058
1.058
1.059
1.059
1.06
1.06
1.061
1.061
1.062
1.062
1.062
1.063
1.063
0.8956376
0.886664
0.916632
0.9827117
1.0007
1.0016
1.0026
1.0035
1.0044
1.005
1.006
1.007
1.008
1.009
1.01
1.011
1.011
1.012
1.013
1.014
1.015
1.016
1.016
1.017
1.018
1.019
1.02
1.02
1.021
1.022
1.023
1.023
1.024
1.025
1.026
1.026
1.027
1.028
1.028
1.029
1.03
1.03
1.031
1.032
1.033
1.033
1.034
1.034
1.035
1.036
1.036
1.037
1.038
1.038
1.039
1.04
1.04
1.041
1.041
1.042
1.043
1.043
1.044
1.044
1.045
1.045
1.046
1.047
1.047
1.048
1.048
1.049
1.049
1.05
1.05
1.051
1.051
1.052
1.052
1.053
1.053
1.054
1.054
1.055
1.055
1.056
1.056
1.057
1.057
1.058
1.058
1.059
1.059
1.06
1.06
1.061
1.061
1.062
1.062
1.063
