0.8956382
0.8924582
0.9624582
0.96684
0.92004
0.9312
0.9428
0.9547
0.9669
0.9793
0.9918
1.0045
1.0171
1.0298
1.0426
1.0553
1.0679
1.0806
1.0932
1.1057
1.1182
1.1306
1.143
1.1553
1.1675
1.1796
1.1916
1.2036
1.2155
1.2273
1.239
1.2506
1.2622
1.274
1.285
1.296
1.308
1.319
1.33
1.341
1.352
1.363
1.373
1.384
1.395
1.405
1.416
1.426
1.436
1.447
1.457
1.467
1.477
1.487
1.497
1.507
1.517
1.526
1.536
1.546
1.555
1.565
1.574
1.583
1.593
1.602
1.611
1.62
1.629
1.638
1.647
1.656
1.665
1.674
1.683
1.692
1.7
1.709
1.718
1.726
1.735
1.743
1.751
1.76
1.768
1.776
1.785
1.793
1.801
1.809
1.817
1.825
1.833
1.841
1.849
1.857
1.865
1.872
1.88
1.888
0.8956382
0.8924599
0.9624601
0.96578
0.91827
0.9281
0.9384
0.949
0.9598
0.9709
0.9821
0.9934
1.0048
1.0163
1.0278
1.0394
1.0509
1.0625
1.074
1.0855
1.097
1.1084
1.1198
1.131
1.142
1.154
1.165
1.176
1.187
1.198
1.209
1.22
1.23
1.241
1.252
1.262
1.273
1.283
1.294
1.304
1.314
1.324
1.334
1.344
1.354
1.364
1.374
1.384
1.393
1.403
1.413
1.422
1.432
1.441
1.45
1.46
1.469
1.478
1.487
1.496
1.505
1.514
1.523
1.532
1.541
1.549
1.558
1.567
1.575
1.584
1.592
1.601
1.609
1.618
1.626
1.634
1.642
1.65
1.659
1.667
1.675
1.683
1.691
1.698
1.706
1.714
1.722
1.73
1.737
1.745
1.752
1.76
1.768
1.775
1.783
1.79
1.797
1.805
1.812
1.819
0.8956382
0.8924607
0.962461
0.96484
0.9169
0.9257
0.9348
0.9443
0.954
0.9639
0.974
0.9842
0.9946
1.005
1.0154
1.0259
1.0365
1.047
1.0576
1.068
1.079
1.089
1.1
1.11
1.121
1.131
1.141
1.152
1.162
1.172
1.182
1.192
1.202
1.212
1.222
1.232
1.242
1.252
1.261
1.271
1.281
1.29
1.299
1.309
1.318
1.328
1.337
1.346
1.355
1.364
1.373
1.382
1.391
1.4
1.409
1.417
1.426
1.435
1.443
1.452
1.46
1.469
1.477
1.485
1.494
1.502
1.51
1.518
1.526
1.534
1.542
1.55
1.558
1.566
1.574
1.582
1.59
1.597
1.605
1.612
1.62
1.628
1.635
1.643
1.65
1.657
1.665
1.672
1.679
1.686
1.694
1.701
1.708
1.715
1.722
1.729
1.736
1.743
1.75
1.757
0.8956382
0.8924612
0.9624615
0.964
0.9157
0.9236
0.9319
0.9404
0.9492
0.9582
0.9673
0.9766
0.9859
0.9954
1.0049
1.0145
1.0242
1.034
1.044
1.053
1.063
1.073
1.082
1.092
1.102
1.111
1.121
1.13
1.14
1.149
1.159
1.168
1.178
1.187
1.196
1.205
1.214
1.224
1.233
1.242
1.251
1.26
1.268
1.277
1.286
1.295
1.303
1.312
1.321
1.329
1.338
1.346
1.354
1.363
1.371
1.379
1.387
1.396
1.404
1.412
1.42
1.428
1.435
1.443
1.451
1.459
1.467
1.474
1.482
1.49
1.497
1.505
1.512
1.52
1.527
1.534
1.542
1.549
1.556
1.563
1.57
1.578
1.585
1.592
1.599
1.606
1.613
1.62
1.626
1.633
1.64
1.647
1.654
1.66
1.667
1.674
1.68
1.687
1.693
1.7
0.8956382
0.8924616
0.9624619
0.96325
0.9147
0.922
0.9295
0.9372
0.9452
0.9533
0.9616
0.9701
0.9786
0.9873
0.996
1.005
1.014
1.023
1.031
1.04
1.049
1.058
1.067
1.076
1.085
1.094
1.103
1.112
1.121
1.129
1.138
1.147
1.156
1.164
1.173
1.182
1.19
1.199
1.207
1.216
1.224
1.232
1.241
1.249
1.257
1.265
1.274
1.282
1.29
1.298
1.306
1.314
1.321
1.329
1.337
1.345
1.353
1.36
1.368
1.375
1.383
1.39
1.398
1.405
1.413
1.42
1.427
1.435
1.442
1.449
1.456
1.463
1.47
1.477
1.484
1.491
1.498
1.505
1.512
1.519
1.525
1.532
1.539
1.545
1.552
1.559
1.565
1.572
1.578
1.585
1.591
1.598
1.604
1.61
1.617
1.623
1.629
1.635
1.641
1.648
0.8956382
0.8924618
0.9624622
0.96257
0.9139
0.9205
0.9274
0.9345
0.9418
0.9492
0.9568
0.9646
0.9724
0.9803
0.988
0.996
1.005
1.013
1.021
1.029
1.037
1.046
1.054
1.062
1.071
1.079
1.087
1.095
1.104
1.112
1.12
1.128
1.136
1.144
1.152
1.16
1.168
1.176
1.184
1.192
1.2
1.208
1.216
1.224
1.231
1.239
1.247
1.254
1.262
1.269
1.277
1.284
1.292
1.299
1.306
1.314
1.321
1.328
1.335
1.343
1.35
1.357
1.364
1.371
1.378
1.385
1.392
1.398
1.405
1.412
1.419
1.425
1.432
1.439
1.445
1.452
1.458
1.465
1.471
1.478
1.484
1.491
1.497
1.503
1.51
1.516
1.522
1.528
1.534
1.54
1.546
1.553
1.559
1.565
1.571
1.576
1.582
1.588
1.594
1.6
0.8956382
0.892462
0.9624623
0.96195
0.9138
0.9193
0.9256
0.9322
0.9389
0.9457
0.9527
0.9598
0.967
0.974
0.982
0.989
0.997
1.004
1.012
1.019
1.027
1.035
1.042
1.05
1.058
1.065
1.073
1.081
1.088
1.096
1.104
1.111
1.119
1.127
1.134
1.142
1.149
1.157
1.164
1.172
1.179
1.186
1.194
1.201
1.208
1.215
1.223
1.23
1.237
1.244
1.251
1.258
1.265
1.272
1.279
1.286
1.293
1.299
1.306
1.313
1.32
1.326
1.333
1.34
1.346
1.353
1.359
1.366
1.372
1.378
1.385
1.391
1.397
1.404
1.41
1.416
1.422
1.428
1.435
1.441
1.447
1.453
1.459
1.465
1.471
1.477
1.482
1.488
1.494
1.5
1.506
1.511
1.517
1.523
1.528
1.534
1.54
1.545
1.551
1.556
0.8956382
0.8924621
0.9624625
0.96138
0.9153
0.9183
0.9241
0.9301
0.9363
0.9427
0.9491
0.9557
0.9623
0.969
0.976
0.983
0.99
0.997
1.004
1.011
1.018
1.025
1.032
1.039
1.046
1.054
1.061
1.068
1.075
1.082
1.089
1.097
1.104
1.111
1.118
1.125
1.132
1.139
1.146
1.153
1.16
1.167
1.174
1.18
1.187
1.194
1.201
1.208
1.214
1.221
1.228
1.234
1.241
1.247
1.254
1.26
1.267
1.273
1.28
1.286
1.292
1.299
1.305
1.311
1.317
1.323
1.33
1.336
1.342
1.348
1.354
1.36
1.366
1.372
1.378
1.384
1.389
1.395
1.401
1.407
1.412
1.418
1.424
1.43
1.435
1.441
1.446
1.452
1.457
1.463
1.468
1.474
1.479
1.485
1.49
1.495
1.5
1.506
1.511
1.516
0.8956382
0.8924623
0.9624626
0.96086
0.9166
0.9174
0.9228
0.9284
0.9341
0.94
0.946
0.9521
0.958
0.964
0.971
0.977
0.984
0.99
0.997
1.003
1.01
1.017
1.023
1.03
1.036
1.043
1.05
1.057
1.063
1.07
1.077
1.083
1.09
1.097
1.103
1.11
1.116
1.123
1.13
1.136
1.143
1.149
1.156
1.162
1.168
1.175
1.181
1.187
1.194
1.2
1.206
1.213
1.219
1.225
1.231
1.237
1.243
1.249
1.255
1.261
1.267
1.273
1.279
1.285
1.291
1.297
1.303
1.308
1.314
1.32
1.326
1.331
1.337
1.343
1.348
1.354
1.359
1.365
1.37
1.376
1.381
1.387
1.392
1.397
1.403
1.408
1.413
1.418
1.424
1.429
1.434
1.439
1.444
1.449
1.455
1.46
1.465
1.47
1.475
1.48
0.8956382
0.8924623
0.9624627
0.96038
0.9178
0.9166
0.9216
0.9268
0.9322
0.9377
0.9432
0.9489
0.955
0.96
0.966
0.972
0.978
0.984
0.99
0.997
1.003
1.009
1.015
1.021
1.028
1.034
1.04
1.046
1.053
1.059
1.065
1.071
1.078
1.084
1.09
1.096
1.102
1.109
1.115
1.121
1.127
1.133
1.139
1.145
1.151
1.157
1.163
1.169
1.175
1.181
1.187
1.193
1.199
1.205
1.211
1.216
1.222
1.228
1.234
1.239
1.245
1.25
1.256
1.262
1.267
1.273
1.278
1.284
1.289
1.295
1.3
1.305
1.311
1.316
1.321
1.327
1.332
1.337
1.342
1.347
1.352
1.358
1.363
1.368
1.373
1.378
1.383
1.388
1.393
1.398
1.403
1.407
1.412
1.417
1.422
1.427
1.432
1.436
1.441
1.446
0.8956382
0.8924624
0.9624628
0.95994
0.9189
0.9158
0.9206
0.9255
0.9305
0.9356
0.9408
0.9461
0.951
0.957
0.962
0.968
0.974
0.979
0.985
0.991
0.996
1.002
1.008
1.014
1.02
1.026
1.031
1.037
1.043
1.049
1.055
1.061
1.067
1.072
1.078
1.084
1.09
1.096
1.102
1.107
1.113
1.119
1.125
1.13
1.136
1.142
1.147
1.153
1.159
1.164
1.17
1.175
1.181
1.186
1.192
1.197
1.203
1.208
1.213
1.219
1.224
1.23
1.235
1.24
1.245
1.251
1.256
1.261
1.266
1.271
1.276
1.281
1.287
1.292
1.297
1.302
1.307
1.311
1.316
1.321
1.326
1.331
1.336
1.341
1.345
1.35
1.355
1.36
1.364
1.369
1.374
1.378
1.383
1.388
1.392
1.397
1.401
1.406
1.41
1.415
0.8956382
0.8924625
0.9624629
0.95952
0.9199
0.9152
0.9197
0.9243
0.929
0.9337
0.9386
0.944
0.949
0.954
0.959
0.964
0.969
0.975
0.98
0.985
0.991
0.996
1.002
1.007
1.013
1.018
1.024
1.029
1.035
1.04
1.046
1.051
1.057
1.062
1.068
1.073
1.079
1.084
1.089
1.095
1.1
1.106
1.111
1.117
1.122
1.127
1.133
1.138
1.143
1.149
1.154
1.159
1.164
1.17
1.175
1.18
1.185
1.19
1.195
1.2
1.205
1.21
1.215
1.22
1.225
1.23
1.235
1.24
1.245
1.25
1.255
1.26
1.264
1.269
1.274
1.279
1.283
1.288
1.293
1.297
1.302
1.307
1.311
1.316
1.32
1.325
1.329
1.334
1.338
1.343
1.347
1.352
1.356
1.36
1.365
1.369
1.373
1.378
1.382
1.379
0.8956382
0.8924625
0.9624629
0.95914
0.9207
0.9146
0.9189
0.9232
0.9276
0.9321
0.9367
0.941
0.946
0.951
0.956
0.961
0.966
0.97
0.975
0.981
0.986
0.991
0.996
1.001
1.006
1.011
1.016
1.022
1.027
1.032
1.037
1.042
1.048
1.053
1.058
1.063
1.068
1.073
1.079
1.084
1.089
1.094
1.099
1.104
1.109
1.114
1.119
1.124
1.129
1.134
1.139
1.144
1.149
1.154
1.159
1.164
1.169
1.174
1.179
1.183
1.188
1.193
1.198
1.202
1.207
1.212
1.217
1.221
1.226
1.23
1.235
1.24
1.244
1.249
1.253
1.258
1.262
1.267
1.271
1.275
1.28
1.284
1.289
1.293
1.297
1.302
1.306
1.31
1.314
1.319
1.323
1.327
1.331
1.335
1.339
1.343
1.348
1.347
1.347
1.345
0.8956382
0.8924626
0.962463
0.95878
0.9215
0.9141
0.9181
0.9222
0.9264
0.9306
0.9349
0.939
0.944
0.948
0.953
0.957
0.962
0.967
0.971
0.976
0.981
0.986
0.991
0.995
1
1.005
1.01
1.015
1.02
1.025
1.03
1.034
1.039
1.044
1.049
1.054
1.059
1.064
1.069
1.074
1.078
1.083
1.088
1.093
1.098
1.102
1.107
1.112
1.117
1.121
1.126
1.131
1.136
1.14
1.145
1.149
1.154
1.159
1.163
1.168
1.172
1.177
1.181
1.186
1.19
1.195
1.199
1.204
1.208
1.212
1.217
1.221
1.225
1.23
1.234
1.238
1.243
1.247
1.251
1.255
1.259
1.264
1.268
1.272
1.276
1.28
1.284
1.288
1.292
1.296
1.3
1.304
1.308
1.312
1.316
1.32
1.319
1.316
1.315
1.315
0.8956382
0.8924626
0.962463
0.95844
0.9222
0.9142
0.9174
0.9213
0.9252
0.9293
0.9333
0.937
0.942
0.946
0.95
0.955
0.959
0.963
0.968
0.972
0.977
0.981
0.986
0.99
0.995
1
1.004
1.009
1.013
1.018
1.023
1.027
1.032
1.037
1.041
1.046
1.05
1.055
1.06
1.064
1.069
1.073
1.078
1.082
1.087
1.092
1.096
1.101
1.105
1.11
1.114
1.118
1.123
1.127
1.132
1.136
1.141
1.145
1.149
1.154
1.158
1.162
1.166
1.171
1.175
1.179
1.183
1.188
1.192
1.196
1.2
1.204
1.208
1.212
1.216
1.221
1.225
1.229
1.233
1.237
1.241
1.245
1.248
1.252
1.256
1.26
1.264
1.268
1.272
1.276
1.279
1.283
1.287
1.291
1.294
1.296
1.295
1.292
1.291
1.287
0.8956382
0.8924627
0.9624631
0.95813
0.9229
0.9153
0.9168
0.9205
0.9242
0.928
0.9319
0.936
0.94
0.944
0.948
0.952
0.956
0.96
0.965
0.969
0.973
0.977
0.982
0.986
0.99
0.995
0.999
1.003
1.008
1.012
1.016
1.021
1.025
1.03
1.034
1.038
1.043
1.047
1.051
1.056
1.06
1.064
1.069
1.073
1.077
1.082
1.086
1.09
1.094
1.099
1.103
1.107
1.111
1.116
1.12
1.124
1.128
1.132
1.136
1.14
1.145
1.149
1.153
1.157
1.161
1.165
1.169
1.173
1.177
1.181
1.185
1.189
1.192
1.196
1.2
1.204
1.208
1.212
1.216
1.219
1.223
1.227
1.231
1.234
1.238
1.242
1.245
1.249
1.253
1.256
1.26
1.264
1.267
1.271
1.274
1.273
1.27
1.269
1.271
1.268
0.8956382
0.8924627
0.9624631
0.95787
0.9235
0.9163
0.9163
0.9198
0.9233
0.9269
0.9306
0.934
0.938
0.942
0.946
0.95
0.954
0.958
0.962
0.966
0.97
0.974
0.978
0.982
0.986
0.99
0.994
0.998
1.002
1.007
1.011
1.015
1.019
1.023
1.027
1.031
1.036
1.04
1.044
1.048
1.052
1.056
1.06
1.064
1.068
1.073
1.077
1.081
1.085
1.089
1.093
1.097
1.101
1.105
1.109
1.113
1.117
1.121
1.124
1.128
1.132
1.136
1.14
1.144
1.148
1.152
1.155
1.159
1.163
1.167
1.17
1.174
1.178
1.182
1.185
1.189
1.193
1.196
1.2
1.203
1.207
1.211
1.214
1.218
1.221
1.225
1.228
1.232
1.235
1.239
1.242
1.246
1.249
1.252
1.256
1.254
1.25
1.249
1.25
1.25
0.8956382
0.8924627
0.9624631
0.95755
0.9241
0.9172
0.9158
0.9191
0.9225
0.9259
0.9294
0.933
0.937
0.94
0.944
0.948
0.951
0.955
0.959
0.963
0.966
0.97
0.974
0.978
0.982
0.986
0.99
0.994
0.998
1.001
1.005
1.009
1.013
1.017
1.021
1.025
1.029
1.033
1.037
1.041
1.045
1.049
1.052
1.056
1.06
1.064
1.068
1.072
1.076
1.079
1.083
1.087
1.091
1.095
1.099
1.102
1.106
1.11
1.114
1.117
1.121
1.125
1.128
1.132
1.136
1.139
1.143
1.146
1.15
1.154
1.157
1.161
1.164
1.168
1.171
1.175
1.178
1.182
1.185
1.189
1.192
1.196
1.199
1.202
1.206
1.209
1.212
1.216
1.219
1.222
1.226
1.229
1.232
1.235
1.239
1.236
1.233
1.232
1.232
1.235
0.8956382
0.8924627
0.9624632
0.95727
0.9246
0.9181
0.9153
0.9185
0.9217
0.925
0.928
0.932
0.935
0.939
0.942
0.946
0.949
0.953
0.956
0.96
0.964
0.967
0.971
0.975
0.978
0.982
0.986
0.989
0.993
0.997
1.001
1.004
1.008
1.012
1.015
1.019
1.023
1.027
1.03
1.034
1.038
1.042
1.045
1.049
1.053
1.056
1.06
1.064
1.067
1.071
1.075
1.078
1.082
1.086
1.089
1.093
1.096
1.1
1.103
1.107
1.11
1.114
1.117
1.121
1.124
1.128
1.131
1.135
1.138
1.142
1.145
1.148
1.152
1.155
1.158
1.162
1.165
1.168
1.172
1.175
1.178
1.182
1.185
1.188
1.191
1.194
1.198
1.201
1.204
1.207
1.21
1.213
1.216
1.22
1.223
1.221
1.22
1.217
1.217
1.217
0.8956382
0.8924628
0.9624632
0.95702
0.925
0.9189
0.9148
0.9179
0.921
0.9241
0.927
0.931
0.934
0.937
0.94
0.944
0.947
0.951
0.954
0.957
0.961
0.964
0.968
0.971
0.975
0.978
0.982
0.985
0.989
0.993
0.996
1
1.003
1.007
1.01
1.014
1.017
1.021
1.024
1.028
1.032
1.035
1.039
1.042
1.046
1.049
1.053
1.056
1.06
1.063
1.067
1.07
1.074
1.077
1.08
1.084
1.087
1.091
1.094
1.097
1.101
1.104
1.107
1.111
1.114
1.117
1.121
1.124
1.127
1.13
1.134
1.137
1.14
1.143
1.147
1.15
1.153
1.156
1.159
1.162
1.165
1.169
1.172
1.175
1.178
1.181
1.184
1.187
1.19
1.193
1.196
1.199
1.202
1.205
1.208
1.207
1.205
1.204
1.203
1.202
0.8956382
0.8924628
0.9624632
0.95679
0.9255
0.9196
0.9144
0.9174
0.9203
0.9233
0.926
0.929
0.933
0.936
0.939
0.942
0.945
0.949
0.952
0.955
0.958
0.962
0.965
0.968
0.972
0.975
0.978
0.982
0.985
0.989
0.992
0.995
0.999
1.002
1.005
1.009
1.012
1.016
1.019
1.022
1.026
1.029
1.033
1.036
1.039
1.043
1.046
1.049
1.053
1.056
1.059
1.062
1.066
1.069
1.072
1.076
1.079
1.082
1.085
1.088
1.092
1.095
1.098
1.101
1.104
1.108
1.111
1.114
1.117
1.12
1.123
1.126
1.129
1.132
1.135
1.138
1.141
1.144
1.147
1.15
1.153
1.156
1.159
1.162
1.165
1.168
1.171
1.174
1.177
1.18
1.183
1.185
1.188
1.191
1.194
1.195
1.193
1.191
1.19
1.19
0.8956382
0.8924628
0.9624632
0.95659
0.9259
0.9203
0.9148
0.9169
0.9197
0.9226
0.925
0.928
0.931
0.934
0.937
0.941
0.944
0.947
0.95
0.953
0.956
0.959
0.962
0.966
0.969
0.972
0.975
0.978
0.982
0.985
0.988
0.991
0.995
0.998
1.001
1.004
1.008
1.011
1.014
1.017
1.02
1.024
1.027
1.03
1.033
1.036
1.04
1.043
1.046
1.049
1.052
1.055
1.059
1.062
1.065
1.068
1.071
1.074
1.077
1.08
1.083
1.086
1.089
1.092
1.095
1.098
1.101
1.104
1.107
1.11
1.113
1.116
1.119
1.122
1.125
1.128
1.131
1.134
1.137
1.139
1.142
1.145
1.148
1.151
1.154
1.156
1.159
1.162
1.165
1.167
1.17
1.173
1.176
1.178
1.181
1.184
1.182
1.182
1.178
1.179
0.8956382
0.8924628
0.9624633
0.95641
0.9263
0.9209
0.9156
0.9164
0.9191
0.9219
0.925
0.928
0.93
0.933
0.936
0.939
0.942
0.945
0.948
0.951
0.954
0.957
0.96
0.963
0.966
0.969
0.972
0.975
0.978
0.981
0.985
0.988
0.991
0.994
0.997
1
1.003
1.006
1.009
1.012
1.015
1.018
1.022
1.025
1.028
1.031
1.034
1.037
1.04
1.043
1.046
1.049
1.052
1.055
1.058
1.061
1.064
1.067
1.07
1.073
1.076
1.078
1.081
1.084
1.087
1.09
1.093
1.096
1.099
1.101
1.104
1.107
1.11
1.113
1.115
1.118
1.121
1.124
1.126
1.129
1.132
1.135
1.137
1.14
1.143
1.145
1.148
1.151
1.153
1.156
1.159
1.161
1.164
1.166
1.169
1.171
1.172
1.171
1.168
1.167
0.8956382
0.8924629
0.9624633
0.95613
0.9266
0.9215
0.9165
0.916
0.9186
0.9213
0.924
0.927
0.929
0.932
0.935
0.938
0.941
0.943
0.946
0.949
0.952
0.955
0.958
0.961
0.964
0.967
0.969
0.972
0.975
0.978
0.981
0.984
0.987
0.99
0.993
0.996
0.999
1.002
1.005
1.008
1.011
1.014
1.017
1.02
1.022
1.025
1.028
1.031
1.034
1.037
1.04
1.043
1.046
1.048
1.051
1.054
1.057
1.06
1.063
1.065
1.068
1.071
1.074
1.077
1.079
1.082
1.085
1.088
1.09
1.093
1.096
1.098
1.101
1.104
1.106
1.109
1.112
1.114
1.117
1.12
1.122
1.125
1.127
1.13
1.133
1.135
1.138
1.14
1.143
1.145
1.148
1.15
1.153
1.155
1.158
1.16
1.162
1.161
1.161
1.159
0.8956382
0.8924629
0.9624633
0.95594
0.927
0.9221
0.9172
0.9156
0.9181
0.9207
0.923
0.926
0.928
0.931
0.934
0.936
0.939
0.942
0.945
0.947
0.95
0.953
0.956
0.959
0.961
0.964
0.967
0.97
0.973
0.975
0.978
0.981
0.984
0.987
0.99
0.992
0.995
0.998
1.001
1.004
1.006
1.009
1.012
1.015
1.018
1.02
1.023
1.026
1.029
1.032
1.034
1.037
1.04
1.042
1.045
1.048
1.051
1.053
1.056
1.059
1.061
1.064
1.067
1.069
1.072
1.075
1.077
1.08
1.083
1.085
1.088
1.09
1.093
1.095
1.098
1.101
1.103
1.106
1.108
1.111
1.113
1.116
1.118
1.121
1.123
1.125
1.128
1.13
1.133
1.135
1.138
1.14
1.142
1.145
1.147
1.149
1.152
1.154
1.152
1.153
0.8956382
0.8924629
0.9624633
0.95575
0.9273
0.9226
0.918
0.9152
0.9176
0.9201
0.923
0.925
0.928
0.93
0.933
0.935
0.938
0.941
0.943
0.946
0.948
0.951
0.954
0.956
0.959
0.962
0.965
0.967
0.97
0.973
0.975
0.978
0.981
0.983
0.986
0.989
0.992
0.994
0.997
1
1.002
1.005
1.008
1.01
1.013
1.016
1.018
1.021
1.024
1.026
1.029
1.032
1.034
1.037
1.04
1.042
1.045
1.047
1.05
1.053
1.055
1.058
1.06
1.063
1.065
1.068
1.07
1.073
1.075
1.078
1.08
1.083
1.085
1.088
1.09
1.093
1.095
1.097
1.1
1.102
1.105
1.107
1.109
1.112
1.114
1.116
1.119
1.121
1.123
1.126
1.128
1.13
1.133
1.135
1.137
1.139
1.142
1.144
1.145
1.144
0.8956382
0.8924629
0.9624633
0.95557
0.9276
0.9231
0.9187
0.9149
0.9172
0.9196
0.922
0.924
0.927
0.929
0.932
0.934
0.937
0.939
0.942
0.944
0.947
0.949
0.952
0.955
0.957
0.96
0.962
0.965
0.967
0.97
0.973
0.975
0.978
0.98
0.983
0.986
0.988
0.991
0.993
0.996
0.999
1.001
1.004
1.006
1.009
1.011
1.014
1.017
1.019
1.022
1.024
1.027
1.029
1.032
1.034
1.037
1.039
1.042
1.044
1.047
1.049
1.052
1.054
1.056
1.059
1.061
1.064
1.066
1.069
1.071
1.073
1.076
1.078
1.08
1.083
1.085
1.087
1.09
1.092
1.094
1.097
1.099
1.101
1.103
1.106
1.108
1.11
1.112
1.115
1.117
1.119
1.121
1.123
1.126
1.128
1.13
1.132
1.134
1.136
1.136
0.8956382
0.8924629
0.9624633
0.95539
0.9279
0.9236
0.9193
0.9152
0.9168
0.9191
0.921
0.924
0.926
0.928
0.931
0.933
0.936
0.938
0.94
0.943
0.945
0.948
0.95
0.953
0.955
0.958
0.96
0.963
0.965
0.968
0.97
0.973
0.975
0.978
0.98
0.983
0.985
0.988
0.99
0.993
0.995
0.998
1
1.002
1.005
1.007
1.01
1.012
1.015
1.017
1.02
1.022
1.024
1.027
1.029
1.032
1.034
1.036
1.039
1.041
1.044
1.046
1.048
1.051
1.053
1.055
1.058
1.06
1.062
1.064
1.067
1.069
1.071
1.074
1.076
1.078
1.08
1.082
1.085
1.087
1.089
1.091
1.093
1.096
1.098
1.1
1.102
1.104
1.106
1.109
1.111
1.113
1.115
1.117
1.119
1.121
1.123
1.125
1.127
1.129
0.8956382
0.8924629
0.9624634
0.95523
0.9281
0.924
0.9199
0.9159
0.9164
0.9186
0.921
0.923
0.925
0.928
0.93
0.932
0.935
0.937
0.939
0.942
0.944
0.946
0.949
0.951
0.953
0.956
0.958
0.961
0.963
0.965
0.968
0.97
0.973
0.975
0.977
0.98
0.982
0.985
0.987
0.989
0.992
0.994
0.996
0.999
1.001
1.004
1.006
1.008
1.011
1.013
1.015
1.018
1.02
1.022
1.025
1.027
1.029
1.031
1.034
1.036
1.038
1.041
1.043
1.045
1.047
1.05
1.052
1.054
1.056
1.058
1.061
1.063
1.065
1.067
1.069
1.071
1.074
1.076
1.078
1.08
1.082
1.084
1.086
1.088
1.09
1.092
1.095
1.097
1.099
1.101
1.103
1.105
1.107
1.109
1.111
1.113
1.115
1.117
1.119
1.121
0.8956382
0.8924629
0.9624634
0.95507
0.9284
0.9244
0.9205
0.9167
0.916
0.9182
0.92
0.922
0.925
0.927
0.929
0.931
0.934
0.936
0.938
0.94
0.943
0.945
0.947
0.949
0.952
0.954
0.956
0.959
0.961
0.963
0.966
0.968
0.97
0.972
0.975
0.977
0.979
0.982
0.984
0.986
0.989
0.991
0.993
0.995
0.998
1
1.002
1.004
1.007
1.009
1.011
1.013
1.016
1.018
1.02
1.022
1.025
1.027
1.029
1.031
1.033
1.035
1.038
1.04
1.042
1.044
1.046
1.048
1.051
1.053
1.055
1.057
1.059
1.061
1.063
1.065
1.067
1.069
1.071
1.073
1.075
1.077
1.079
1.081
1.083
1.085
1.087
1.089
1.091
1.093
1.095
1.097
1.099
1.101
1.103
1.105
1.107
1.109
1.111
1.112
0.8956382
0.8924629
0.9624634
0.95492
0.9286
0.9248
0.9211
0.9174
0.9157
0.9178
0.92
0.922
0.924
0.926
0.928
0.93
0.933
0.935
0.937
0.939
0.941
0.944
0.946
0.948
0.95
0.952
0.955
0.957
0.959
0.961
0.963
0.966
0.968
0.97
0.972
0.975
0.977
0.979
0.981
0.983
0.986
0.988
0.99
0.992
0.994
0.997
0.999
1.001
1.003
1.005
1.007
1.01
1.012
1.014
1.016
1.018
1.02
1.022
1.024
1.027
1.029
1.031
1.033
1.035
1.037
1.039
1.041
1.043
1.045
1.047
1.049
1.051
1.053
1.055
1.057
1.059
1.061
1.063
1.065
1.067
1.069
1.071
1.073
1.075
1.077
1.079
1.081
1.083
1.084
1.086
1.088
1.09
1.092
1.094
1.096
1.097
1.099
1.101
1.103
1.105
0.8956382
0.8924629
0.9624634
0.95477
0.9289
0.9252
0.9216
0.918
0.9154
0.9174
0.919
0.921
0.923
0.926
0.928
0.93
0.932
0.934
0.936
0.938
0.94
0.942
0.944
0.947
0.949
0.951
0.953
0.955
0.957
0.959
0.961
0.964
0.966
0.968
0.97
0.972
0.974
0.976
0.979
0.981
0.983
0.985
0.987
0.989
0.991
0.993
0.995
0.998
1
1.002
1.004
1.006
1.008
1.01
1.012
1.014
1.016
1.018
1.02
1.022
1.024
1.026
1.028
1.03
1.032
1.034
1.036
1.038
1.04
1.042
1.044
1.046
1.048
1.05
1.052
1.054
1.056
1.058
1.059
1.061
1.063
1.065
1.067
1.069
1.071
1.072
1.074
1.076
1.078
1.08
1.082
1.083
1.085
1.087
1.089
1.091
1.092
1.094
1.096
1.098
0.8956382
0.892463
0.9624634
0.95463
0.9291
0.9255
0.9221
0.9187
0.9153
0.917
0.919
0.921
0.923
0.925
0.927
0.929
0.931
0.933
0.935
0.937
0.939
0.941
0.943
0.945
0.947
0.949
0.951
0.953
0.956
0.958
0.96
0.962
0.964
0.966
0.968
0.97
0.972
0.974
0.976
0.978
0.98
0.982
0.984
0.986
0.988
0.99
0.992
0.994
0.996
0.998
1
1.002
1.004
1.006
1.008
1.01
1.012
1.014
1.016
1.018
1.02
1.022
1.024
1.026
1.028
1.03
1.032
1.034
1.035
1.037
1.039
1.041
1.043
1.045
1.047
1.048
1.05
1.052
1.054
1.056
1.058
1.059
1.061
1.063
1.065
1.067
1.068
1.07
1.072
1.074
1.075
1.077
1.079
1.08
1.082
1.084
1.086
1.087
1.089
1.091
0.8956382
0.892463
0.9624634
0.95449
0.9293
0.9259
0.9226
0.9193
0.9161
0.9166
0.919
0.92
0.922
0.924
0.926
0.928
0.93
0.932
0.934
0.936
0.938
0.94
0.942
0.944
0.946
0.948
0.95
0.952
0.954
0.956
0.958
0.96
0.962
0.964
0.966
0.968
0.97
0.972
0.974
0.976
0.978
0.98
0.982
0.984
0.986
0.988
0.989
0.991
0.993
0.995
0.997
0.999
1.001
1.003
1.005
1.007
1.009
1.011
1.012
1.014
1.016
1.018
1.02
1.022
1.024
1.025
1.027
1.029
1.031
1.033
1.035
1.036
1.038
1.04
1.042
1.044
1.045
1.047
1.049
1.051
1.052
1.054
1.056
1.057
1.059
1.061
1.063
1.064
1.066
1.068
1.069
1.071
1.073
1.074
1.076
1.078
1.079
1.081
1.083
1.084
0.8956382
0.892463
0.9624634
0.95436
0.9295
0.9262
0.923
0.9199
0.9168
0.9163
0.918
0.92
0.922
0.924
0.926
0.927
0.929
0.931
0.933
0.935
0.937
0.939
0.941
0.943
0.945
0.947
0.949
0.95
0.952
0.954
0.956
0.958
0.96
0.962
0.964
0.966
0.968
0.97
0.972
0.973
0.975
0.977
0.979
0.981
0.983
0.985
0.987
0.989
0.99
0.992
0.994
0.996
0.998
1
1.002
1.003
1.005
1.007
1.009
1.011
1.012
1.014
1.016
1.018
1.02
1.021
1.023
1.025
1.027
1.028
1.03
1.032
1.034
1.035
1.037
1.039
1.041
1.042
1.044
1.046
1.047
1.049
1.051
1.052
1.054
1.056
1.057
1.059
1.06
1.062
1.064
1.065
1.067
1.069
1.07
1.072
1.073
1.075
1.076
1.078
0.8956382
0.892463
0.9624634
0.95423
0.9297
0.9265
0.9234
0.9204
0.9174
0.916
0.918
0.92
0.921
0.923
0.925
0.927
0.929
0.931
0.932
0.934
0.936
0.938
0.94
0.942
0.943
0.945
0.947
0.949
0.951
0.953
0.955
0.956
0.958
0.96
0.962
0.964
0.966
0.968
0.969
0.971
0.973
0.975
0.977
0.979
0.98
0.982
0.984
0.986
0.988
0.989
0.991
0.993
0.995
0.997
0.998
1
1.002
1.004
1.005
1.007
1.009
1.011
1.012
1.014
1.016
1.018
1.019
1.021
1.023
1.024
1.026
1.028
1.029
1.031
1.033
1.034
1.036
1.038
1.039
1.041
1.043
1.044
1.046
1.047
1.049
1.051
1.052
1.054
1.055
1.057
1.058
1.06
1.061
1.063
1.065
1.066
1.068
1.069
1.071
1.072
0.8956382
0.892463
0.9624634
0.95411
0.9298
0.9268
0.9239
0.9209
0.9181
0.9157
0.917
0.919
0.921
0.923
0.924
0.926
0.928
0.93
0.932
0.933
0.935
0.937
0.939
0.941
0.942
0.944
0.946
0.948
0.95
0.951
0.953
0.955
0.957
0.959
0.96
0.962
0.964
0.966
0.967
0.969
0.971
0.973
0.975
0.976
0.978
0.98
0.982
0.983
0.985
0.987
0.989
0.99
0.992
0.994
0.995
0.997
0.999
1.001
1.002
1.004
1.006
1.007
1.009
1.011
1.012
1.014
1.016
1.017
1.019
1.02
1.022
1.024
1.025
1.027
1.029
1.03
1.032
1.033
1.035
1.036
1.038
1.04
1.041
1.043
1.044
1.046
1.047
1.049
1.05
1.052
1.053
1.055
1.056
1.058
1.059
1.061
1.062
1.064
1.065
1.067
0.8956382
0.892463
0.9624634
0.95399
0.93
0.9271
0.9243
0.9214
0.9187
0.916
0.917
0.919
0.92
0.922
0.924
0.926
0.927
0.929
0.931
0.933
0.934
0.936
0.938
0.939
0.941
0.943
0.945
0.946
0.948
0.95
0.952
0.953
0.955
0.957
0.959
0.96
0.962
0.964
0.966
0.967
0.969
0.971
0.972
0.974
0.976
0.978
0.979
0.981
0.983
0.984
0.986
0.988
0.989
0.991
0.993
0.994
0.996
0.998
0.999
1.001
1.002
1.004
1.006
1.007
1.009
1.01
1.012
1.014
1.015
1.017
1.018
1.02
1.021
1.023
1.025
1.026
1.028
1.029
1.031
1.032
1.034
1.035
1.037
1.038
1.04
1.041
1.043
1.044
1.046
1.047
1.048
1.05
1.051
1.053
1.054
1.056
1.057
1.058
1.06
1.061
0.8956382
0.892463
0.9624634
0.95388
0.9302
0.9274
0.9246
0.9219
0.9193
0.9166
0.917
0.918
0.92
0.922
0.923
0.925
0.927
0.928
0.93
0.932
0.933
0.935
0.937
0.939
0.94
0.942
0.944
0.945
0.947
0.949
0.95
0.952
0.954
0.955
0.957
0.959
0.96
0.962
0.964
0.965
0.967
0.969
0.97
0.972
0.974
0.975
0.977
0.979
0.98
0.982
0.983
0.985
0.987
0.988
0.99
0.992
0.993
0.995
0.996
0.998
0.999
1.001
1.003
1.004
1.006
1.007
1.009
1.01
1.012
1.013
1.015
1.016
1.018
1.019
1.021
1.022
1.024
1.025
1.027
1.028
1.03
1.031
1.033
1.034
1.035
1.037
1.038
1.04
1.041
1.042
1.044
1.045
1.047
1.048
1.049
1.051
1.052
1.054
1.055
1.056
0.8956382
0.892463
0.9624634
0.95377
0.9303
0.9276
0.925
0.9224
0.9198
0.9173
0.916
0.918
0.92
0.921
0.923
0.925
0.926
0.928
0.929
0.931
0.933
0.934
0.936
0.938
0.939
0.941
0.943
0.944
0.946
0.947
0.949
0.951
0.952
0.954
0.956
0.957
0.959
0.96
0.962
0.964
0.965
0.967
0.968
0.97
0.972
0.973
0.975
0.976
0.978
0.98
0.981
0.983
0.984
0.986
0.987
0.989
0.99
0.992
0.994
0.995
0.997
0.998
1
1.001
1.003
1.004
1.006
1.007
1.008
1.01
1.011
1.013
1.014
1.016
1.017
1.019
1.02
1.022
1.023
1.024
1.026
1.027
1.029
1.03
1.031
1.033
1.034
1.035
1.037
1.038
1.04
1.041
1.042
1.044
1.045
1.046
1.048
1.049
1.05
1.051
0.8956382
0.892463
0.9624634
0.95366
0.9305
0.9279
0.9253
0.9228
0.9204
0.9179
0.916
0.918
0.919
0.921
0.922
0.924
0.926
0.927
0.929
0.93
0.932
0.934
0.935
0.937
0.938
0.94
0.941
0.943
0.945
0.946
0.948
0.949
0.951
0.953
0.954
0.956
0.957
0.959
0.96
0.962
0.964
0.965
0.967
0.968
0.97
0.971
0.973
0.974
0.976
0.977
0.979
0.98
0.982
0.983
0.985
0.986
0.988
0.989
0.991
0.992
0.994
0.995
0.997
0.998
1
1.001
1.003
1.004
1.005
1.007
1.008
1.01
1.011
1.012
1.014
1.015
1.017
1.018
1.019
1.021
1.022
1.023
1.025
1.026
1.027
1.029
1.03
1.031
1.033
1.034
1.035
1.037
1.038
1.039
1.041
1.042
1.043
1.044
1.046
1.047
0.8956382
0.892463
0.9624635
0.95355
0.9306
0.9281
0.9257
0.9233
0.9209
0.9185
0.916
0.917
0.919
0.92
0.922
0.924
0.925
0.927
0.928
0.93
0.931
0.933
0.934
0.936
0.937
0.939
0.94
0.942
0.944
0.945
0.947
0.948
0.95
0.951
0.953
0.954
0.956
0.957
0.959
0.96
0.962
0.963
0.965
0.966
0.968
0.969
0.971
0.972
0.974
0.975
0.977
0.978
0.98
0.981
0.983
0.984
0.985
0.987
0.988
0.99
0.991
0.993
0.994
0.995
0.997
0.998
1
1.001
1.002
1.004
1.005
1.006
1.008
1.009
1.011
1.012
1.013
1.015
1.016
1.017
1.019
1.02
1.021
1.022
1.024
1.025
1.026
1.028
1.029
1.03
1.031
1.033
1.034
1.035
1.036
1.038
1.039
1.04
1.041
1.043
0.8956382
0.892463
0.9624635
0.95345
0.9308
0.9284
0.926
0.9237
0.9214
0.9191
0.917
0.917
0.919
0.92
0.922
0.923
0.925
0.926
0.928
0.929
0.931
0.932
0.934
0.935
0.937
0.938
0.94
0.941
0.943
0.944
0.946
0.947
0.949
0.95
0.951
0.953
0.954
0.956
0.957
0.959
0.96
0.962
0.963
0.965
0.966
0.968
0.969
0.97
0.972
0.973
0.975
0.976
0.978
0.979
0.98
0.982
0.983
0.985
0.986
0.987
0.989
0.99
0.991
0.993
0.994
0.996
0.997
0.998
1
1.001
1.002
1.004
1.005
1.006
1.007
1.009
1.01
1.011
1.013
1.014
1.015
1.016
1.018
1.019
1.02
1.021
1.023
1.024
1.025
1.026
1.028
1.029
1.03
1.031
1.032
1.034
1.035
1.036
1.037
1.038
0.8956382
0.892463
0.9624635
0.95336
0.9309
0.9286
0.9263
0.9241
0.9218
0.9197
0.918
0.917
0.918
0.92
0.921
0.923
0.924
0.926
0.927
0.928
0.93
0.931
0.933
0.934
0.936
0.937
0.939
0.94
0.942
0.943
0.944
0.946
0.947
0.949
0.95
0.952
0.953
0.955
0.956
0.957
0.959
0.96
0.962
0.963
0.964
0.966
0.967
0.969
0.97
0.971
0.973
0.974
0.976
0.977
0.978
0.98
0.981
0.982
0.984
0.985
0.986
0.988
0.989
0.99
0.992
0.993
0.994
0.996
0.997
0.998
0.999
1.001
1.002
1.003
1.004
1.006
1.007
1.008
1.009
1.011
1.012
1.013
1.014
1.016
1.017
1.018
1.019
1.02
1.022
1.023
1.024
1.025
1.026
1.028
1.029
1.03
1.031
1.032
1.033
1.034
0.8956382
0.892463
0.9624635
0.95326
0.931
0.9288
0.9266
0.9244
0.9223
0.9202
0.918
0.917
0.918
0.919
0.921
0.922
0.924
0.925
0.926
0.928
0.929
0.931
0.932
0.934
0.935
0.936
0.938
0.939
0.941
0.942
0.943
0.945
0.946
0.948
0.949
0.95
0.952
0.953
0.955
0.956
0.957
0.959
0.96
0.961
0.963
0.964
0.966
0.967
0.968
0.97
0.971
0.972
0.974
0.975
0.976
0.978
0.979
0.98
0.981
0.983
0.984
0.985
0.987
0.988
0.989
0.99
0.992
0.993
0.994
0.995
0.997
0.998
0.999
1
1.002
1.003
1.004
1.005
1.006
1.008
1.009
1.01
1.011
1.012
1.014
1.015
1.016
1.017
1.018
1.019
1.021
1.022
1.023
1.024
1.025
1.026
1.027
1.028
1.03
1.031
0.8956382
0.8924631
0.9624635
0.95317
0.9312
0.929
0.9269
0.9248
0.9227
0.9207
0.919
0.917
0.918
0.919
0.92
0.922
0.923
0.925
0.926
0.927
0.929
0.93
0.931
0.933
0.934
0.936
0.937
0.938
0.94
0.941
0.942
0.944
0.945
0.947
0.948
0.949
0.951
0.952
0.953
0.955
0.956
0.957
0.959
0.96
0.961
0.963
0.964
0.965
0.967
0.968
0.969
0.97
0.972
0.973
0.974
0.976
0.977
0.978
0.979
0.981
0.982
0.983
0.984
0.986
0.987
0.988
0.989
0.991
0.992
0.993
0.994
0.995
0.997
0.998
0.999
1
1.001
1.002
1.004
1.005
1.006
1.007
1.008
1.009
1.011
1.012
1.013
1.014
1.015
1.016
1.017
1.018
1.019
1.021
1.022
1.023
1.024
1.025
1.026
1.027
0.8956382
0.8924631
0.9624635
0.95308
0.9313
0.9292
0.9272
0.9251
0.9232
0.9212
0.919
0.917
0.917
0.919
0.92
0.921
0.923
0.924
0.925
0.927
0.928
0.929
0.931
0.932
0.933
0.935
0.936
0.938
0.939
0.94
0.941
0.943
0.944
0.945
0.947
0.948
0.949
0.951
0.952
0.953
0.955
0.956
0.957
0.959
0.96
0.961
0.962
0.964
0.965
0.966
0.967
0.969
0.97
0.971
0.972
0.974
0.975
0.976
0.977
0.979
0.98
0.981
0.982
0.983
0.985
0.986
0.987
0.988
0.989
0.991
0.992
0.993
0.994
0.995
0.996
0.997
0.999
1
1.001
1.002
1.003
1.004
1.005
1.006
1.008
1.009
1.01
1.011
1.012
1.013
1.014
1.015
1.016
1.017
1.018
1.019
1.02
1.022
1.023
1.024
0.8956382
0.8924631
0.9624635
0.95299
0.9314
0.9294
0.9274
0.9255
0.9236
0.9217
0.92
0.918
0.917
0.918
0.92
0.921
0.922
0.924
0.925
0.926
0.928
0.929
0.93
0.931
0.933
0.934
0.935
0.937
0.938
0.939
0.941
0.942
0.943
0.944
0.946
0.947
0.948
0.95
0.951
0.952
0.953
0.955
0.956
0.957
0.958
0.96
0.961
0.962
0.963
0.965
0.966
0.967
0.968
0.969
0.971
0.972
0.973
0.974
0.975
0.977
0.978
0.979
0.98
0.981
0.982
0.984
0.985
0.986
0.987
0.988
0.989
0.99
0.992
0.993
0.994
0.995
0.996
0.997
0.998
0.999
1
1.002
1.003
1.004
1.005
1.006
1.007
1.008
1.009
1.01
1.011
1.012
1.013
1.014
1.015
1.016
1.017
1.018
1.019
1.02
0.8956382
0.8924631
0.9624635
0.95291
0.9315
0.9296
0.9277
0.9258
0.924
0.9222
0.92
0.919
0.917
0.918
0.919
0.921
0.922
0.923
0.924
0.926
0.927
0.928
0.93
0.931
0.932
0.933
0.935
0.936
0.937
0.938
0.94
0.941
0.942
0.943
0.945
0.946
0.947
0.948
0.95
0.951
0.952
0.953
0.955
0.956
0.957
0.958
0.959
0.961
0.962
0.963
0.964
0.965
0.967
0.968
0.969
0.97
0.971
0.972
0.974
0.975
0.976
0.977
0.978
0.979
0.98
0.982
0.983
0.984
0.985
0.986
0.987
0.988
0.989
0.99
0.991
0.993
0.994
0.995
0.996
0.997
0.998
0.999
1
1.001
1.002
1.003
1.004
1.005
1.006
1.007
1.008
1.009
1.01
1.011
1.012
1.013
1.014
1.015
1.016
1.017
0.8956382
0.8924631
0.9624635
0.95283
0.9316
0.9297
0.9279
0.9261
0.9244
0.9226
0.921
0.919
0.918
0.918
0.919
0.92
0.922
0.923
0.924
0.925
0.927
0.928
0.929
0.93
0.931
0.933
0.934
0.935
0.936
0.938
0.939
0.94
0.941
0.943
0.944
0.945
0.946
0.947
0.949
0.95
0.951
0.952
0.953
0.955
0.956
0.957
0.958
0.959
0.96
0.962
0.963
0.964
0.965
0.966
0.967
0.968
0.97
0.971
0.972
0.973
0.974
0.975
0.976
0.977
0.978
0.98
0.981
0.982
0.983
0.984
0.985
0.986
0.987
0.988
0.989
0.99
0.991
0.992
0.993
0.994
0.995
0.996
0.997
0.998
0.999
1
1.001
1.002
1.003
1.004
1.005
1.006
1.007
1.008
1.009
1.01
1.011
1.012
1.013
1.014
0.8956382
0.8924631
0.9624635
0.95275
0.9317
0.9299
0.9282
0.9264
0.9247
0.923
0.921
0.92
0.918
0.917
0.919
0.92
0.921
0.922
0.924
0.925
0.926
0.927
0.928
0.93
0.931
0.932
0.933
0.934
0.936
0.937
0.938
0.939
0.94
0.942
0.943
0.944
0.945
0.946
0.948
0.949
0.95
0.951
0.952
0.953
0.954
0.956
0.957
0.958
0.959
0.96
0.961
0.962
0.964
0.965
0.966
0.967
0.968
0.969
0.97
0.971
0.972
0.973
0.974
0.976
0.977
0.978
0.979
0.98
0.981
0.982
0.983
0.984
0.985
0.986
0.987
0.988
0.989
0.99
0.991
0.992
0.993
0.994
0.995
0.996
0.997
0.998
0.999
1
1.001
1.002
1.003
1.004
1.005
1.006
1.006
1.007
1.008
1.009
1.01
1.011
0.8956382
0.8924631
0.9624635
0.95267
0.9318
0.9301
0.9284
0.9267
0.9251
0.9235
0.922
0.92
0.919
0.917
0.918
0.92
0.921
0.922
0.923
0.924
0.926
0.927
0.928
0.929
0.93
0.931
0.933
0.934
0.935
0.936
0.937
0.938
0.94
0.941
0.942
0.943
0.944
0.945
0.947
0.948
0.949
0.95
0.951
0.952
0.953
0.954
0.956
0.957
0.958
0.959
0.96
0.961
0.962
0.963
0.964
0.965
0.966
0.967
0.968
0.97
0.971
0.972
0.973
0.974
0.975
0.976
0.977
0.978
0.979
0.98
0.981
0.982
0.983
0.984
0.985
0.986
0.987
0.988
0.989
0.99
0.991
0.992
0.993
0.994
0.995
0.995
0.996
0.997
0.998
0.999
1
1.001
1.002
1.003
1.004
1.005
1.006
1.007
1.007
1.008
0.8956382
0.8924631
0.9624635
0.95259
0.9319
0.9302
0.9286
0.927
0.9254
0.9239
0.922
0.921
0.919
0.918
0.918
0.919
0.92
0.922
0.923
0.924
0.925
0.926
0.927
0.929
0.93
0.931
0.932
0.933
0.934
0.935
0.937
0.938
0.939
0.94
0.941
0.942
0.943
0.944
0.946
0.947
0.948
0.949
0.95
0.951
0.952
0.953
0.954
0.955
0.956
0.957
0.959
0.96
0.961
0.962
0.963
0.964
0.965
0.966
0.967
0.968
0.969
0.97
0.971
0.972
0.973
0.974
0.975
0.976
0.977
0.978
0.979
0.98
0.981
0.982
0.983
0.984
0.985
0.986
0.987
0.988
0.989
0.989
0.99
0.991
0.992
0.993
0.994
0.995
0.996
0.997
0.998
0.999
0.999
1
1.001
1.002
1.003
1.004
1.005
1.006
0.8956382
0.8924631
0.9624635
0.95252
0.932
0.9304
0.9288
0.9273
0.9258
0.9243
0.923
0.921
0.92
0.918
0.918
0.919
0.92
0.921
0.922
0.924
0.925
0.926
0.927
0.928
0.929
0.93
0.931
0.933
0.934
0.935
0.936
0.937
0.938
0.939
0.94
0.941
0.942
0.944
0.945
0.946
0.947
0.948
0.949
0.95
0.951
0.952
0.953
0.954
0.955
0.956
0.957
0.958
0.959
0.96
0.961
0.962
0.963
0.964
0.965
0.966
0.967
0.968
0.969
0.97
0.971
0.972
0.973
0.974
0.975
0.976
0.977
0.978
0.979
0.98
0.981
0.982
0.983
0.984
0.985
0.985
0.986
0.987
0.988
0.989
0.99
0.991
0.992
0.993
0.994
0.994
0.995
0.996
0.997
0.998
0.999
1
1
1.001
1.002
1.003
0.8956382
0.8924631
0.9624635
0.95245
0.9321
0.9305
0.929
0.9276
0.9261
0.9246
0.923
0.922
0.92
0.919
0.918
0.919
0.92
0.921
0.922
0.923
0.924
0.925
0.926
0.928
0.929
0.93
0.931
0.932
0.933
0.934
0.935
0.936
0.937
0.938
0.939
0.941
0.942
0.943
0.944
0.945
0.946
0.947
0.948
0.949
0.95
0.951
0.952
0.953
0.954
0.955
0.956
0.957
0.958
0.959
0.96
0.961
0.962
0.963
0.964
0.965
0.966
0.967
0.968
0.969
0.97
0.971
0.972
0.973
0.973
0.974
0.975
0.976
0.977
0.978
0.979
0.98
0.981
0.982
0.983
0.983
0.984
0.985
0.986
0.987
0.988
0.989
0.99
0.99
0.991
0.992
0.993
0.994
0.995
0.996
0.996
0.997
0.998
0.999
1
1
0.8956382
0.8924631
0.9624635
0.95238
0.9322
0.9307
0.9292
0.9278
0.9264
0.925
0.924
0.922
0.921
0.92
0.918
0.918
0.919
0.921
0.922
0.923
0.924
0.925
0.926
0.927
0.928
0.929
0.93
0.931
0.932
0.933
0.935
0.936
0.937
0.938
0.939
0.94
0.941
0.942
0.943
0.944
0.945
0.946
0.947
0.948
0.949
0.95
0.951
0.952
0.953
0.954
0.955
0.956
0.957
0.958
0.959
0.96
0.961
0.962
0.963
0.963
0.964
0.965
0.966
0.967
0.968
0.969
0.97
0.971
0.972
0.973
0.974
0.975
0.975
0.976
0.977
0.978
0.979
0.98
0.981
0.982
0.982
0.983
0.984
0.985
0.986
0.987
0.987
0.988
0.989
0.99
0.991
0.992
0.992
0.993
0.994
0.995
0.996
0.996
0.997
0.998
0.8956382
0.8924631
0.9624635
0.95231
0.9322
0.9308
0.9294
0.9281
0.9267
0.9254
0.924
0.923
0.921
0.92
0.919
0.918
0.919
0.92
0.921
0.922
0.923
0.924
0.926
0.927
0.928
0.929
0.93
0.931
0.932
0.933
0.934
0.935
0.936
0.937
0.938
0.939
0.94
0.941
0.942
0.943
0.944
0.945
0.946
0.947
0.948
0.949
0.95
0.951
0.952
0.953
0.954
0.955
0.956
0.957
0.957
0.958
0.959
0.96
0.961
0.962
0.963
0.964
0.965
0.966
0.967
0.968
0.968
0.969
0.97
0.971
0.972
0.973
0.974
0.975
0.975
0.976
0.977
0.978
0.979
0.98
0.98
0.981
0.982
0.983
0.984
0.985
0.985
0.986
0.987
0.988
0.989
0.989
0.99
0.991
0.992
0.993
0.993
0.994
0.995
0.996
0.8956382
0.8924631
0.9624635
0.95224
0.9323
0.931
0.9296
0.9283
0.927
0.9257
0.924
0.923
0.922
0.921
0.92
0.918
0.919
0.92
0.921
0.922
0.923
0.924
0.925
0.926
0.927
0.928
0.929
0.93
0.931
0.932
0.933
0.934
0.935
0.936
0.937
0.938
0.939
0.94
0.941
0.942
0.943
0.944
0.945
0.946
0.947
0.948
0.949
0.95
0.951
0.952
0.953
0.954
0.954
0.955
0.956
0.957
0.958
0.959
0.96
0.961
0.962
0.963
0.963
0.964
0.965
0.966
0.967
0.968
0.969
0.97
0.97
0.971
0.972
0.973
0.974
0.975
0.975
0.976
0.977
0.978
0.979
0.979
0.98
0.981
0.982
0.983
0.983
0.984
0.985
0.986
0.987
0.987
0.988
0.989
0.99
0.99
0.991
0.992
0.993
0.993
0.8956382
0.8924631
0.9624635
0.95218
0.9324
0.9311
0.9298
0.9285
0.9273
0.926
0.925
0.924
0.922
0.921
0.92
0.919
0.919
0.92
0.921
0.922
0.923
0.924
0.925
0.926
0.927
0.928
0.929
0.93
0.931
0.932
0.933
0.934
0.935
0.936
0.937
0.937
0.938
0.939
0.94
0.941
0.942
0.943
0.944
0.945
0.946
0.947
0.948
0.949
0.95
0.951
0.952
0.952
0.953
0.954
0.955
0.956
0.957
0.958
0.959
0.959
0.96
0.961
0.962
0.963
0.964
0.965
0.965
0.966
0.967
0.968
0.969
0.97
0.97
0.971
0.972
0.973
0.974
0.975
0.975
0.976
0.977
0.978
0.978
0.979
0.98
0.981
0.982
0.982
0.983
0.984
0.985
0.985
0.986
0.987
0.988
0.988
0.989
0.99
0.991
0.991
0.8956382
0.8924631
0.9624635
0.95211
0.9325
0.9312
0.93
0.9288
0.9276
0.926
0.925
0.924
0.923
0.922
0.921
0.92
0.918
0.919
0.92
0.921
0.922
0.923
0.924
0.925
0.926
0.927
0.928
0.929
0.93
0.931
0.932
0.933
0.934
0.935
0.936
0.937
0.938
0.939
0.94
0.941
0.941
0.942
0.943
0.944
0.945
0.946
0.947
0.948
0.949
0.95
0.95
0.951
0.952
0.953
0.954
0.955
0.956
0.957
0.957
0.958
0.959
0.96
0.961
0.962
0.962
0.963
0.964
0.965
0.966
0.967
0.967
0.968
0.969
0.97
0.971
0.971
0.972
0.973
0.974
0.974
0.975
0.976
0.977
0.978
0.978
0.979
0.98
0.981
0.981
0.982
0.983
0.983
0.984
0.985
0.986
0.986
0.987
0.988
0.989
0.989
0.8956382
0.8924631
0.9624635
0.95205
0.9326
0.9314
0.9302
0.929
0.9278
0.927
0.926
0.924
0.923
0.922
0.921
0.92
0.919
0.919
0.92
0.921
0.922
0.923
0.924
0.925
0.926
0.927
0.928
0.929
0.93
0.931
0.932
0.932
0.933
0.934
0.935
0.936
0.937
0.938
0.939
0.94
0.941
0.942
0.942
0.943
0.944
0.945
0.946
0.947
0.948
0.949
0.949
0.95
0.951
0.952
0.953
0.954
0.955
0.955
0.956
0.957
0.958
0.959
0.96
0.96
0.961
0.962
0.963
0.964
0.964
0.965
0.966
0.967
0.967
0.968
0.969
0.97
0.971
0.971
0.972
0.973
0.974
0.974
0.975
0.976
0.977
0.977
0.978
0.979
0.979
0.98
0.981
0.982
0.982
0.983
0.984
0.984
0.985
0.986
0.987
0.987
0.8956382
0.8924631
0.9624635
0.95199
0.9326
0.9315
0.9303
0.9292
0.9281
0.927
0.926
0.925
0.924
0.923
0.922
0.921
0.92
0.919
0.92
0.921
0.922
0.923
0.924
0.924
0.925
0.926
0.927
0.928
0.929
0.93
0.931
0.932
0.933
0.934
0.935
0.935
0.936
0.937
0.938
0.939
0.94
0.941
0.942
0.943
0.943
0.944
0.945
0.946
0.947
0.948
0.948
0.949
0.95
0.951
0.952
0.953
0.953
0.954
0.955
0.956
0.957
0.957
0.958
0.959
0.96
0.961
0.961
0.962
0.963
0.964
0.965
0.965
0.966
0.967
0.968
0.968
0.969
0.97
0.971
0.971
0.972
0.973
0.973
0.974
0.975
0.976
0.976
0.977
0.978
0.978
0.979
0.98
0.981
0.981
0.982
0.983
0.983
0.984
0.985
0.985
0.8956382
0.8924631
0.9624635
0.95193
0.9327
0.9316
0.9305
0.9294
0.9283
0.927
0.926
0.925
0.924
0.923
0.922
0.921
0.92
0.919
0.919
0.92
0.921
0.922
0.923
0.924
0.925
0.926
0.927
0.928
0.929
0.93
0.93
0.931
0.932
0.933
0.934
0.935
0.936
0.937
0.937
0.938
0.939
0.94
0.941
0.942
0.943
0.943
0.944
0.945
0.946
0.947
0.948
0.948
0.949
0.95
0.951
0.952
0.952
0.953
0.954
0.955
0.956
0.956
0.957
0.958
0.959
0.959
0.96
0.961
0.962
0.962
0.963
0.964
0.965
0.965
0.966
0.967
0.968
0.968
0.969
0.97
0.97
0.971
0.972
0.973
0.973
0.974
0.975
0.975
0.976
0.977
0.977
0.978
0.979
0.979
0.98
0.981
0.981
0.982
0.983
0.983
0.8956382
0.8924631
0.9624635
0.95187
0.9328
0.9317
0.9307
0.9296
0.9286
0.928
0.927
0.926
0.925
0.924
0.923
0.922
0.921
0.92
0.919
0.92
0.921
0.922
0.923
0.924
0.925
0.926
0.926
0.927
0.928
0.929
0.93
0.931
0.932
0.933
0.933
0.934
0.935
0.936
0.937
0.938
0.938
0.939
0.94
0.941
0.942
0.943
0.943
0.944
0.945
0.946
0.947
0.947
0.948
0.949
0.95
0.951
0.951
0.952
0.953
0.954
0.954
0.955
0.956
0.957
0.957
0.958
0.959
0.96
0.96
0.961
0.962
0.963
0.963
0.964
0.965
0.965
0.966
0.967
0.968
0.968
0.969
0.97
0.97
0.971
0.972
0.972
0.973
0.974
0.974
0.975
0.976
0.976
0.977
0.978
0.978
0.979
0.98
0.98
0.981
0.982
0.8956382
0.8924631
0.9624635
0.95182
0.9328
0.9318
0.9308
0.9298
0.9288
0.928
0.927
0.926
0.925
0.924
0.923
0.922
0.921
0.921
0.92
0.92
0.921
0.922
0.922
0.923
0.924
0.925
0.926
0.927
0.928
0.929
0.929
0.93
0.931
0.932
0.933
0.934
0.934
0.935
0.936
0.937
0.938
0.939
0.939
0.94
0.941
0.942
0.943
0.943
0.944
0.945
0.946
0.947
0.947
0.948
0.949
0.95
0.95
0.951
0.952
0.953
0.953
0.954
0.955
0.956
0.956
0.957
0.958
0.958
0.959
0.96
0.961
0.961
0.962
0.963
0.963
0.964
0.965
0.966
0.966
0.967
0.968
0.968
0.969
0.97
0.97
0.971
0.972
0.972
0.973
0.973
0.974
0.975
0.975
0.976
0.977
0.977
0.978
0.979
0.979
0.98
0.8956382
0.8924631
0.9624635
0.95176
0.9329
0.9319
0.931
0.93
0.9291
0.928
0.927
0.926
0.925
0.925
0.924
0.923
0.922
0.921
0.92
0.92
0.92
0.921
0.922
0.923
0.924
0.925
0.926
0.926
0.927
0.928
0.929
0.93
0.931
0.931
0.932
0.933
0.934
0.935
0.936
0.936
0.937
0.938
0.939
0.939
0.94
0.941
0.942
0.943
0.943
0.944
0.945
0.946
0.946
0.947
0.948
0.949
0.949
0.95
0.951
0.952
0.952
0.953
0.954
0.955
0.955
0.956
0.957
0.957
0.958
0.959
0.959
0.96
0.961
0.961
0.962
0.963
0.964
0.964
0.965
0.965
0.966
0.967
0.967
0.968
0.969
0.969
0.97
0.971
0.971
0.972
0.973
0.973
0.974
0.974
0.975
0.976
0.976
0.977
0.977
0.978
0.8956382
0.8924631
0.9624635
0.95171
0.933
0.932
0.9311
0.9302
0.9293
0.928
0.928
0.927
0.926
0.925
0.924
0.923
0.923
0.922
0.921
0.92
0.92
0.921
0.922
0.923
0.924
0.924
0.925
0.926
0.927
0.928
0.928
0.929
0.93
0.931
0.932
0.933
0.933
0.934
0.935
0.936
0.936
0.937
0.938
0.939
0.94
0.94
0.941
0.942
0.943
0.943
0.944
0.945
0.946
0.946
0.947
0.948
0.948
0.949
0.95
0.951
0.951
0.952
0.953
0.953
0.954
0.955
0.956
0.956
0.957
0.958
0.958
0.959
0.96
0.96
0.961
0.962
0.962
0.963
0.964
0.964
0.965
0.965
0.966
0.967
0.967
0.968
0.969
0.969
0.97
0.97
0.971
0.972
0.972
0.973
0.973
0.974
0.975
0.975
0.976
0.976
0.8956382
0.8924631
0.9624635
0.95166
0.933
0.9321
0.9313
0.9304
0.9295
0.929
0.928
0.927
0.926
0.925
0.925
0.924
0.923
0.922
0.921
0.921
0.92
0.921
0.922
0.922
0.923
0.924
0.925
0.926
0.926
0.927
0.928
0.929
0.93
0.93
0.931
0.932
0.933
0.934
0.934
0.935
0.936
0.937
0.937
0.938
0.939
0.94
0.94
0.941
0.942
0.943
0.943
0.944
0.945
0.945
0.946
0.947
0.948
0.948
0.949
0.95
0.95
0.951
0.952
0.952
0.953
0.954
0.954
0.955
0.956
0.956
0.957
0.958
0.958
0.959
0.96
0.96
0.961
0.962
0.962
0.963
0.964
0.964
0.965
0.965
0.966
0.967
0.967
0.968
0.968
0.969
0.97
0.97
0.971
0.971
0.972
0.973
0.973
0.974
0.974
0.975
0.8956382
0.8924631
0.9624636
0.9516
0.9331
0.9322
0.9314
0.9306
0.9297
0.929
0.928
0.927
0.927
0.926
0.925
0.924
0.924
0.923
0.922
0.921
0.921
0.92
0.921
0.922
0.923
0.924
0.924
0.925
0.926
0.927
0.928
0.928
0.929
0.93
0.931
0.931
0.932
0.933
0.934
0.934
0.935
0.936
0.937
0.937
0.938
0.939
0.94
0.94
0.941
0.942
0.943
0.943
0.944
0.945
0.945
0.946
0.947
0.947
0.948
0.949
0.949
0.95
0.951
0.951
0.952
0.953
0.953
0.954
0.955
0.955
0.956
0.957
0.957
0.958
0.959
0.959
0.96
0.96
0.961
0.962
0.962
0.963
0.963
0.964
0.965
0.965
0.966
0.966
0.967
0.968
0.968
0.969
0.969
0.97
0.97
0.971
0.972
0.972
0.973
0.973
0.8956382
0.8924631
0.9624636
0.95155
0.9331
0.9323
0.9315
0.9307
0.93
0.929
0.928
0.928
0.927
0.926
0.925
0.925
0.924
0.923
0.923
0.922
0.921
0.921
0.921
0.922
0.923
0.923
0.924
0.925
0.926
0.926
0.927
0.928
0.929
0.929
0.93
0.931
0.932
0.932
0.933
0.934
0.935
0.935
0.936
0.937
0.938
0.938
0.939
0.94
0.94
0.941
0.942
0.942
0.943
0.944
0.945
0.945
0.946
0.947
0.947
0.948
0.949
0.949
0.95
0.95
0.951
0.952
0.952
0.953
0.954
0.954
0.955
0.956
0.956
0.957
0.957
0.958
0.959
0.959
0.96
0.96
0.961
0.962
0.962
0.963
0.963
0.964
0.965
0.965
0.966
0.966
0.967
0.967
0.968
0.968
0.969
0.97
0.97
0.971
0.971
0.972
0.8956382
0.8924631
0.9624636
0.9515
0.9332
0.9324
0.9317
0.9309
0.9302
0.929
0.929
0.928
0.927
0.927
0.926
0.925
0.924
0.924
0.923
0.923
0.922
0.921
0.921
0.921
0.922
0.923
0.924
0.924
0.925
0.926
0.927
0.928
0.928
0.929
0.93
0.93
0.931
0.932
0.933
0.933
0.934
0.935
0.936
0.936
0.937
0.938
0.938
0.939
0.94
0.94
0.941
0.942
0.942
0.943
0.944
0.944
0.945
0.946
0.946
0.947
0.948
0.948
0.949
0.95
0.95
0.951
0.951
0.952
0.953
0.953
0.954
0.954
0.955
0.956
0.956
0.957
0.957
0.958
0.959
0.959
0.96
0.96
0.961
0.962
0.962
0.963
0.963
0.964
0.964
0.965
0.965
0.966
0.967
0.967
0.968
0.968
0.969
0.969
0.97
0.97
0.8956382
0.8924631
0.9624636
0.95145
0.9333
0.9325
0.9318
0.9311
0.9304
0.93
0.929
0.928
0.928
0.927
0.926
0.926
0.925
0.924
0.924
0.923
0.922
0.922
0.921
0.921
0.922
0.923
0.923
0.924
0.925
0.926
0.926
0.927
0.928
0.929
0.929
0.93
0.931
0.931
0.932
0.933
0.934
0.934
0.935
0.936
0.936
0.937
0.938
0.938
0.939
0.94
0.94
0.941
0.942
0.942
0.943
0.944
0.944
0.945
0.946
0.946
0.947
0.947
0.948
0.949
0.949
0.95
0.95
0.951
0.952
0.952
0.953
0.953
0.954
0.955
0.955
0.956
0.956
0.957
0.958
0.958
0.959
0.959
0.96
0.96
0.961
0.961
0.962
0.963
0.963
0.964
0.964
0.965
0.965
0.966
0.966
0.967
0.967
0.968
0.968
0.969
0.8956382
0.8924631
0.9624636
0.95141
0.9333
0.9326
0.9319
0.9312
0.9306
0.93
0.929
0.929
0.928
0.927
0.927
0.926
0.925
0.925
0.924
0.924
0.923
0.922
0.922
0.921
0.922
0.922
0.923
0.924
0.925
0.925
0.926
0.927
0.927
0.928
0.929
0.93
0.93
0.931
0.932
0.932
0.933
0.934
0.934
0.935
0.936
0.936
0.937
0.938
0.938
0.939
0.94
0.94
0.941
0.942
0.942
0.943
0.943
0.944
0.945
0.945
0.946
0.947
0.947
0.948
0.948
0.949
0.95
0.95
0.951
0.951
0.952
0.952
0.953
0.954
0.954
0.955
0.955
0.956
0.956
0.957
0.958
0.958
0.959
0.959
0.96
0.96
0.961
0.961
0.962
0.962
0.963
0.963
0.964
0.964
0.965
0.965
0.966
0.967
0.967
0.968
0.8956382
0.8924631
0.9624636
0.95136
0.9334
0.9327
0.932
0.9314
0.9307
0.93
0.929
0.929
0.928
0.928
0.927
0.926
0.926
0.925
0.925
0.924
0.924
0.923
0.922
0.922
0.921
0.922
0.923
0.923
0.924
0.925
0.926
0.926
0.927
0.928
0.928
0.929
0.93
0.93
0.931
0.932
0.932
0.933
0.934
0.934
0.935
0.936
0.936
0.937
0.938
0.938
0.939
0.94
0.94
0.941
0.941
0.942
0.943
0.943
0.944
0.945
0.945
0.946
0.946
0.947
0.947
0.948
0.949
0.949
0.95
0.95
0.951
0.952
0.952
0.953
0.953
0.954
0.954
0.955
0.955
0.956
0.956
0.957
0.958
0.958
0.959
0.959
0.96
0.96
0.961
0.961
0.962
0.962
0.963
0.963
0.964
0.964
0.965
0.965
0.966
0.966
0.8956382
0.8924631
0.9624636
0.95131
0.9334
0.9328
0.9322
0.9315
0.9309
0.93
0.93
0.929
0.929
0.928
0.927
0.927
0.926
0.926
0.925
0.925
0.924
0.924
0.923
0.923
0.922
0.922
0.922
0.923
0.924
0.925
0.925
0.926
0.927
0.927
0.928
0.929
0.929
0.93
0.931
0.931
0.932
0.933
0.933
0.934
0.935
0.935
0.936
0.936
0.937
0.938
0.938
0.939
0.94
0.94
0.941
0.941
0.942
0.943
0.943
0.944
0.944
0.945
0.946
0.946
0.947
0.947
0.948
0.948
0.949
0.949
0.95
0.951
0.951
0.952
0.952
0.953
0.953
0.954
0.954
0.955
0.955
0.956
0.956
0.957
0.957
0.958
0.959
0.959
0.96
0.96
0.961
0.961
0.962
0.962
0.962
0.963
0.963
0.964
0.964
0.965
0.8956382
0.8924631
0.9624636
0.95127
0.9335
0.9329
0.9323
0.9317
0.9311
0.931
0.93
0.929
0.929
0.928
0.928
0.927
0.927
0.926
0.926
0.925
0.925
0.924
0.924
0.923
0.923
0.922
0.922
0.923
0.924
0.924
0.925
0.926
0.926
0.927
0.928
0.928
0.929
0.93
0.93
0.931
0.931
0.932
0.933
0.933
0.934
0.935
0.935
0.936
0.936
0.937
0.938
0.938
0.939
0.939
0.94
0.941
0.941
0.942
0.942
0.943
0.944
0.944
0.945
0.945
0.946
0.946
0.947
0.947
0.948
0.949
0.949
0.95
0.95
0.951
0.951
0.952
0.952
0.953
0.953
0.954
0.954
0.955
0.955
0.956
0.956
0.957
0.957
0.958
0.958
0.959
0.959
0.96
0.96
0.961
0.961
0.962
0.962
0.963
0.963
0.964
0.8956382
0.8924631
0.9624636
0.95123
0.9335
0.9329
0.9324
0.9318
0.9313
0.931
0.93
0.93
0.929
0.929
0.928
0.928
0.927
0.927
0.926
0.926
0.925
0.925
0.924
0.924
0.923
0.923
0.922
0.922
0.923
0.924
0.925
0.925
0.926
0.926
0.927
0.928
0.928
0.929
0.93
0.93
0.931
0.932
0.932
0.933
0.933
0.934
0.935
0.935
0.936
0.936
0.937
0.938
0.938
0.939
0.939
0.94
0.941
0.941
0.942
0.942
0.943
0.943
0.944
0.944
0.945
0.946
0.946
0.947
0.947
0.948
0.948
0.949
0.949
0.95
0.95
0.951
0.951
0.952
0.952
0.953
0.953
0.954
0.954
0.955
0.955
0.956
0.956
0.957
0.957
0.958
0.958
0.959
0.959
0.96
0.96
0.961
0.961
0.961
0.962
0.962
0.8956382
0.8924631
0.9624636
0.95118
0.9336
0.933
0.9325
0.932
0.9315
0.931
0.93
0.93
0.929
0.929
0.928
0.928
0.928
0.927
0.927
0.926
0.926
0.925
0.925
0.924
0.924
0.924
0.923
0.923
0.923
0.924
0.924
0.925
0.925
0.926
0.927
0.927
0.928
0.929
0.929
0.93
0.931
0.931
0.932
0.932
0.933
0.934
0.934
0.935
0.935
0.936
0.936
0.937
0.938
0.938
0.939
0.939
0.94
0.94
0.941
0.942
0.942
0.943
0.943
0.944
0.944
0.945
0.945
0.946
0.946
0.947
0.947
0.948
0.948
0.949
0.949
0.95
0.95
0.951
0.951
0.952
0.952
0.953
0.953
0.954
0.954
0.955
0.955
0.956
0.956
0.957
0.957
0.958
0.958
0.959
0.959
0.959
0.96
0.96
0.961
0.961
0.8956382
0.8924631
0.9624636
0.95114
0.9336
0.9331
0.9326
0.9321
0.9316
0.931
0.931
0.93
0.93
0.929
0.929
0.928
0.928
0.928
0.927
0.927
0.926
0.926
0.925
0.925
0.925
0.924
0.924
0.923
0.923
0.923
0.924
0.924
0.925
0.926
0.926
0.927
0.928
0.928
0.929
0.929
0.93
0.931
0.931
0.932
0.932
0.933
0.934
0.934
0.935
0.935
0.936
0.936
0.937
0.938
0.938
0.939
0.939
0.94
0.94
0.941
0.941
0.942
0.942
0.943
0.943
0.944
0.945
0.945
0.946
0.946
0.947
0.947
0.948
0.948
0.949
0.949
0.95
0.95
0.951
0.951
0.951
0.952
0.952
0.953
0.953
0.954
0.954
0.955
0.955
0.956
0.956
0.957
0.957
0.957
0.958
0.958
0.959
0.959
0.96
0.96
0.8956382
0.8924631
0.9624636
0.9511
0.9337
0.9332
0.9327
0.9323
0.9318
0.931
0.931
0.93
0.93
0.93
0.929
0.929
0.928
0.928
0.928
0.927
0.927
0.926
0.926
0.926
0.925
0.925
0.924
0.924
0.924
0.923
0.924
0.924
0.925
0.925
0.926
0.927
0.927
0.928
0.928
0.929
0.93
0.93
0.931
0.931
0.932
0.933
0.933
0.934
0.934
0.935
0.935
0.936
0.936
0.937
0.938
0.938
0.939
0.939
0.94
0.94
0.941
0.941
0.942
0.942
0.943
0.943
0.944
0.944
0.945
0.945
0.946
0.946
0.947
0.947
0.948
0.948
0.949
0.949
0.95
0.95
0.951
0.951
0.951
0.952
0.952
0.953
0.953
0.954
0.954
0.955
0.955
0.956
0.956
0.956
0.957
0.957
0.958
0.958
0.959
0.959
0.8956382
0.8924631
0.9624636
0.95106
0.9337
0.9333
0.9328
0.9324
0.932
0.932
0.931
0.931
0.93
0.93
0.929
0.929
0.929
0.928
0.928
0.928
0.927
0.927
0.926
0.926
0.926
0.925
0.925
0.925
0.924
0.924
0.924
0.924
0.924
0.925
0.926
0.926
0.927
0.927
0.928
0.929
0.929
0.93
0.93
0.931
0.931
0.932
0.933
0.933
0.934
0.934
0.935
0.935
0.936
0.936
0.937
0.937
0.938
0.938
0.939
0.94
0.94
0.941
0.941
0.942
0.942
0.943
0.943
0.944
0.944
0.944
0.945
0.945
0.946
0.946
0.947
0.947
0.948
0.948
0.949
0.949
0.95
0.95
0.951
0.951
0.951
0.952
0.952
0.953
0.953
0.954
0.954
0.954
0.955
0.955
0.956
0.956
0.957
0.957
0.957
0.958
0.8956382
0.8924631
0.9624636
0.95102
0.9337
0.9333
0.9329
0.9325
0.9321
0.932
0.931
0.931
0.931
0.93
0.93
0.929
0.929
0.929
0.928
0.928
0.928
0.927
0.927
0.927
0.926
0.926
0.926
0.925
0.925
0.925
0.924
0.924
0.924
0.925
0.925
0.926
0.926
0.927
0.928
0.928
0.929
0.929
0.93
0.93
0.931
0.932
0.932
0.933
0.933
0.934
0.934
0.935
0.935
0.936
0.936
0.937
0.937
0.938
0.938
0.939
0.939
0.94
0.94
0.941
0.941
0.942
0.942
0.943
0.943
0.944
0.944
0.945
0.945
0.946
0.946
0.947
0.947
0.947
0.948
0.948
0.949
0.949
0.95
0.95
0.951
0.951
0.951
0.952
0.952
0.953
0.953
0.954
0.954
0.954
0.955
0.955
0.956
0.956
0.956
0.957
0.8956382
0.8924631
0.9624636
0.95098
0.9338
0.9334
0.933
0.9326
0.9323
0.932
0.932
0.931
0.931
0.93
0.93
0.93
0.929
0.929
0.929
0.928
0.928
0.928
0.927
0.927
0.927
0.927
0.926
0.926
0.926
0.925
0.925
0.925
0.924
0.924
0.925
0.925
0.926
0.927
0.927
0.928
0.928
0.929
0.929
0.93
0.931
0.931
0.932
0.932
0.933
0.933
0.934
0.934
0.935
0.935
0.936
0.936
0.937
0.937
0.938
0.938
0.939
0.939
0.94
0.94
0.941
0.941
0.942
0.942
0.943
0.943
0.943
0.944
0.944
0.945
0.945
0.946
0.946
0.947
0.947
0.947
0.948
0.948
0.949
0.949
0.95
0.95
0.95
0.951
0.951
0.952
0.952
0.953
0.953
0.953
0.954
0.954
0.955
0.955
0.955
0.956
0.8956382
0.8924631
0.9624636
0.95094
0.9338
0.9335
0.9331
0.9328
0.9324
0.932
0.932
0.931
0.931
0.931
0.93
0.93
0.93
0.929
0.929
0.929
0.929
0.928
0.928
0.928
0.927
0.927
0.927
0.927
0.926
0.926
0.926
0.925
0.925
0.925
0.925
0.925
0.926
0.926
0.927
0.927
0.928
0.928
0.929
0.93
0.93
0.931
0.931
0.932
0.932
0.933
0.933
0.934
0.934
0.935
0.935
0.936
0.936
0.937
0.937
0.938
0.938
0.939
0.939
0.94
0.94
0.94
0.941
0.941
0.942
0.942
0.943
0.943
0.944
0.944
0.945
0.945
0.945
0.946
0.946
0.947
0.947
0.948
0.948
0.948
0.949
0.949
0.95
0.95
0.95
0.951
0.951
0.952
0.952
0.952
0.953
0.953
0.954
0.954
0.954
0.955
0.8956382
0.8924631
0.9624636
0.9509
0.9339
0.9335
0.9332
0.9329
0.9326
0.932
0.932
0.932
0.931
0.931
0.931
0.93
0.93
0.93
0.93
0.929
0.929
0.929
0.928
0.928
0.928
0.928
0.927
0.927
0.927
0.927
0.926
0.926
0.926
0.926
0.925
0.925
0.925
0.926
0.926
0.927
0.928
0.928
0.929
0.929
0.93
0.93
0.931
0.931
0.932
0.932
0.933
0.933
0.934
0.934
0.935
0.935
0.936
0.936
0.937
0.937
0.938
0.938
0.938
0.939
0.939
0.94
0.94
0.941
0.941
0.942
0.942
0.942
0.943
0.943
0.944
0.944
0.945
0.945
0.945
0.946
0.946
0.947
0.947
0.948
0.948
0.948
0.949
0.949
0.95
0.95
0.95
0.951
0.951
0.951
0.952
0.952
0.953
0.953
0.953
0.954
0.8956382
0.8924631
0.9624636
0.95086
0.9339
0.9336
0.9333
0.933
0.9327
0.932
0.932
0.932
0.932
0.931
0.931
0.931
0.93
0.93
0.93
0.93
0.929
0.929
0.929
0.929
0.928
0.928
0.928
0.928
0.928
0.927
0.927
0.927
0.927
0.926
0.926
0.926
0.926
0.926
0.926
0.927
0.927
0.928
0.928
0.929
0.929
0.93
0.93
0.931
0.931
0.932
0.932
0.933
0.933
0.934
0.934
0.935
0.935
0.936
0.936
0.936
0.937
0.937
0.938
0.938
0.939
0.939
0.94
0.94
0.94
0.941
0.941
0.942
0.942
0.943
0.943
0.943
0.944
0.944
0.945
0.945
0.946
0.946
0.946
0.947
0.947
0.947
0.948
0.948
0.949
0.949
0.949
0.95
0.95
0.951
0.951
0.951
0.952
0.952
0.952
0.953
0.8956382
0.8924631
0.9624636
0.95083
0.9339
0.9337
0.9334
0.9331
0.9329
0.933
0.932
0.932
0.932
0.932
0.931
0.931
0.931
0.931
0.93
0.93
0.93
0.93
0.929
0.929
0.929
0.929
0.929
0.928
0.928
0.928
0.928
0.927
0.927
0.927
0.927
0.927
0.926
0.926
0.926
0.926
0.927
0.927
0.928
0.928
0.929
0.929
0.93
0.93
0.931
0.931
0.932
0.932
0.933
0.933
0.934
0.934
0.935
0.935
0.935
0.936
0.936
0.937
0.937
0.938
0.938
0.939
0.939
0.939
0.94
0.94
0.941
0.941
0.942
0.942
0.942
0.943
0.943
0.944
0.944
0.944
0.945
0.945
0.946
0.946
0.946
0.947
0.947
0.947
0.948
0.948
0.949
0.949
0.949
0.95
0.95
0.95
0.951
0.951
0.951
0.952
0.8956382
0.8924631
0.9624636
0.95079
0.934
0.9337
0.9335
0.9332
0.933
0.933
0.933
0.932
0.932
0.932
0.932
0.931
0.931
0.931
0.931
0.931
0.93
0.93
0.93
0.93
0.929
0.929
0.929
0.929
0.929
0.928
0.928
0.928
0.928
0.928
0.928
0.927
0.927
0.927
0.927
0.927
0.926
0.927
0.927
0.928
0.928
0.929
0.929
0.93
0.93
0.931
0.931
0.932
0.932
0.933
0.933
0.934
0.934
0.934
0.935
0.935
0.936
0.936
0.937
0.937
0.938
0.938
0.938
0.939
0.939
0.94
0.94
0.94
0.941
0.941
0.942
0.942
0.942
0.943
0.943
0.944
0.944
0.944
0.945
0.945
0.946
0.946
0.946
0.947
0.947
0.947
0.948
0.948
0.948
0.949
0.949
0.949
0.95
0.95
0.951
0.951
0.8956382
0.8924631
0.9624636
0.95076
0.934
0.9338
0.9336
0.9333
0.9331
0.933
0.933
0.932
0.932
0.932
0.932
0.932
0.931
0.931
0.931
0.931
0.931
0.931
0.93
0.93
0.93
0.93
0.93
0.929
0.929
0.929
0.929
0.929
0.929
0.928
0.928
0.928
0.928
0.928
0.928
0.927
0.927
0.927
0.927
0.928
0.928
0.928
0.929
0.929
0.93
0.93
0.931
0.931
0.932
0.932
0.933
0.933
0.933
0.934
0.934
0.935
0.935
0.936
0.936
0.937
0.937
0.937
0.938
0.938
0.939
0.939
0.939
0.94
0.94
0.941
0.941
0.941
0.942
0.942
0.942
0.943
0.943
0.944
0.944
0.944
0.945
0.945
0.945
0.946
0.946
0.947
0.947
0.947
0.948
0.948
0.948
0.949
0.949
0.949
0.95
0.95
0.8956382
0.8924631
0.9624636
0.95072
0.9341
0.9339
0.9337
0.9335
0.9333
0.933
0.933
0.933
0.933
0.932
0.932
0.932
0.932
0.932
0.931
0.931
0.931
0.931
0.931
0.931
0.93
0.93
0.93
0.93
0.93
0.93
0.929
0.929
0.929
0.929
0.929
0.929
0.929
0.928
0.928
0.928
0.928
0.928
0.928
0.928
0.928
0.928
0.929
0.929
0.929
0.93
0.93
0.931
0.931
0.932
0.932
0.933
0.933
0.933
0.934
0.934
0.935
0.935
0.936
0.936
0.936
0.937
0.937
0.938
0.938
0.938
0.939
0.939
0.94
0.94
0.94
0.941
0.941
0.941
0.942
0.942
0.943
0.943
0.943
0.944
0.944
0.944
0.945
0.945
0.945
0.946
0.946
0.946
0.947
0.947
0.947
0.948
0.948
0.948
0.949
0.949
0.8956382
0.8924632
0.9624636
0.95069
0.9341
0.9339
0.9337
0.9336
0.9334
0.933
0.933
0.933
0.933
0.933
0.932
0.932
0.932
0.932
0.932
0.932
0.931
0.931
0.931
0.931
0.931
0.931
0.931
0.93
0.93
0.93
0.93
0.93
0.93
0.93
0.93
0.929
0.929
0.929
0.929
0.929
0.929
0.929
0.929
0.928
0.928
0.928
0.928
0.929
0.929
0.929
0.93
0.93
0.931
0.931
0.932
0.932
0.933
0.933
0.933
0.934
0.934
0.935
0.935
0.935
0.936
0.936
0.937
0.937
0.937
0.938
0.938
0.939
0.939
0.939
0.94
0.94
0.94
0.941
0.941
0.941
0.942
0.942
0.943
0.943
0.943
0.944
0.944
0.944
0.945
0.945
0.945
0.946
0.946
0.946
0.947
0.947
0.947
0.948
0.948
0.948
0.8956382
0.8924632
0.9624636
0.95065
0.9341
0.934
0.9338
0.9337
0.9335
0.933
0.933
0.933
0.933
0.933
0.933
0.933
0.932
0.932
0.932
0.932
0.932
0.932
0.932
0.931
0.931
0.931
0.931
0.931
0.931
0.931
0.931
0.931
0.93
0.93
0.93
0.93
0.93
0.93
0.93
0.93
0.93
0.929
0.929
0.929
0.929
0.929
0.929
0.929
0.929
0.929
0.929
0.93
0.93
0.931
0.931
0.932
0.932
0.932
0.933
0.933
0.934
0.934
0.934
0.935
0.935
0.936
0.936
0.936
0.937
0.937
0.938
0.938
0.938
0.939
0.939
0.939
0.94
0.94
0.94
0.941
0.941
0.942
0.942
0.942
0.943
0.943
0.943
0.944
0.944
0.944
0.945
0.945
0.945
0.946
0.946
0.946
0.947
0.947
0.947
0.947
0.8956382
0.8924632
0.9624636
0.95062
0.9342
0.934
0.9339
0.9338
0.9336
0.934
0.933
0.933
0.933
0.933
0.933
0.933
0.933
0.933
0.932
0.932
0.932
0.932
0.932
0.932
0.932
0.932
0.932
0.932
0.931
0.931
0.931
0.931
0.931
0.931
0.931
0.931
0.931
0.931
0.93
0.93
0.93
0.93
0.93
0.93
0.93
0.93
0.93
0.93
0.93
0.929
0.929
0.93
0.93
0.93
0.931
0.931
0.932
0.932
0.932
0.933
0.933
0.934
0.934
0.934
0.935
0.935
0.935
0.936
0.936
0.937
0.937
0.937
0.938
0.938
0.938
0.939
0.939
0.939
0.94
0.94
0.941
0.941
0.941
0.942
0.942
0.942
0.943
0.943
0.943
0.943
0.944
0.944
0.944
0.945
0.945
0.945
0.946
0.946
0.946
0.947
0.8956382
0.8924632
0.9624636
0.95059
0.9342
0.9341
0.934
0.9339
0.9338
0.934
0.934
0.933
0.933
0.933
0.933
0.933
0.933
0.933
0.933
0.933
0.933
0.933
0.932
0.932
0.932
0.932
0.932
0.932
0.932
0.932
0.932
0.932
0.932
0.932
0.931
0.931
0.931
0.931
0.931
0.931
0.931
0.931
0.931
0.931
0.931
0.931
0.931
0.93
0.93
0.93
0.93
0.93
0.93
0.93
0.93
0.931
0.931
0.932
0.932
0.932
0.933
0.933
0.933
0.934
0.934
0.935
0.935
0.935
0.936
0.936
0.936
0.937
0.937
0.937
0.938
0.938
0.938
0.939
0.939
0.94
0.94
0.94
0.941
0.941
0.941
0.941
0.942
0.942
0.942
0.943
0.943
0.943
0.944
0.944
0.944
0.945
0.945
0.945
0.946
0.946
0.8956382
0.8924632
0.9624636
0.95056
0.9342
0.9341
0.9341
0.934
0.9339
0.934
0.934
0.934
0.934
0.933
0.933
0.933
0.933
0.933
0.933
0.933
0.933
0.933
0.933
0.933
0.933
0.933
0.933
0.932
0.932
0.932
0.932
0.932
0.932
0.932
0.932
0.932
0.932
0.932
0.932
0.932
0.932
0.932
0.932
0.931
0.931
0.931
0.931
0.931
0.931
0.931
0.931
0.931
0.931
0.931
0.931
0.931
0.931
0.931
0.931
0.932
0.932
0.933
0.933
0.933
0.934
0.934
0.934
0.935
0.935
0.935
0.936
0.936
0.937
0.937
0.937
0.938
0.938
0.938
0.939
0.939
0.939
0.94
0.94
0.94
0.941
0.941
0.941
0.941
0.942
0.942
0.942
0.943
0.943
0.943
0.944
0.944
0.944
0.944
0.945
0.945
0.8956382
0.8924632
0.9624636
0.95053
0.9343
0.9342
0.9341
0.9341
0.934
0.934
0.934
0.934
0.934
0.934
0.934
0.934
0.934
0.933
0.933
0.933
0.933
0.933
0.933
0.933
0.933
0.933
0.933
0.933
0.933
0.933
0.933
0.933
0.933
0.933
0.933
0.933
0.933
0.932
0.932
0.932
0.932
0.932
0.932
0.932
0.932
0.932
0.932
0.932
0.932
0.932
0.932
0.932
0.932
0.932
0.932
0.932
0.932
0.932
0.932
0.932
0.932
0.932
0.932
0.933
0.933
0.934
0.934
0.934
0.935
0.935
0.935
0.936
0.936
0.936
0.937
0.937
0.937
0.938
0.938
0.938
0.939
0.939
0.939
0.94
0.94
0.94
0.94
0.941
0.941
0.941
0.942
0.942
0.942
0.943
0.943
0.943
0.943
0.944
0.944
0.944
0.8956382
0.8924632
0.9624636
0.9505
0.9343
0.9342
0.9342
0.9342
0.9341
0.934
0.934
0.934
0.934
0.934
0.934
0.934
0.934
0.934
0.934
0.934
0.934
0.934
0.934
0.934
0.934
0.934
0.933
0.933
0.933
0.933
0.933
0.933
0.933
0.933
0.933
0.933
0.933
0.933
0.933
0.933
0.933
0.933
0.933
0.933
0.933
0.933
0.933
0.933
0.933
0.933
0.933
0.933
0.933
0.933
0.933
0.933
0.933
0.933
0.933
0.933
0.933
0.932
0.932
0.932
0.933
0.933
0.933
0.934
0.934
0.934
0.935
0.935
0.935
0.936
0.936
0.936
0.937
0.937
0.937
0.938
0.938
0.938
0.939
0.939
0.939
0.94
0.94
0.94
0.94
0.941
0.941
0.941
0.942
0.942
0.942
0.942
0.943
0.943
0.943
0.944
0.8956382
0.8924632
0.9624636
0.95047
0.9343
0.9343
0.9343
0.9343
0.9342
0.934
0.934
0.934
0.934
0.934
0.934
0.934
0.934
0.934
0.934
0.934
0.934
0.934
0.934
0.934
0.934
0.934
0.934
0.934
0.934
0.934
0.934
0.934
0.934
0.934
0.934
0.934
0.934
0.934
0.934
0.934
0.934
0.934
0.934
0.934
0.934
0.934
0.934
0.934
0.934
0.934
0.934
0.934
0.934
0.934
0.934
0.933
0.933
0.933
0.933
0.933
0.933
0.933
0.933
0.933
0.933
0.933
0.933
0.933
0.934
0.934
0.934
0.935
0.935
0.935
0.936
0.936
0.936
0.936
0.937
0.937
0.937
0.938
0.938
0.938
0.939
0.939
0.939
0.939
0.94
0.94
0.94
0.941
0.941
0.941
0.941
0.942
0.942
0.942
0.943
0.943
0.8956382
0.8924632
0.9624636
0.95044
0.9344
0.9344
0.9344
0.9344
0.9344
0.934
0.934
0.934
0.934
0.934
0.934
0.934
0.934
0.934
0.934
0.934
0.934
0.934
0.934
0.934
0.934
0.934
0.934
0.934
0.934
0.934
0.934
0.934
0.934
0.934
0.934
0.934
0.934
0.934
0.934
0.934
0.934
0.934
0.934
0.934
0.934
0.934
0.934
0.934
0.934
0.934
0.934
0.934
0.934
0.934
0.934
0.934
0.934
0.934
0.934
0.934
0.934
0.934
0.934
0.934
0.934
0.934
0.934
0.934
0.934
0.934
0.934
0.934
0.934
0.935
0.935
0.935
0.936
0.936
0.936
0.937
0.937
0.937
0.937
0.938
0.938
0.938
0.939
0.939
0.939
0.939
0.94
0.94
0.94
0.941
0.941
0.941
0.941
0.942
0.942
0.942
0.8956382
0.8924632
0.9624636
0.95041
0.9344
0.9344
0.9344
0.9344
0.9345
0.934
0.935
0.935
0.935
0.935
0.935
0.935
0.935
0.935
0.935
0.935
0.935
0.935
0.935
0.935
0.935
0.935
0.935
0.935
0.935
0.935
0.935
0.935
0.935
0.935
0.935
0.935
0.935
0.935
0.935
0.935
0.935
0.935
0.935
0.935
0.935
0.935
0.935
0.935
0.935
0.935
0.935
0.935
0.935
0.935
0.935
0.935
0.935
0.935
0.935
0.935
0.935
0.935
0.935
0.935
0.935
0.935
0.935
0.935
0.935
0.935
0.935
0.935
0.935
0.935
0.935
0.935
0.935
0.935
0.936
0.936
0.936
0.937
0.937
0.937
0.937
0.938
0.938
0.938
0.939
0.939
0.939
0.939
0.94
0.94
0.94
0.94
0.941
0.941
0.941
0.941
