0.8956379
0.8866664
0.9349594
0.997625
0.97295
0.9853
0.998
1.0111
1.0244
1.0379
1.0515
1.0652
1.079
1.0927
1.1064
1.1202
1.1338
1.1474
1.161
1.1745
1.1878
1.2012
1.2144
1.2275
1.2406
1.2535
1.2663
1.2791
1.2918
1.3043
1.3168
1.3291
1.341
1.354
1.366
1.378
1.39
1.401
1.413
1.425
1.436
1.448
1.459
1.47
1.482
1.493
1.504
1.515
1.526
1.536
1.547
1.558
1.568
1.579
1.589
1.6
1.61
1.62
1.631
1.641
1.651
1.661
1.671
1.68
1.69
1.7
1.71
1.719
1.729
1.738
1.748
1.757
1.766
1.776
1.785
1.794
1.803
1.812
1.821
1.83
1.839
1.848
1.856
1.865
1.874
1.883
1.891
1.9
1.908
1.917
1.925
1.933
1.942
1.95
1.958
1.966
1.975
1.983
1.991
1.999
0.8956379
0.8866664
0.9349612
0.997623
0.97159
0.9825
0.9939
1.0055
1.0174
1.0295
1.0417
1.0541
1.0665
1.079
1.0914
1.1039
1.1164
1.1289
1.1413
1.1537
1.1661
1.1783
1.191
1.203
1.215
1.227
1.239
1.251
1.262
1.274
1.286
1.297
1.309
1.32
1.331
1.343
1.354
1.365
1.376
1.387
1.398
1.408
1.419
1.43
1.44
1.451
1.461
1.472
1.482
1.492
1.502
1.512
1.522
1.532
1.542
1.552
1.561
1.571
1.581
1.59
1.6
1.609
1.618
1.628
1.637
1.646
1.655
1.664
1.673
1.682
1.691
1.7
1.709
1.718
1.726
1.735
1.744
1.752
1.761
1.769
1.777
1.786
1.794
1.802
1.811
1.819
1.827
1.835
1.843
1.851
1.859
1.867
1.875
1.883
1.89
1.898
1.906
1.914
1.921
1.929
0.8956379
0.8866664
0.9349621
0.99762
0.97051
0.9803
0.9905
1.001
1.0117
1.0226
1.0336
1.0448
1.0561
1.0674
1.0788
1.0902
1.1016
1.1131
1.125
1.136
1.147
1.159
1.17
1.181
1.192
1.204
1.215
1.226
1.237
1.248
1.258
1.269
1.28
1.291
1.301
1.312
1.322
1.333
1.343
1.353
1.363
1.373
1.383
1.393
1.403
1.413
1.423
1.433
1.442
1.452
1.462
1.471
1.48
1.49
1.499
1.508
1.517
1.527
1.536
1.545
1.554
1.562
1.571
1.58
1.589
1.597
1.606
1.615
1.623
1.632
1.64
1.648
1.657
1.665
1.673
1.681
1.69
1.698
1.706
1.714
1.722
1.73
1.737
1.745
1.753
1.761
1.769
1.776
1.784
1.791
1.799
1.806
1.814
1.821
1.829
1.836
1.843
1.851
1.858
1.865
0.8956379
0.8866664
0.9349626
0.997618
0.96961
0.9785
0.9877
0.9972
1.0069
1.0168
1.0268
1.037
1.0473
1.0576
1.0681
1.0785
1.089
1.1
1.11
1.121
1.131
1.142
1.152
1.162
1.173
1.183
1.194
1.204
1.214
1.224
1.234
1.244
1.254
1.264
1.274
1.284
1.294
1.304
1.313
1.323
1.333
1.342
1.352
1.361
1.37
1.379
1.389
1.398
1.407
1.416
1.425
1.434
1.443
1.452
1.46
1.469
1.478
1.486
1.495
1.503
1.512
1.52
1.529
1.537
1.545
1.553
1.562
1.57
1.578
1.586
1.594
1.602
1.609
1.617
1.625
1.633
1.641
1.648
1.656
1.663
1.671
1.678
1.686
1.693
1.701
1.708
1.715
1.723
1.73
1.737
1.744
1.751
1.758
1.765
1.772
1.779
1.786
1.793
1.8
1.807
0.8956379
0.8866664
0.934963
0.997616
0.9689
0.977
0.9854
0.9941
1.0029
1.0119
1.0211
1.0304
1.0398
1.0493
1.059
1.068
1.078
1.088
1.098
1.107
1.117
1.127
1.136
1.146
1.156
1.165
1.175
1.185
1.194
1.204
1.213
1.222
1.232
1.241
1.25
1.26
1.269
1.278
1.287
1.296
1.305
1.314
1.323
1.332
1.341
1.349
1.358
1.367
1.375
1.384
1.392
1.401
1.409
1.417
1.426
1.434
1.442
1.45
1.458
1.466
1.474
1.482
1.49
1.498
1.506
1.513
1.521
1.529
1.536
1.544
1.552
1.559
1.566
1.574
1.581
1.589
1.596
1.603
1.61
1.618
1.625
1.632
1.639
1.646
1.653
1.66
1.667
1.674
1.68
1.687
1.694
1.701
1.707
1.714
1.721
1.727
1.734
1.74
1.747
1.753
0.8956379
0.8866664
0.9349632
0.997615
0.9682
0.9757
0.9834
0.9914
0.9995
1.0078
1.0162
1.0248
1.0334
1.042
1.051
1.06
1.069
1.078
1.087
1.096
1.105
1.114
1.123
1.132
1.141
1.15
1.159
1.168
1.176
1.185
1.194
1.203
1.212
1.22
1.229
1.238
1.246
1.255
1.264
1.272
1.28
1.289
1.297
1.306
1.314
1.322
1.33
1.338
1.346
1.354
1.362
1.37
1.378
1.386
1.394
1.402
1.409
1.417
1.425
1.432
1.44
1.447
1.455
1.462
1.47
1.477
1.484
1.492
1.499
1.506
1.513
1.52
1.527
1.534
1.541
1.548
1.555
1.562
1.569
1.576
1.582
1.589
1.596
1.602
1.609
1.616
1.622
1.629
1.635
1.642
1.648
1.654
1.661
1.667
1.673
1.68
1.686
1.692
1.698
1.704
0.8956379
0.8866664
0.9349634
0.997613
0.9677
0.9746
0.9817
0.9891
0.9966
1.0042
1.012
1.0199
1.0279
1.036
1.044
1.052
1.061
1.069
1.077
1.086
1.094
1.102
1.111
1.119
1.127
1.136
1.144
1.152
1.161
1.169
1.177
1.186
1.194
1.202
1.21
1.218
1.226
1.234
1.242
1.25
1.258
1.266
1.274
1.282
1.29
1.298
1.305
1.313
1.321
1.328
1.336
1.343
1.351
1.358
1.365
1.373
1.38
1.387
1.395
1.402
1.409
1.416
1.423
1.43
1.437
1.444
1.451
1.458
1.465
1.471
1.478
1.485
1.492
1.498
1.505
1.511
1.518
1.524
1.531
1.537
1.544
1.55
1.557
1.563
1.569
1.575
1.582
1.588
1.594
1.6
1.606
1.612
1.618
1.624
1.63
1.636
1.642
1.648
1.654
1.66
0.8956379
0.8866664
0.9349636
0.997612
0.9672
0.9737
0.9803
0.9871
0.994
1.0011
1.0083
1.0157
1.023
1.031
1.038
1.046
1.053
1.061
1.069
1.077
1.084
1.092
1.1
1.108
1.116
1.123
1.131
1.139
1.147
1.155
1.162
1.17
1.178
1.186
1.193
1.201
1.208
1.216
1.224
1.231
1.239
1.246
1.253
1.261
1.268
1.275
1.283
1.29
1.297
1.304
1.311
1.318
1.326
1.333
1.34
1.346
1.353
1.36
1.367
1.374
1.381
1.387
1.394
1.401
1.407
1.414
1.42
1.427
1.433
1.44
1.446
1.453
1.459
1.465
1.472
1.478
1.484
1.49
1.496
1.502
1.509
1.515
1.521
1.527
1.533
1.538
1.544
1.55
1.556
1.562
1.568
1.573
1.579
1.585
1.59
1.596
1.602
1.607
1.613
1.618
0.8956379
0.8866664
0.9349637
0.997611
0.9668
0.9728
0.979
0.9853
0.9918
0.9984
1.0051
1.0119
1.019
1.026
1.033
1.04
1.047
1.054
1.062
1.069
1.076
1.083
1.091
1.098
1.105
1.113
1.12
1.127
1.134
1.142
1.149
1.156
1.164
1.171
1.178
1.185
1.192
1.199
1.207
1.214
1.221
1.228
1.235
1.242
1.249
1.255
1.262
1.269
1.276
1.283
1.289
1.296
1.303
1.309
1.316
1.323
1.329
1.336
1.342
1.348
1.355
1.361
1.368
1.374
1.38
1.386
1.393
1.399
1.405
1.411
1.417
1.423
1.429
1.435
1.441
1.447
1.453
1.459
1.465
1.47
1.476
1.482
1.488
1.493
1.499
1.505
1.51
1.516
1.521
1.527
1.532
1.538
1.543
1.549
1.554
1.559
1.565
1.57
1.575
1.581
0.8956379
0.8866664
0.9349638
0.99761
0.9664
0.9721
0.9779
0.9838
0.9899
0.996
1.0023
1.0087
1.015
1.022
1.028
1.035
1.042
1.048
1.055
1.062
1.069
1.075
1.082
1.089
1.096
1.103
1.11
1.117
1.123
1.13
1.137
1.144
1.151
1.157
1.164
1.171
1.178
1.184
1.191
1.198
1.204
1.211
1.218
1.224
1.231
1.237
1.244
1.25
1.257
1.263
1.269
1.276
1.282
1.288
1.295
1.301
1.307
1.313
1.319
1.325
1.331
1.337
1.343
1.349
1.355
1.361
1.367
1.373
1.379
1.385
1.39
1.396
1.402
1.408
1.413
1.419
1.424
1.43
1.436
1.441
1.447
1.452
1.457
1.463
1.468
1.474
1.479
1.484
1.489
1.495
1.5
1.505
1.51
1.515
1.52
1.526
1.531
1.536
1.541
1.546
0.8956379
0.8866664
0.9349639
0.997609
0.9661
0.9714
0.9769
0.9825
0.9881
0.9939
0.9998
1.006
1.012
1.018
1.024
1.03
1.037
1.043
1.049
1.056
1.062
1.068
1.075
1.081
1.088
1.094
1.1
1.107
1.113
1.12
1.126
1.133
1.139
1.146
1.152
1.158
1.165
1.171
1.177
1.184
1.19
1.196
1.202
1.209
1.215
1.221
1.227
1.233
1.239
1.245
1.251
1.257
1.263
1.269
1.275
1.281
1.287
1.293
1.298
1.304
1.31
1.316
1.321
1.327
1.333
1.338
1.344
1.349
1.355
1.361
1.366
1.371
1.377
1.382
1.388
1.393
1.398
1.404
1.409
1.414
1.419
1.424
1.43
1.435
1.44
1.445
1.45
1.455
1.46
1.465
1.47
1.475
1.48
1.485
1.49
1.494
1.499
1.504
1.509
1.514
0.8956379
0.8866664
0.9349639
0.997608
0.9658
0.9709
0.976
0.9812
0.9866
0.992
0.9976
1.003
1.009
1.015
1.02
1.026
1.032
1.038
1.044
1.05
1.056
1.062
1.068
1.074
1.08
1.086
1.092
1.098
1.104
1.11
1.117
1.123
1.129
1.135
1.141
1.147
1.153
1.159
1.165
1.171
1.177
1.182
1.188
1.194
1.2
1.206
1.212
1.217
1.223
1.229
1.235
1.24
1.246
1.252
1.257
1.263
1.268
1.274
1.279
1.285
1.29
1.296
1.301
1.307
1.312
1.317
1.323
1.328
1.333
1.338
1.344
1.349
1.354
1.359
1.364
1.369
1.374
1.379
1.384
1.389
1.394
1.399
1.404
1.409
1.414
1.419
1.423
1.428
1.433
1.438
1.442
1.447
1.452
1.457
1.461
1.466
1.47
1.475
1.479
1.484
0.8956379
0.8866664
0.934964
0.997608
0.9656
0.9703
0.9752
0.9802
0.9852
0.9903
0.9956
1.001
1.006
1.012
1.017
1.023
1.028
1.034
1.039
1.045
1.051
1.056
1.062
1.068
1.073
1.079
1.085
1.091
1.096
1.102
1.108
1.113
1.119
1.125
1.131
1.136
1.142
1.148
1.153
1.159
1.164
1.17
1.176
1.181
1.187
1.192
1.198
1.203
1.209
1.214
1.22
1.225
1.23
1.236
1.241
1.246
1.252
1.257
1.262
1.267
1.272
1.278
1.283
1.288
1.293
1.298
1.303
1.308
1.313
1.318
1.323
1.328
1.333
1.338
1.343
1.347
1.352
1.357
1.362
1.366
1.371
1.376
1.381
1.385
1.39
1.394
1.399
1.404
1.408
1.413
1.417
1.422
1.426
1.43
1.435
1.439
1.444
1.448
1.452
1.457
0.8956379
0.8866664
0.934964
0.997607
0.9653
0.9699
0.9745
0.9792
0.984
0.9888
0.9937
0.999
1.004
1.009
1.014
1.019
1.024
1.03
1.035
1.04
1.046
1.051
1.056
1.062
1.067
1.073
1.078
1.083
1.089
1.094
1.1
1.105
1.111
1.116
1.121
1.127
1.132
1.137
1.143
1.148
1.153
1.159
1.164
1.169
1.175
1.18
1.185
1.19
1.195
1.201
1.206
1.211
1.216
1.221
1.226
1.231
1.236
1.241
1.246
1.251
1.256
1.261
1.266
1.271
1.275
1.28
1.285
1.29
1.295
1.299
1.304
1.309
1.313
1.318
1.323
1.327
1.332
1.336
1.341
1.345
1.35
1.354
1.359
1.363
1.368
1.372
1.376
1.381
1.385
1.389
1.394
1.398
1.402
1.406
1.411
1.415
1.419
1.423
1.427
1.431
0.8956379
0.8866664
0.9349641
0.997606
0.9651
0.9694
0.9738
0.9783
0.9828
0.9874
0.9921
0.997
1.002
1.006
1.011
1.016
1.021
1.026
1.031
1.036
1.041
1.046
1.051
1.057
1.062
1.067
1.072
1.077
1.082
1.087
1.092
1.098
1.103
1.108
1.113
1.118
1.123
1.128
1.133
1.138
1.143
1.148
1.153
1.158
1.163
1.168
1.173
1.178
1.183
1.188
1.193
1.198
1.203
1.207
1.212
1.217
1.222
1.227
1.231
1.236
1.241
1.245
1.25
1.255
1.259
1.264
1.268
1.273
1.278
1.282
1.286
1.291
1.295
1.3
1.304
1.309
1.313
1.317
1.322
1.326
1.33
1.334
1.339
1.343
1.347
1.351
1.355
1.36
1.364
1.368
1.372
1.376
1.38
1.384
1.388
1.392
1.396
1.4
1.404
1.408
0.8956379
0.8866664
0.9349641
0.997606
0.9649
0.969
0.9732
0.9775
0.9818
0.9862
0.991
0.995
1
1.004
1.009
1.014
1.018
1.023
1.028
1.032
1.037
1.042
1.047
1.052
1.057
1.061
1.066
1.071
1.076
1.081
1.086
1.091
1.095
1.1
1.105
1.11
1.115
1.12
1.125
1.129
1.134
1.139
1.144
1.148
1.153
1.158
1.163
1.167
1.172
1.177
1.181
1.186
1.19
1.195
1.2
1.204
1.209
1.213
1.218
1.222
1.227
1.231
1.236
1.24
1.244
1.249
1.253
1.257
1.262
1.266
1.27
1.275
1.279
1.283
1.287
1.291
1.296
1.3
1.304
1.308
1.312
1.316
1.32
1.324
1.328
1.332
1.336
1.34
1.344
1.348
1.352
1.356
1.36
1.363
1.367
1.371
1.375
1.379
1.382
1.386
0.8956379
0.8866664
0.9349642
0.997605
0.9648
0.9687
0.9727
0.9767
0.9808
0.985
0.989
0.994
0.998
1.002
1.007
1.011
1.016
1.02
1.025
1.029
1.034
1.038
1.043
1.047
1.052
1.057
1.061
1.066
1.07
1.075
1.08
1.084
1.089
1.094
1.098
1.103
1.107
1.112
1.116
1.121
1.126
1.13
1.135
1.139
1.144
1.148
1.153
1.157
1.162
1.166
1.17
1.175
1.179
1.184
1.188
1.192
1.197
1.201
1.205
1.21
1.214
1.218
1.222
1.226
1.231
1.235
1.239
1.243
1.247
1.251
1.255
1.259
1.263
1.268
1.272
1.276
1.279
1.283
1.287
1.291
1.295
1.299
1.303
1.307
1.311
1.314
1.318
1.322
1.326
1.329
1.333
1.337
1.341
1.344
1.348
1.352
1.355
1.359
1.362
1.366
0.8956379
0.8866664
0.9349642
0.997605
0.9646
0.9683
0.9722
0.976
0.98
0.984
0.988
0.992
0.996
1
1.005
1.009
1.013
1.017
1.022
1.026
1.03
1.035
1.039
1.043
1.048
1.052
1.056
1.061
1.065
1.07
1.074
1.078
1.083
1.087
1.092
1.096
1.1
1.105
1.109
1.113
1.118
1.122
1.126
1.131
1.135
1.139
1.144
1.148
1.152
1.156
1.161
1.165
1.169
1.173
1.177
1.181
1.186
1.19
1.194
1.198
1.202
1.206
1.21
1.214
1.218
1.222
1.226
1.23
1.234
1.238
1.242
1.245
1.249
1.253
1.257
1.261
1.265
1.268
1.272
1.276
1.28
1.283
1.287
1.291
1.294
1.298
1.302
1.305
1.309
1.312
1.316
1.319
1.323
1.326
1.33
1.333
1.337
1.34
1.344
1.347
0.8956379
0.8866664
0.9349642
0.997604
0.9644
0.968
0.9717
0.9754
0.9792
0.983
0.987
0.991
0.995
0.999
1.003
1.007
1.011
1.015
1.019
1.023
1.027
1.031
1.035
1.04
1.044
1.048
1.052
1.056
1.061
1.065
1.069
1.073
1.077
1.081
1.086
1.09
1.094
1.098
1.102
1.106
1.111
1.115
1.119
1.123
1.127
1.131
1.135
1.139
1.143
1.147
1.151
1.155
1.159
1.163
1.167
1.171
1.175
1.179
1.183
1.187
1.191
1.195
1.199
1.202
1.206
1.21
1.214
1.218
1.221
1.225
1.229
1.232
1.236
1.24
1.243
1.247
1.251
1.254
1.258
1.261
1.265
1.269
1.272
1.276
1.279
1.283
1.286
1.29
1.293
1.296
1.3
1.303
1.307
1.31
1.313
1.317
1.32
1.323
1.326
1.33
0.8956379
0.8866664
0.9349642
0.997604
0.9643
0.9678
0.9713
0.9748
0.9784
0.9821
0.986
0.99
0.993
0.997
1.001
1.005
1.009
1.013
1.016
1.02
1.024
1.028
1.032
1.036
1.04
1.044
1.048
1.052
1.056
1.06
1.064
1.068
1.072
1.076
1.08
1.084
1.088
1.092
1.096
1.1
1.104
1.108
1.112
1.116
1.12
1.124
1.127
1.131
1.135
1.139
1.143
1.147
1.151
1.154
1.158
1.162
1.166
1.169
1.173
1.177
1.181
1.184
1.188
1.192
1.195
1.199
1.202
1.206
1.21
1.213
1.217
1.22
1.224
1.227
1.231
1.234
1.238
1.241
1.245
1.248
1.251
1.255
1.258
1.262
1.265
1.268
1.272
1.275
1.278
1.281
1.285
1.288
1.291
1.294
1.298
1.301
1.304
1.307
1.31
1.313
0.8956379
0.8866664
0.9349643
0.997603
0.9642
0.9675
0.9709
0.9743
0.9778
0.9813
0.985
0.988
0.992
0.996
0.999
1.003
1.007
1.01
1.014
1.018
1.022
1.025
1.029
1.033
1.037
1.041
1.044
1.048
1.052
1.056
1.06
1.064
1.067
1.071
1.075
1.079
1.083
1.086
1.09
1.094
1.098
1.102
1.105
1.109
1.113
1.116
1.12
1.124
1.128
1.131
1.135
1.139
1.142
1.146
1.15
1.153
1.157
1.16
1.164
1.167
1.171
1.175
1.178
1.182
1.185
1.189
1.192
1.195
1.199
1.202
1.206
1.209
1.212
1.216
1.219
1.222
1.226
1.229
1.232
1.236
1.239
1.242
1.245
1.249
1.252
1.255
1.258
1.261
1.264
1.268
1.271
1.274
1.277
1.28
1.283
1.286
1.289
1.292
1.295
1.298
0.8956379
0.8866664
0.9349643
0.997603
0.9641
0.9673
0.9705
0.9738
0.9771
0.9805
0.984
0.987
0.991
0.994
0.998
1.001
1.005
1.008
1.012
1.016
1.019
1.023
1.026
1.03
1.034
1.037
1.041
1.045
1.048
1.052
1.056
1.059
1.063
1.067
1.07
1.074
1.078
1.081
1.085
1.088
1.092
1.096
1.099
1.103
1.106
1.11
1.114
1.117
1.121
1.124
1.128
1.131
1.135
1.138
1.142
1.145
1.148
1.152
1.155
1.159
1.162
1.165
1.169
1.172
1.176
1.179
1.182
1.185
1.189
1.192
1.195
1.199
1.202
1.205
1.208
1.211
1.215
1.218
1.221
1.224
1.227
1.23
1.233
1.236
1.24
1.243
1.246
1.249
1.252
1.255
1.258
1.261
1.264
1.267
1.269
1.272
1.275
1.278
1.281
1.284
0.8956379
0.8866664
0.9349643
0.997603
0.9639
0.967
0.9702
0.9733
0.9765
0.9798
0.983
0.986
0.99
0.993
0.996
1
1.003
1.007
1.01
1.013
1.017
1.02
1.024
1.027
1.031
1.034
1.038
1.041
1.045
1.048
1.052
1.055
1.059
1.062
1.066
1.069
1.073
1.076
1.08
1.083
1.087
1.09
1.094
1.097
1.1
1.104
1.107
1.111
1.114
1.117
1.121
1.124
1.127
1.131
1.134
1.137
1.141
1.144
1.147
1.151
1.154
1.157
1.16
1.163
1.167
1.17
1.173
1.176
1.179
1.183
1.186
1.189
1.192
1.195
1.198
1.201
1.204
1.207
1.21
1.213
1.216
1.219
1.222
1.225
1.228
1.231
1.234
1.237
1.24
1.243
1.245
1.248
1.251
1.254
1.257
1.26
1.262
1.265
1.268
1.271
0.8956379
0.8866664
0.9349643
0.997602
0.9638
0.9668
0.9698
0.9729
0.976
0.9791
0.982
0.985
0.989
0.992
0.995
0.998
1.002
1.005
1.008
1.012
1.015
1.018
1.022
1.025
1.028
1.032
1.035
1.038
1.042
1.045
1.048
1.052
1.055
1.058
1.062
1.065
1.068
1.072
1.075
1.078
1.082
1.085
1.088
1.092
1.095
1.098
1.101
1.105
1.108
1.111
1.114
1.118
1.121
1.124
1.127
1.13
1.134
1.137
1.14
1.143
1.146
1.149
1.152
1.155
1.158
1.162
1.165
1.168
1.171
1.174
1.177
1.18
1.183
1.186
1.188
1.191
1.194
1.197
1.2
1.203
1.206
1.209
1.212
1.214
1.217
1.22
1.223
1.226
1.228
1.231
1.234
1.237
1.239
1.242
1.245
1.248
1.25
1.253
1.256
1.258
0.8956379
0.8866664
0.9349643
0.997602
0.9637
0.9666
0.9695
0.9725
0.9755
0.9785
0.982
0.985
0.988
0.991
0.994
0.997
1
1.003
1.006
1.01
1.013
1.016
1.019
1.022
1.026
1.029
1.032
1.035
1.039
1.042
1.045
1.048
1.051
1.055
1.058
1.061
1.064
1.068
1.071
1.074
1.077
1.08
1.083
1.087
1.09
1.093
1.096
1.099
1.102
1.105
1.108
1.112
1.115
1.118
1.121
1.124
1.127
1.13
1.133
1.136
1.139
1.142
1.145
1.148
1.151
1.154
1.157
1.159
1.162
1.165
1.168
1.171
1.174
1.177
1.18
1.182
1.185
1.188
1.191
1.194
1.196
1.199
1.202
1.204
1.207
1.21
1.213
1.215
1.218
1.221
1.223
1.226
1.228
1.231
1.234
1.236
1.239
1.241
1.244
1.246
0.8956379
0.8866664
0.9349644
0.997602
0.9636
0.9664
0.9693
0.9721
0.975
0.9779
0.981
0.984
0.987
0.99
0.993
0.996
0.999
1.002
1.005
1.008
1.011
1.014
1.017
1.02
1.023
1.026
1.03
1.033
1.036
1.039
1.042
1.045
1.048
1.051
1.054
1.057
1.06
1.064
1.067
1.07
1.073
1.076
1.079
1.082
1.085
1.088
1.091
1.094
1.097
1.1
1.103
1.106
1.109
1.112
1.115
1.118
1.121
1.123
1.126
1.129
1.132
1.135
1.138
1.141
1.143
1.146
1.149
1.152
1.155
1.157
1.16
1.163
1.166
1.168
1.171
1.174
1.177
1.179
1.182
1.185
1.187
1.19
1.193
1.195
1.198
1.2
1.203
1.205
1.208
1.211
1.213
1.216
1.218
1.221
1.223
1.226
1.228
1.231
1.233
1.235
0.8956379
0.8866664
0.9349644
0.997602
0.9636
0.9663
0.969
0.9718
0.9745
0.9774
0.98
0.983
0.986
0.989
0.992
0.995
0.998
1
1.003
1.006
1.009
1.012
1.015
1.018
1.021
1.024
1.027
1.03
1.033
1.036
1.039
1.042
1.045
1.048
1.051
1.054
1.057
1.06
1.063
1.066
1.069
1.072
1.075
1.077
1.08
1.083
1.086
1.089
1.092
1.095
1.098
1.1
1.103
1.106
1.109
1.112
1.115
1.117
1.12
1.123
1.126
1.128
1.131
1.134
1.137
1.139
1.142
1.145
1.147
1.15
1.153
1.155
1.158
1.161
1.163
1.166
1.168
1.171
1.174
1.176
1.179
1.181
1.184
1.186
1.189
1.191
1.194
1.196
1.199
1.201
1.204
1.206
1.208
1.211
1.213
1.216
1.218
1.22
1.223
1.225
0.8956379
0.8866664
0.9349644
0.997601
0.9635
0.9661
0.9687
0.9714
0.9741
0.9768
0.98
0.982
0.985
0.988
0.991
0.993
0.996
0.999
1.002
1.005
1.008
1.011
1.013
1.016
1.019
1.022
1.025
1.028
1.031
1.033
1.036
1.039
1.042
1.045
1.048
1.051
1.053
1.056
1.059
1.062
1.065
1.068
1.07
1.073
1.076
1.079
1.082
1.084
1.087
1.09
1.093
1.095
1.098
1.101
1.104
1.106
1.109
1.112
1.114
1.117
1.12
1.122
1.125
1.128
1.13
1.133
1.135
1.138
1.141
1.143
1.146
1.148
1.151
1.153
1.156
1.158
1.161
1.163
1.166
1.168
1.171
1.173
1.176
1.178
1.18
1.183
1.185
1.188
1.19
1.192
1.195
1.197
1.199
1.202
1.204
1.206
1.209
1.211
1.213
1.215
0.8956379
0.8866664
0.9349644
0.997601
0.9634
0.9659
0.9685
0.9711
0.9737
0.9763
0.979
0.982
0.984
0.987
0.99
0.992
0.995
0.998
1.001
1.003
1.006
1.009
1.012
1.014
1.017
1.02
1.023
1.026
1.028
1.031
1.034
1.037
1.039
1.042
1.045
1.048
1.05
1.053
1.056
1.059
1.061
1.064
1.067
1.069
1.072
1.075
1.077
1.08
1.083
1.085
1.088
1.091
1.093
1.096
1.099
1.101
1.104
1.106
1.109
1.112
1.114
1.117
1.119
1.122
1.124
1.127
1.129
1.132
1.134
1.137
1.139
1.142
1.144
1.146
1.149
1.151
1.154
1.156
1.158
1.161
1.163
1.166
1.168
1.17
1.173
1.175
1.177
1.179
1.182
1.184
1.186
1.189
1.191
1.193
1.195
1.197
1.2
1.202
1.204
1.206
0.8956379
0.8866664
0.9349644
0.997601
0.9633
0.9658
0.9683
0.9708
0.9733
0.9759
0.978
0.981
0.984
0.986
0.989
0.991
0.994
0.997
0.999
1.002
1.005
1.007
1.01
1.013
1.015
1.018
1.021
1.023
1.026
1.029
1.031
1.034
1.037
1.039
1.042
1.045
1.047
1.05
1.053
1.055
1.058
1.06
1.063
1.066
1.068
1.071
1.073
1.076
1.079
1.081
1.084
1.086
1.089
1.091
1.094
1.096
1.099
1.101
1.104
1.106
1.109
1.111
1.114
1.116
1.119
1.121
1.123
1.126
1.128
1.131
1.133
1.135
1.138
1.14
1.142
1.145
1.147
1.149
1.152
1.154
1.156
1.158
1.161
1.163
1.165
1.167
1.17
1.172
1.174
1.176
1.178
1.181
1.183
1.185
1.187
1.189
1.191
1.193
1.195
1.198
0.8956379
0.8866664
0.9349644
0.997601
0.9633
0.9657
0.9681
0.9705
0.973
0.9755
0.978
0.98
0.983
0.985
0.988
0.991
0.993
0.996
0.998
1.001
1.003
1.006
1.009
1.011
1.014
1.016
1.019
1.021
1.024
1.027
1.029
1.032
1.034
1.037
1.039
1.042
1.045
1.047
1.05
1.052
1.055
1.057
1.06
1.062
1.065
1.067
1.07
1.072
1.075
1.077
1.08
1.082
1.085
1.087
1.089
1.092
1.094
1.097
1.099
1.101
1.104
1.106
1.109
1.111
1.113
1.116
1.118
1.12
1.123
1.125
1.127
1.129
1.132
1.134
1.136
1.138
1.141
1.143
1.145
1.147
1.149
1.152
1.154
1.156
1.158
1.16
1.162
1.165
1.167
1.169
1.171
1.173
1.175
1.177
1.179
1.181
1.183
1.185
1.187
1.189
0.8956379
0.8866664
0.9349644
0.9976
0.9632
0.9655
0.9679
0.9703
0.9726
0.975
0.977
0.98
0.982
0.985
0.987
0.99
0.992
0.995
0.997
1
1.002
1.005
1.007
1.01
1.012
1.015
1.017
1.02
1.022
1.025
1.027
1.03
1.032
1.034
1.037
1.039
1.042
1.044
1.047
1.049
1.052
1.054
1.057
1.059
1.061
1.064
1.066
1.069
1.071
1.073
1.076
1.078
1.081
1.083
1.085
1.088
1.09
1.092
1.094
1.097
1.099
1.101
1.104
1.106
1.108
1.11
1.113
1.115
1.117
1.119
1.122
1.124
1.126
1.128
1.13
1.132
1.135
1.137
1.139
1.141
1.143
1.145
1.147
1.149
1.152
1.154
1.156
1.158
1.16
1.162
1.164
1.166
1.168
1.17
1.172
1.174
1.176
1.178
1.18
1.182
0.8956379
0.8866664
0.9349644
0.9976
0.9631
0.9654
0.9677
0.97
0.9723
0.9747
0.977
0.979
0.982
0.984
0.986
0.989
0.991
0.994
0.996
0.998
1.001
1.003
1.006
1.008
1.011
1.013
1.015
1.018
1.02
1.023
1.025
1.027
1.03
1.032
1.035
1.037
1.039
1.042
1.044
1.046
1.049
1.051
1.054
1.056
1.058
1.061
1.063
1.065
1.068
1.07
1.072
1.074
1.077
1.079
1.081
1.083
1.086
1.088
1.09
1.092
1.095
1.097
1.099
1.101
1.103
1.106
1.108
1.11
1.112
1.114
1.116
1.118
1.121
1.123
1.125
1.127
1.129
1.131
1.133
1.135
1.137
1.139
1.141
1.143
1.145
1.147
1.149
1.151
1.153
1.155
1.157
1.159
1.161
1.163
1.165
1.167
1.169
1.171
1.172
1.174
0.8956379
0.8866664
0.9349644
0.9976
0.9631
0.9653
0.9675
0.9698
0.972
0.9743
0.977
0.979
0.981
0.983
0.986
0.988
0.99
0.993
0.995
0.997
1
1.002
1.004
1.007
1.009
1.011
1.014
1.016
1.018
1.021
1.023
1.025
1.028
1.03
1.032
1.035
1.037
1.039
1.042
1.044
1.046
1.048
1.051
1.053
1.055
1.057
1.06
1.062
1.064
1.066
1.069
1.071
1.073
1.075
1.077
1.08
1.082
1.084
1.086
1.088
1.09
1.093
1.095
1.097
1.099
1.101
1.103
1.105
1.107
1.109
1.111
1.113
1.115
1.117
1.12
1.122
1.124
1.126
1.128
1.129
1.131
1.133
1.135
1.137
1.139
1.141
1.143
1.145
1.147
1.149
1.151
1.153
1.154
1.156
1.158
1.16
1.162
1.164
1.166
1.167
0.8956379
0.8866664
0.9349644
0.9976
0.963
0.9652
0.9673
0.9695
0.9717
0.9739
0.976
0.978
0.981
0.983
0.985
0.987
0.99
0.992
0.994
0.996
0.999
1.001
1.003
1.005
1.008
1.01
1.012
1.015
1.017
1.019
1.021
1.024
1.026
1.028
1.03
1.033
1.035
1.037
1.039
1.041
1.044
1.046
1.048
1.05
1.052
1.055
1.057
1.059
1.061
1.063
1.065
1.068
1.07
1.072
1.074
1.076
1.078
1.08
1.082
1.084
1.086
1.088
1.091
1.093
1.095
1.097
1.099
1.101
1.103
1.105
1.107
1.109
1.111
1.113
1.115
1.116
1.118
1.12
1.122
1.124
1.126
1.128
1.13
1.132
1.134
1.136
1.137
1.139
1.141
1.143
1.145
1.147
1.148
1.15
1.152
1.154
1.155
1.157
1.159
1.161
0.8956379
0.8866664
0.9349645
0.9976
0.963
0.9651
0.9672
0.9693
0.9715
0.9736
0.976
0.978
0.98
0.982
0.984
0.987
0.989
0.991
0.993
0.995
0.998
1
1.002
1.004
1.006
1.009
1.011
1.013
1.015
1.017
1.02
1.022
1.024
1.026
1.028
1.03
1.033
1.035
1.037
1.039
1.041
1.043
1.045
1.048
1.05
1.052
1.054
1.056
1.058
1.06
1.062
1.064
1.066
1.068
1.07
1.073
1.075
1.077
1.079
1.081
1.083
1.085
1.087
1.089
1.091
1.092
1.094
1.096
1.098
1.1
1.102
1.104
1.106
1.108
1.11
1.112
1.114
1.115
1.117
1.119
1.121
1.123
1.125
1.126
1.128
1.13
1.132
1.134
1.135
1.137
1.139
1.141
1.142
1.144
1.146
1.148
1.149
1.151
1.153
1.155
0.8956379
0.8866664
0.9349645
0.9976
0.9629
0.965
0.967
0.9691
0.9712
0.9733
0.975
0.977
0.98
0.982
0.984
0.986
0.988
0.99
0.992
0.994
0.997
0.999
1.001
1.003
1.005
1.007
1.009
1.012
1.014
1.016
1.018
1.02
1.022
1.024
1.026
1.028
1.031
1.033
1.035
1.037
1.039
1.041
1.043
1.045
1.047
1.049
1.051
1.053
1.055
1.057
1.059
1.061
1.063
1.065
1.067
1.069
1.071
1.073
1.075
1.077
1.079
1.081
1.083
1.085
1.087
1.089
1.09
1.092
1.094
1.096
1.098
1.1
1.102
1.103
1.105
1.107
1.109
1.111
1.113
1.114
1.116
1.118
1.12
1.121
1.123
1.125
1.127
1.128
1.13
1.132
1.134
1.135
1.137
1.139
1.14
1.142
1.144
1.145
1.147
1.149
0.8956379
0.8866664
0.9349645
0.997599
0.9629
0.9649
0.9669
0.9689
0.9709
0.973
0.975
0.977
0.979
0.981
0.983
0.985
0.987
0.989
0.992
0.994
0.996
0.998
1
1.002
1.004
1.006
1.008
1.01
1.012
1.014
1.016
1.018
1.02
1.023
1.025
1.027
1.029
1.031
1.033
1.035
1.037
1.039
1.041
1.043
1.045
1.047
1.049
1.051
1.053
1.055
1.056
1.058
1.06
1.062
1.064
1.066
1.068
1.07
1.072
1.074
1.076
1.077
1.079
1.081
1.083
1.085
1.087
1.088
1.09
1.092
1.094
1.096
1.097
1.099
1.101
1.103
1.105
1.106
1.108
1.11
1.112
1.113
1.115
1.117
1.118
1.12
1.122
1.123
1.125
1.127
1.128
1.13
1.132
1.133
1.135
1.137
1.138
1.14
1.141
1.143
0.8956379
0.8866664
0.9349645
0.997599
0.9628
0.9648
0.9667
0.9687
0.9707
0.9727
0.975
0.977
0.979
0.981
0.983
0.985
0.987
0.989
0.991
0.993
0.995
0.997
0.999
1.001
1.003
1.005
1.007
1.009
1.011
1.013
1.015
1.017
1.019
1.021
1.023
1.025
1.027
1.029
1.031
1.033
1.035
1.037
1.039
1.04
1.042
1.044
1.046
1.048
1.05
1.052
1.054
1.056
1.058
1.059
1.061
1.063
1.065
1.067
1.069
1.07
1.072
1.074
1.076
1.078
1.079
1.081
1.083
1.085
1.087
1.088
1.09
1.092
1.094
1.095
1.097
1.099
1.1
1.102
1.104
1.105
1.107
1.109
1.11
1.112
1.114
1.115
1.117
1.119
1.12
1.122
1.123
1.125
1.127
1.128
1.13
1.131
1.133
1.134
1.136
1.138
0.8956379
0.8866664
0.9349645
0.997599
0.9628
0.9647
0.9666
0.9685
0.9705
0.9724
0.974
0.976
0.978
0.98
0.982
0.984
0.986
0.988
0.99
0.992
0.994
0.996
0.998
1
1.002
1.004
1.006
1.008
1.01
1.012
1.013
1.015
1.017
1.019
1.021
1.023
1.025
1.027
1.029
1.031
1.033
1.035
1.036
1.038
1.04
1.042
1.044
1.046
1.048
1.049
1.051
1.053
1.055
1.057
1.058
1.06
1.062
1.064
1.066
1.067
1.069
1.071
1.073
1.074
1.076
1.078
1.08
1.081
1.083
1.085
1.086
1.088
1.09
1.091
1.093
1.095
1.096
1.098
1.1
1.101
1.103
1.105
1.106
1.108
1.109
1.111
1.113
1.114
1.116
1.117
1.119
1.12
1.122
1.123
1.125
1.126
1.128
1.129
1.131
1.132
0.8956379
0.8866664
0.9349645
0.997599
0.9627
0.9646
0.9665
0.9684
0.9702
0.9721
0.974
0.976
0.978
0.98
0.982
0.984
0.985
0.987
0.989
0.991
0.993
0.995
0.997
0.999
1.001
1.003
1.005
1.006
1.008
1.01
1.012
1.014
1.016
1.018
1.02
1.022
1.023
1.025
1.027
1.029
1.031
1.033
1.034
1.036
1.038
1.04
1.042
1.043
1.045
1.047
1.049
1.051
1.052
1.054
1.056
1.058
1.059
1.061
1.063
1.065
1.066
1.068
1.07
1.071
1.073
1.075
1.076
1.078
1.08
1.081
1.083
1.085
1.086
1.088
1.089
1.091
1.093
1.094
1.096
1.097
1.099
1.101
1.102
1.104
1.105
1.107
1.108
1.11
1.111
1.113
1.114
1.116
1.117
1.119
1.12
1.122
1.123
1.125
1.126
1.128
0.8956379
0.8866664
0.9349645
0.997599
0.9627
0.9645
0.9663
0.9682
0.97
0.9719
0.974
0.976
0.977
0.979
0.981
0.983
0.985
0.987
0.989
0.991
0.992
0.994
0.996
0.998
1
1.002
1.004
1.005
1.007
1.009
1.011
1.013
1.015
1.016
1.018
1.02
1.022
1.024
1.025
1.027
1.029
1.031
1.033
1.034
1.036
1.038
1.04
1.041
1.043
1.045
1.046
1.048
1.05
1.052
1.053
1.055
1.057
1.058
1.06
1.062
1.063
1.065
1.067
1.068
1.07
1.072
1.073
1.075
1.076
1.078
1.08
1.081
1.083
1.084
1.086
1.087
1.089
1.091
1.092
1.094
1.095
1.097
1.098
1.1
1.101
1.103
1.104
1.106
1.107
1.109
1.11
1.111
1.113
1.114
1.116
1.117
1.119
1.12
1.121
1.123
0.8956379
0.8866664
0.9349645
0.997599
0.9626
0.9644
0.9662
0.968
0.9698
0.9716
0.973
0.975
0.977
0.979
0.981
0.983
0.984
0.986
0.988
0.99
0.992
0.993
0.995
0.997
0.999
1.001
1.002
1.004
1.006
1.008
1.01
1.011
1.013
1.015
1.017
1.019
1.02
1.022
1.024
1.025
1.027
1.029
1.031
1.032
1.034
1.036
1.038
1.039
1.041
1.043
1.044
1.046
1.048
1.049
1.051
1.053
1.054
1.056
1.057
1.059
1.061
1.062
1.064
1.065
1.067
1.069
1.07
1.072
1.073
1.075
1.076
1.078
1.08
1.081
1.083
1.084
1.086
1.087
1.089
1.09
1.092
1.093
1.094
1.096
1.097
1.099
1.1
1.102
1.103
1.105
1.106
1.107
1.109
1.11
1.112
1.113
1.114
1.116
1.117
1.118
0.8956379
0.8866664
0.9349645
0.997599
0.9626
0.9644
0.9661
0.9679
0.9696
0.9714
0.973
0.975
0.977
0.979
0.98
0.982
0.984
0.986
0.987
0.989
0.991
0.993
0.994
0.996
0.998
1
1.001
1.003
1.005
1.007
1.008
1.01
1.012
1.014
1.015
1.017
1.019
1.021
1.022
1.024
1.026
1.027
1.029
1.031
1.032
1.034
1.036
1.037
1.039
1.041
1.042
1.044
1.045
1.047
1.049
1.05
1.052
1.053
1.055
1.057
1.058
1.06
1.061
1.063
1.064
1.066
1.067
1.069
1.07
1.072
1.073
1.075
1.076
1.078
1.079
1.081
1.082
1.084
1.085
1.087
1.088
1.089
1.091
1.092
1.094
1.095
1.097
1.098
1.099
1.101
1.102
1.103
1.105
1.106
1.107
1.109
1.11
1.111
1.113
1.114
0.8956379
0.8866664
0.9349645
0.997598
0.9626
0.9643
0.966
0.9677
0.9695
0.9712
0.973
0.975
0.976
0.978
0.98
0.982
0.983
0.985
0.987
0.989
0.99
0.992
0.994
0.995
0.997
0.999
1.001
1.002
1.004
1.006
1.007
1.009
1.011
1.012
1.014
1.016
1.017
1.019
1.021
1.022
1.024
1.026
1.027
1.029
1.031
1.032
1.034
1.035
1.037
1.039
1.04
1.042
1.043
1.045
1.046
1.048
1.05
1.051
1.053
1.054
1.056
1.057
1.059
1.06
1.062
1.063
1.065
1.066
1.068
1.069
1.07
1.072
1.073
1.075
1.076
1.078
1.079
1.081
1.082
1.083
1.085
1.086
1.087
1.089
1.09
1.092
1.093
1.094
1.096
1.097
1.098
1.1
1.101
1.102
1.104
1.105
1.106
1.107
1.109
1.11
0.8956379
0.8866664
0.9349645
0.997598
0.9625
0.9642
0.9659
0.9676
0.9693
0.971
0.973
0.974
0.976
0.978
0.979
0.981
0.983
0.985
0.986
0.988
0.99
0.991
0.993
0.995
0.996
0.998
1
1.001
1.003
1.005
1.006
1.008
1.01
1.011
1.013
1.014
1.016
1.018
1.019
1.021
1.022
1.024
1.026
1.027
1.029
1.03
1.032
1.034
1.035
1.037
1.038
1.04
1.041
1.043
1.044
1.046
1.047
1.049
1.05
1.052
1.053
1.055
1.056
1.058
1.059
1.061
1.062
1.063
1.065
1.066
1.068
1.069
1.071
1.072
1.073
1.075
1.076
1.077
1.079
1.08
1.082
1.083
1.084
1.086
1.087
1.088
1.09
1.091
1.092
1.093
1.095
1.096
1.097
1.099
1.1
1.101
1.102
1.104
1.105
1.106
0.8956379
0.8866664
0.9349645
0.997598
0.9625
0.9641
0.9658
0.9675
0.9691
0.971
0.972
0.974
0.976
0.977
0.979
0.981
0.982
0.984
0.986
0.987
0.989
0.991
0.992
0.994
0.996
0.997
0.999
1
1.002
1.004
1.005
1.007
1.008
1.01
1.012
1.013
1.015
1.016
1.018
1.019
1.021
1.023
1.024
1.026
1.027
1.029
1.03
1.032
1.033
1.035
1.036
1.038
1.039
1.041
1.042
1.044
1.045
1.047
1.048
1.05
1.051
1.052
1.054
1.055
1.057
1.058
1.059
1.061
1.062
1.064
1.065
1.066
1.068
1.069
1.07
1.072
1.073
1.075
1.076
1.077
1.078
1.08
1.081
1.082
1.084
1.085
1.086
1.088
1.089
1.09
1.091
1.093
1.094
1.095
1.096
1.098
1.099
1.1
1.101
1.102
0.8956379
0.8866664
0.9349645
0.997598
0.9625
0.9641
0.9657
0.9673
0.9689
0.971
0.972
0.974
0.975
0.977
0.979
0.98
0.982
0.984
0.985
0.987
0.988
0.99
0.992
0.993
0.995
0.996
0.998
1
1.001
1.003
1.004
1.006
1.007
1.009
1.01
1.012
1.014
1.015
1.017
1.018
1.02
1.021
1.023
1.024
1.026
1.027
1.029
1.03
1.032
1.033
1.035
1.036
1.037
1.039
1.04
1.042
1.043
1.045
1.046
1.047
1.049
1.05
1.052
1.053
1.054
1.056
1.057
1.058
1.06
1.061
1.062
1.064
1.065
1.066
1.068
1.069
1.07
1.072
1.073
1.074
1.076
1.077
1.078
1.079
1.081
1.082
1.083
1.084
1.086
1.087
1.088
1.089
1.09
1.092
1.093
1.094
1.095
1.096
1.098
1.099
0.8956379
0.8866664
0.9349645
0.997598
0.9624
0.964
0.9656
0.9672
0.9688
0.97
0.972
0.974
0.975
0.977
0.978
0.98
0.981
0.983
0.985
0.986
0.988
0.989
0.991
0.992
0.994
0.996
0.997
0.999
1
1.002
1.003
1.005
1.006
1.008
1.009
1.011
1.012
1.014
1.015
1.017
1.018
1.02
1.021
1.023
1.024
1.026
1.027
1.029
1.03
1.031
1.033
1.034
1.036
1.037
1.038
1.04
1.041
1.043
1.044
1.045
1.047
1.048
1.049
1.051
1.052
1.053
1.055
1.056
1.057
1.059
1.06
1.061
1.063
1.064
1.065
1.066
1.068
1.069
1.07
1.071
1.073
1.074
1.075
1.076
1.078
1.079
1.08
1.081
1.082
1.084
1.085
1.086
1.087
1.088
1.09
1.091
1.092
1.093
1.094
1.095
0.8956379
0.8866664
0.9349645
0.997598
0.9624
0.964
0.9655
0.9671
0.9686
0.97
0.972
0.973
0.975
0.976
0.978
0.98
0.981
0.983
0.984
0.986
0.987
0.989
0.99
0.992
0.993
0.995
0.996
0.998
0.999
1.001
1.002
1.004
1.005
1.007
1.008
1.01
1.011
1.013
1.014
1.016
1.017
1.018
1.02
1.021
1.023
1.024
1.026
1.027
1.028
1.03
1.031
1.033
1.034
1.035
1.037
1.038
1.039
1.041
1.042
1.043
1.045
1.046
1.047
1.049
1.05
1.051
1.053
1.054
1.055
1.056
1.058
1.059
1.06
1.061
1.063
1.064
1.065
1.066
1.068
1.069
1.07
1.071
1.072
1.074
1.075
1.076
1.077
1.078
1.08
1.081
1.082
1.083
1.084
1.085
1.086
1.088
1.089
1.09
1.091
1.092
0.8956379
0.8866664
0.9349645
0.997598
0.9624
0.9639
0.9654
0.967
0.9685
0.97
0.972
0.973
0.975
0.976
0.978
0.979
0.981
0.982
0.984
0.985
0.987
0.988
0.99
0.991
0.993
0.994
0.996
0.997
0.999
1
1.001
1.003
1.004
1.006
1.007
1.009
1.01
1.012
1.013
1.014
1.016
1.017
1.019
1.02
1.021
1.023
1.024
1.026
1.027
1.028
1.03
1.031
1.032
1.034
1.035
1.036
1.038
1.039
1.04
1.041
1.043
1.044
1.045
1.047
1.048
1.049
1.05
1.052
1.053
1.054
1.055
1.057
1.058
1.059
1.06
1.061
1.063
1.064
1.065
1.066
1.067
1.069
1.07
1.071
1.072
1.073
1.074
1.076
1.077
1.078
1.079
1.08
1.081
1.082
1.083
1.084
1.086
1.087
1.088
1.089
0.8956379
0.8866664
0.9349646
0.997598
0.9623
0.9638
0.9653
0.9668
0.9683
0.97
0.971
0.973
0.974
0.976
0.977
0.979
0.98
0.982
0.983
0.985
0.986
0.988
0.989
0.991
0.992
0.993
0.995
0.996
0.998
0.999
1.001
1.002
1.003
1.005
1.006
1.008
1.009
1.01
1.012
1.013
1.015
1.016
1.017
1.019
1.02
1.021
1.023
1.024
1.025
1.027
1.028
1.029
1.031
1.032
1.033
1.035
1.036
1.037
1.038
1.04
1.041
1.042
1.043
1.045
1.046
1.047
1.048
1.05
1.051
1.052
1.053
1.054
1.056
1.057
1.058
1.059
1.06
1.061
1.063
1.064
1.065
1.066
1.067
1.068
1.07
1.071
1.072
1.073
1.074
1.075
1.076
1.077
1.078
1.079
1.08
1.082
1.083
1.084
1.085
1.086
0.8956379
0.8866664
0.9349646
0.997598
0.9623
0.9638
0.9653
0.9667
0.9682
0.97
0.971
0.973
0.974
0.976
0.977
0.978
0.98
0.981
0.983
0.984
0.986
0.987
0.989
0.99
0.991
0.993
0.994
0.996
0.997
0.998
1
1.001
1.003
1.004
1.005
1.007
1.008
1.009
1.011
1.012
1.013
1.015
1.016
1.017
1.019
1.02
1.021
1.023
1.024
1.025
1.027
1.028
1.029
1.03
1.032
1.033
1.034
1.035
1.037
1.038
1.039
1.04
1.042
1.043
1.044
1.045
1.046
1.048
1.049
1.05
1.051
1.052
1.053
1.055
1.056
1.057
1.058
1.059
1.06
1.061
1.063
1.064
1.065
1.066
1.067
1.068
1.069
1.07
1.071
1.072
1.073
1.075
1.076
1.077
1.078
1.079
1.08
1.081
1.082
1.083
0.8956379
0.8866664
0.9349646
0.997598
0.9623
0.9637
0.9652
0.9666
0.9681
0.97
0.971
0.972
0.974
0.975
0.977
0.978
0.98
0.981
0.982
0.984
0.985
0.987
0.988
0.989
0.991
0.992
0.994
0.995
0.996
0.998
0.999
1
1.002
1.003
1.004
1.006
1.007
1.008
1.01
1.011
1.012
1.014
1.015
1.016
1.018
1.019
1.02
1.021
1.023
1.024
1.025
1.026
1.028
1.029
1.03
1.031
1.033
1.034
1.035
1.036
1.037
1.039
1.04
1.041
1.042
1.043
1.044
1.046
1.047
1.048
1.049
1.05
1.051
1.053
1.054
1.055
1.056
1.057
1.058
1.059
1.06
1.061
1.062
1.063
1.065
1.066
1.067
1.068
1.069
1.07
1.071
1.072
1.073
1.074
1.075
1.076
1.077
1.078
1.079
1.08
0.8956379
0.8866664
0.9349646
0.997598
0.9623
0.9637
0.9651
0.9665
0.9679
0.969
0.971
0.972
0.974
0.975
0.976
0.978
0.979
0.981
0.982
0.983
0.985
0.986
0.987
0.989
0.99
0.992
0.993
0.994
0.996
0.997
0.998
1
1.001
1.002
1.004
1.005
1.006
1.007
1.009
1.01
1.011
1.013
1.014
1.015
1.016
1.018
1.019
1.02
1.021
1.023
1.024
1.025
1.026
1.027
1.029
1.03
1.031
1.032
1.033
1.035
1.036
1.037
1.038
1.039
1.04
1.042
1.043
1.044
1.045
1.046
1.047
1.048
1.049
1.05
1.052
1.053
1.054
1.055
1.056
1.057
1.058
1.059
1.06
1.061
1.062
1.063
1.064
1.065
1.066
1.067
1.068
1.069
1.07
1.071
1.072
1.073
1.074
1.075
1.076
1.077
0.8956379
0.8866664
0.9349646
0.997597
0.9622
0.9636
0.965
0.9664
0.9678
0.969
0.971
0.972
0.973
0.975
0.976
0.977
0.979
0.98
0.982
0.983
0.984
0.986
0.987
0.988
0.99
0.991
0.992
0.994
0.995
0.996
0.998
0.999
1
1.001
1.003
1.004
1.005
1.007
1.008
1.009
1.01
1.012
1.013
1.014
1.015
1.016
1.018
1.019
1.02
1.021
1.023
1.024
1.025
1.026
1.027
1.028
1.03
1.031
1.032
1.033
1.034
1.035
1.036
1.038
1.039
1.04
1.041
1.042
1.043
1.044
1.045
1.046
1.047
1.049
1.05
1.051
1.052
1.053
1.054
1.055
1.056
1.057
1.058
1.059
1.06
1.061
1.062
1.063
1.064
1.065
1.066
1.067
1.068
1.069
1.07
1.071
1.072
1.073
1.074
1.075
0.8956379
0.8866664
0.9349646
0.997597
0.9622
0.9636
0.965
0.9663
0.9677
0.969
0.97
0.972
0.973
0.974
0.976
0.977
0.979
0.98
0.981
0.983
0.984
0.985
0.986
0.988
0.989
0.99
0.992
0.993
0.994
0.996
0.997
0.998
0.999
1.001
1.002
1.003
1.004
1.006
1.007
1.008
1.009
1.011
1.012
1.013
1.014
1.015
1.017
1.018
1.019
1.02
1.021
1.022
1.024
1.025
1.026
1.027
1.028
1.029
1.03
1.032
1.033
1.034
1.035
1.036
1.037
1.038
1.039
1.04
1.041
1.042
1.043
1.045
1.046
1.047
1.048
1.049
1.05
1.051
1.052
1.053
1.054
1.055
1.056
1.057
1.058
1.059
1.06
1.061
1.062
1.063
1.064
1.065
1.066
1.067
1.067
1.068
1.069
1.07
1.071
1.072
0.8956379
0.8866664
0.9349646
0.997597
0.9622
0.9635
0.9649
0.9662
0.9676
0.969
0.97
0.972
0.973
0.974
0.976
0.977
0.978
0.98
0.981
0.982
0.983
0.985
0.986
0.987
0.989
0.99
0.991
0.992
0.994
0.995
0.996
0.997
0.999
1
1.001
1.002
1.004
1.005
1.006
1.007
1.008
1.01
1.011
1.012
1.013
1.014
1.015
1.017
1.018
1.019
1.02
1.021
1.022
1.023
1.025
1.026
1.027
1.028
1.029
1.03
1.031
1.032
1.033
1.034
1.035
1.037
1.038
1.039
1.04
1.041
1.042
1.043
1.044
1.045
1.046
1.047
1.048
1.049
1.05
1.051
1.052
1.053
1.054
1.055
1.056
1.057
1.058
1.059
1.06
1.06
1.061
1.062
1.063
1.064
1.065
1.066
1.067
1.068
1.069
1.07
0.8956379
0.8866664
0.9349646
0.997597
0.9622
0.9635
0.9648
0.9661
0.9675
0.969
0.97
0.971
0.973
0.974
0.975
0.977
0.978
0.979
0.98
0.982
0.983
0.984
0.986
0.987
0.988
0.989
0.991
0.992
0.993
0.994
0.995
0.997
0.998
0.999
1
1.002
1.003
1.004
1.005
1.006
1.007
1.009
1.01
1.011
1.012
1.013
1.014
1.015
1.017
1.018
1.019
1.02
1.021
1.022
1.023
1.024
1.025
1.027
1.028
1.029
1.03
1.031
1.032
1.033
1.034
1.035
1.036
1.037
1.038
1.039
1.04
1.041
1.042
1.043
1.044
1.045
1.046
1.047
1.048
1.049
1.05
1.051
1.052
1.053
1.054
1.055
1.056
1.057
1.057
1.058
1.059
1.06
1.061
1.062
1.063
1.064
1.065
1.066
1.066
1.067
0.8956379
0.8866664
0.9349646
0.997597
0.9621
0.9635
0.9648
0.9661
0.9674
0.969
0.97
0.971
0.973
0.974
0.975
0.976
0.978
0.979
0.98
0.981
0.983
0.984
0.985
0.986
0.988
0.989
0.99
0.991
0.992
0.994
0.995
0.996
0.997
0.998
1
1.001
1.002
1.003
1.004
1.005
1.007
1.008
1.009
1.01
1.011
1.012
1.013
1.014
1.016
1.017
1.018
1.019
1.02
1.021
1.022
1.023
1.024
1.025
1.026
1.027
1.028
1.029
1.03
1.031
1.032
1.033
1.034
1.035
1.036
1.037
1.038
1.039
1.04
1.041
1.042
1.043
1.044
1.045
1.046
1.047
1.048
1.049
1.05
1.051
1.052
1.053
1.054
1.054
1.055
1.056
1.057
1.058
1.059
1.06
1.061
1.062
1.062
1.063
1.064
1.065
0.8956379
0.8866664
0.9349646
0.997597
0.9621
0.9634
0.9647
0.966
0.9672
0.969
0.97
0.971
0.972
0.974
0.975
0.976
0.977
0.979
0.98
0.981
0.982
0.983
0.985
0.986
0.987
0.988
0.989
0.991
0.992
0.993
0.994
0.995
0.997
0.998
0.999
1
1.001
1.002
1.003
1.005
1.006
1.007
1.008
1.009
1.01
1.011
1.012
1.013
1.014
1.016
1.017
1.018
1.019
1.02
1.021
1.022
1.023
1.024
1.025
1.026
1.027
1.028
1.029
1.03
1.031
1.032
1.033
1.034
1.035
1.036
1.037
1.038
1.039
1.04
1.041
1.042
1.043
1.043
1.044
1.045
1.046
1.047
1.048
1.049
1.05
1.051
1.052
1.053
1.053
1.054
1.055
1.056
1.057
1.058
1.059
1.059
1.06
1.061
1.062
1.063
0.8956379
0.8866664
0.9349646
0.997597
0.9621
0.9634
0.9646
0.9659
0.9671
0.968
0.97
0.971
0.972
0.973
0.975
0.976
0.977
0.978
0.979
0.981
0.982
0.983
0.984
0.985
0.987
0.988
0.989
0.99
0.991
0.992
0.994
0.995
0.996
0.997
0.998
0.999
1
1.002
1.003
1.004
1.005
1.006
1.007
1.008
1.009
1.01
1.011
1.012
1.013
1.014
1.016
1.017
1.018
1.019
1.02
1.021
1.022
1.023
1.024
1.025
1.026
1.027
1.028
1.029
1.03
1.031
1.032
1.032
1.033
1.034
1.035
1.036
1.037
1.038
1.039
1.04
1.041
1.042
1.043
1.044
1.045
1.045
1.046
1.047
1.048
1.049
1.05
1.051
1.052
1.052
1.053
1.054
1.055
1.056
1.057
1.057
1.058
1.059
1.06
1.061
0.8956379
0.8866664
0.9349646
0.997597
0.9621
0.9633
0.9646
0.9658
0.967
0.968
0.97
0.971
0.972
0.973
0.974
0.976
0.977
0.978
0.979
0.98
0.982
0.983
0.984
0.985
0.986
0.987
0.988
0.99
0.991
0.992
0.993
0.994
0.995
0.996
0.998
0.999
1
1.001
1.002
1.003
1.004
1.005
1.006
1.007
1.008
1.009
1.01
1.011
1.012
1.013
1.014
1.016
1.017
1.018
1.019
1.02
1.021
1.022
1.022
1.023
1.024
1.025
1.026
1.027
1.028
1.029
1.03
1.031
1.032
1.033
1.034
1.035
1.036
1.037
1.038
1.038
1.039
1.04
1.041
1.042
1.043
1.044
1.045
1.045
1.046
1.047
1.048
1.049
1.05
1.051
1.051
1.052
1.053
1.054
1.055
1.055
1.056
1.057
1.058
1.059
0.8956379
0.8866664
0.9349646
0.997597
0.9621
0.9633
0.9645
0.9657
0.9669
0.968
0.969
0.971
0.972
0.973
0.974
0.975
0.977
0.978
0.979
0.98
0.981
0.982
0.983
0.985
0.986
0.987
0.988
0.989
0.99
0.991
0.992
0.994
0.995
0.996
0.997
0.998
0.999
1
1.001
1.002
1.003
1.004
1.005
1.006
1.007
1.008
1.009
1.01
1.011
1.012
1.013
1.014
1.015
1.016
1.017
1.018
1.019
1.02
1.021
1.022
1.023
1.024
1.025
1.026
1.027
1.028
1.029
1.03
1.031
1.032
1.032
1.033
1.034
1.035
1.036
1.037
1.038
1.039
1.039
1.04
1.041
1.042
1.043
1.044
1.045
1.045
1.046
1.047
1.048
1.049
1.05
1.05
1.051
1.052
1.053
1.054
1.054
1.055
1.056
1.057
0.8956379
0.8866664
0.9349646
0.997597
0.962
0.9633
0.9645
0.9657
0.9669
0.968
0.969
0.97
0.972
0.973
0.974
0.975
0.976
0.977
0.979
0.98
0.981
0.982
0.983
0.984
0.985
0.986
0.988
0.989
0.99
0.991
0.992
0.993
0.994
0.995
0.996
0.997
0.998
0.999
1
1.001
1.002
1.004
1.005
1.006
1.007
1.008
1.009
1.01
1.011
1.012
1.013
1.013
1.014
1.015
1.016
1.017
1.018
1.019
1.02
1.021
1.022
1.023
1.024
1.025
1.026
1.027
1.028
1.028
1.029
1.03
1.031
1.032
1.033
1.034
1.035
1.035
1.036
1.037
1.038
1.039
1.04
1.04
1.041
1.042
1.043
1.044
1.045
1.045
1.046
1.047
1.048
1.049
1.049
1.05
1.051
1.052
1.052
1.053
1.054
1.055
0.8956379
0.8866664
0.9349646
0.997597
0.962
0.9632
0.9644
0.9656
0.9668
0.968
0.969
0.97
0.971
0.973
0.974
0.975
0.976
0.977
0.978
0.979
0.981
0.982
0.983
0.984
0.985
0.986
0.987
0.988
0.989
0.99
0.991
0.992
0.994
0.995
0.996
0.997
0.998
0.999
1
1.001
1.002
1.003
1.004
1.005
1.006
1.007
1.008
1.009
1.01
1.011
1.012
1.013
1.013
1.014
1.015
1.016
1.017
1.018
1.019
1.02
1.021
1.022
1.023
1.024
1.024
1.025
1.026
1.027
1.028
1.029
1.03
1.031
1.031
1.032
1.033
1.034
1.035
1.036
1.036
1.037
1.038
1.039
1.04
1.041
1.041
1.042
1.043
1.044
1.044
1.045
1.046
1.047
1.048
1.048
1.049
1.05
1.051
1.051
1.052
1.053
0.8956379
0.8866664
0.9349646
0.997597
0.962
0.9632
0.9644
0.9655
0.9667
0.968
0.969
0.97
0.971
0.972
0.974
0.975
0.976
0.977
0.978
0.979
0.98
0.981
0.982
0.983
0.985
0.986
0.987
0.988
0.989
0.99
0.991
0.992
0.993
0.994
0.995
0.996
0.997
0.998
0.999
1
1.001
1.002
1.003
1.004
1.005
1.006
1.007
1.008
1.009
1.01
1.011
1.012
1.013
1.013
1.014
1.015
1.016
1.017
1.018
1.019
1.02
1.021
1.022
1.022
1.023
1.024
1.025
1.026
1.027
1.028
1.028
1.029
1.03
1.031
1.032
1.033
1.033
1.034
1.035
1.036
1.037
1.037
1.038
1.039
1.04
1.041
1.041
1.042
1.043
1.044
1.044
1.045
1.046
1.047
1.047
1.048
1.049
1.05
1.05
1.051
0.8956379
0.8866664
0.9349646
0.997597
0.962
0.9631
0.9643
0.9654
0.9666
0.968
0.969
0.97
0.971
0.972
0.973
0.974
0.976
0.977
0.978
0.979
0.98
0.981
0.982
0.983
0.984
0.985
0.986
0.987
0.988
0.989
0.99
0.991
0.992
0.993
0.994
0.995
0.996
0.997
0.998
0.999
1
1.001
1.002
1.003
1.004
1.005
1.006
1.007
1.008
1.009
1.01
1.011
1.012
1.013
1.013
1.014
1.015
1.016
1.017
1.018
1.019
1.02
1.02
1.021
1.022
1.023
1.024
1.025
1.026
1.026
1.027
1.028
1.029
1.03
1.03
1.031
1.032
1.033
1.034
1.034
1.035
1.036
1.037
1.038
1.038
1.039
1.04
1.041
1.041
1.042
1.043
1.044
1.044
1.045
1.046
1.046
1.047
1.048
1.049
1.049
0.8956379
0.8866664
0.9349646
0.997597
0.962
0.9631
0.9642
0.9654
0.9665
0.968
0.969
0.97
0.971
0.972
0.973
0.974
0.975
0.976
0.977
0.979
0.98
0.981
0.982
0.983
0.984
0.985
0.986
0.987
0.988
0.989
0.99
0.991
0.992
0.993
0.994
0.995
0.996
0.997
0.998
0.999
1
1.001
1.002
1.003
1.003
1.004
1.005
1.006
1.007
1.008
1.009
1.01
1.011
1.012
1.012
1.013
1.014
1.015
1.016
1.017
1.018
1.019
1.019
1.02
1.021
1.022
1.023
1.024
1.024
1.025
1.026
1.027
1.028
1.028
1.029
1.03
1.031
1.031
1.032
1.033
1.034
1.035
1.035
1.036
1.037
1.038
1.038
1.039
1.04
1.04
1.041
1.042
1.043
1.043
1.044
1.045
1.045
1.046
1.047
1.048
0.8956379
0.8866664
0.9349646
0.997597
0.962
0.9631
0.9642
0.9653
0.9664
0.968
0.969
0.97
0.971
0.972
0.973
0.974
0.975
0.976
0.977
0.978
0.979
0.98
0.981
0.982
0.983
0.984
0.985
0.986
0.987
0.988
0.989
0.99
0.991
0.992
0.993
0.994
0.995
0.996
0.997
0.998
0.999
1
1.001
1.002
1.003
1.004
1.005
1.005
1.006
1.007
1.008
1.009
1.01
1.011
1.012
1.012
1.013
1.014
1.015
1.016
1.017
1.018
1.018
1.019
1.02
1.021
1.022
1.022
1.023
1.024
1.025
1.026
1.026
1.027
1.028
1.029
1.029
1.03
1.031
1.032
1.032
1.033
1.034
1.035
1.035
1.036
1.037
1.038
1.038
1.039
1.04
1.04
1.041
1.042
1.043
1.043
1.044
1.045
1.045
1.046
0.8956379
0.8866664
0.9349646
0.997596
0.9619
0.963
0.9642
0.9652
0.9663
0.967
0.969
0.97
0.971
0.972
0.973
0.974
0.975
0.976
0.977
0.978
0.979
0.98
0.981
0.982
0.983
0.984
0.985
0.986
0.987
0.988
0.989
0.99
0.991
0.992
0.993
0.994
0.995
0.996
0.997
0.997
0.998
0.999
1
1.001
1.002
1.003
1.004
1.005
1.006
1.006
1.007
1.008
1.009
1.01
1.011
1.012
1.012
1.013
1.014
1.015
1.016
1.017
1.017
1.018
1.019
1.02
1.021
1.021
1.022
1.023
1.024
1.024
1.025
1.026
1.027
1.027
1.028
1.029
1.03
1.03
1.031
1.032
1.033
1.033
1.034
1.035
1.035
1.036
1.037
1.038
1.038
1.039
1.04
1.04
1.041
1.042
1.042
1.043
1.044
1.044
0.8956379
0.8866664
0.9349646
0.997596
0.9619
0.963
0.9641
0.9652
0.9663
0.967
0.968
0.969
0.971
0.972
0.973
0.974
0.975
0.976
0.977
0.978
0.979
0.98
0.981
0.982
0.983
0.984
0.985
0.986
0.987
0.988
0.989
0.989
0.99
0.991
0.992
0.993
0.994
0.995
0.996
0.997
0.998
0.999
1
1
1.001
1.002
1.003
1.004
1.005
1.006
1.007
1.007
1.008
1.009
1.01
1.011
1.011
1.012
1.013
1.014
1.015
1.016
1.016
1.017
1.018
1.019
1.019
1.02
1.021
1.022
1.023
1.023
1.024
1.025
1.026
1.026
1.027
1.028
1.028
1.029
1.03
1.031
1.031
1.032
1.033
1.033
1.034
1.035
1.035
1.036
1.037
1.037
1.038
1.039
1.039
1.04
1.041
1.041
1.042
1.043
0.8956379
0.8866664
0.9349646
0.997596
0.9619
0.963
0.9641
0.9651
0.9662
0.967
0.968
0.969
0.97
0.971
0.972
0.973
0.974
0.975
0.976
0.977
0.978
0.979
0.98
0.981
0.982
0.983
0.984
0.985
0.986
0.987
0.988
0.989
0.99
0.991
0.992
0.993
0.994
0.995
0.995
0.996
0.997
0.998
0.999
1
1.001
1.002
1.002
1.003
1.004
1.005
1.006
1.007
1.007
1.008
1.009
1.01
1.011
1.011
1.012
1.013
1.014
1.015
1.015
1.016
1.017
1.018
1.018
1.019
1.02
1.021
1.021
1.022
1.023
1.024
1.024
1.025
1.026
1.027
1.027
1.028
1.029
1.029
1.03
1.031
1.031
1.032
1.033
1.033
1.034
1.035
1.035
1.036
1.037
1.037
1.038
1.039
1.039
1.04
1.041
1.041
0.8956379
0.8866664
0.9349646
0.997596
0.9619
0.963
0.964
0.9651
0.9661
0.967
0.968
0.969
0.97
0.971
0.972
0.973
0.974
0.975
0.976
0.977
0.978
0.979
0.98
0.981
0.982
0.983
0.984
0.985
0.986
0.987
0.988
0.989
0.99
0.99
0.991
0.992
0.993
0.994
0.995
0.996
0.997
0.997
0.998
0.999
1
1.001
1.002
1.003
1.003
1.004
1.005
1.006
1.007
1.007
1.008
1.009
1.01
1.011
1.011
1.012
1.013
1.014
1.014
1.015
1.016
1.017
1.017
1.018
1.019
1.02
1.02
1.021
1.022
1.023
1.023
1.024
1.025
1.025
1.026
1.027
1.027
1.028
1.029
1.029
1.03
1.031
1.031
1.032
1.033
1.033
1.034
1.035
1.035
1.036
1.037
1.037
1.038
1.039
1.039
1.04
0.8956379
0.8866664
0.9349646
0.997596
0.9619
0.9629
0.964
0.965
0.966
0.967
0.968
0.969
0.97
0.971
0.972
0.973
0.974
0.975
0.976
0.977
0.978
0.979
0.98
0.981
0.982
0.983
0.984
0.985
0.985
0.986
0.987
0.988
0.989
0.99
0.991
0.992
0.993
0.993
0.994
0.995
0.996
0.997
0.998
0.999
0.999
1
1.001
1.002
1.003
1.003
1.004
1.005
1.006
1.007
1.007
1.008
1.009
1.01
1.011
1.011
1.012
1.013
1.014
1.014
1.015
1.016
1.016
1.017
1.018
1.019
1.019
1.02
1.021
1.021
1.022
1.023
1.024
1.024
1.025
1.026
1.026
1.027
1.028
1.028
1.029
1.03
1.03
1.031
1.032
1.032
1.033
1.033
1.034
1.035
1.035
1.036
1.037
1.037
1.038
1.038
0.8956379
0.8866664
0.9349646
0.997596
0.9619
0.9629
0.9639
0.965
0.966
0.967
0.968
0.969
0.97
0.971
0.972
0.973
0.974
0.975
0.976
0.977
0.978
0.979
0.98
0.981
0.981
0.982
0.983
0.984
0.985
0.986
0.987
0.988
0.989
0.99
0.99
0.991
0.992
0.993
0.994
0.995
0.995
0.996
0.997
0.998
0.999
1
1
1.001
1.002
1.003
1.004
1.004
1.005
1.006
1.007
1.007
1.008
1.009
1.01
1.01
1.011
1.012
1.013
1.013
1.014
1.015
1.016
1.016
1.017
1.018
1.018
1.019
1.02
1.02
1.021
1.022
1.022
1.023
1.024
1.024
1.025
1.026
1.026
1.027
1.028
1.028
1.029
1.03
1.03
1.031
1.032
1.032
1.033
1.033
1.034
1.035
1.035
1.036
1.036
1.037
0.8956379
0.8866664
0.9349646
0.997596
0.9619
0.9629
0.9639
0.9649
0.9659
0.967
0.968
0.969
0.97
0.971
0.972
0.973
0.974
0.975
0.976
0.977
0.977
0.978
0.979
0.98
0.981
0.982
0.983
0.984
0.985
0.986
0.986
0.987
0.988
0.989
0.99
0.991
0.992
0.992
0.993
0.994
0.995
0.996
0.997
0.997
0.998
0.999
1
1.001
1.001
1.002
1.003
1.004
1.004
1.005
1.006
1.007
1.007
1.008
1.009
1.01
1.01
1.011
1.012
1.013
1.013
1.014
1.015
1.015
1.016
1.017
1.017
1.018
1.019
1.019
1.02
1.021
1.021
1.022
1.023
1.023
1.024
1.025
1.025
1.026
1.027
1.027
1.028
1.028
1.029
1.03
1.03
1.031
1.031
1.032
1.033
1.033
1.034
1.034
1.035
1.036
0.8956379
0.8866664
0.9349646
0.997596
0.9618
0.9628
0.9638
0.9648
0.9658
0.967
0.968
0.969
0.97
0.971
0.972
0.973
0.974
0.974
0.975
0.976
0.977
0.978
0.979
0.98
0.981
0.982
0.983
0.984
0.984
0.985
0.986
0.987
0.988
0.989
0.989
0.99
0.991
0.992
0.993
0.994
0.994
0.995
0.996
0.997
0.998
0.998
0.999
1
1.001
1.001
1.002
1.003
1.004
1.004
1.005
1.006
1.007
1.007
1.008
1.009
1.01
1.01
1.011
1.012
1.012
1.013
1.014
1.014
1.015
1.016
1.016
1.017
1.018
1.018
1.019
1.02
1.02
1.021
1.022
1.022
1.023
1.024
1.024
1.025
1.025
1.026
1.027
1.027
1.028
1.028
1.029
1.03
1.03
1.031
1.031
1.032
1.033
1.033
1.034
1.034
0.8956379
0.8866664
0.9349646
0.997596
0.9618
0.9628
0.9638
0.9648
0.9658
0.967
0.968
0.969
0.97
0.971
0.972
0.972
0.973
0.974
0.975
0.976
0.977
0.978
0.979
0.98
0.981
0.981
0.982
0.983
0.984
0.985
0.986
0.987
0.987
0.988
0.989
0.99
0.991
0.992
0.992
0.993
0.994
0.995
0.995
0.996
0.997
0.998
0.999
0.999
1
1.001
1.002
1.002
1.003
1.004
1.005
1.005
1.006
1.007
1.007
1.008
1.009
1.009
1.01
1.011
1.012
1.012
1.013
1.014
1.014
1.015
1.016
1.016
1.017
1.017
1.018
1.019
1.019
1.02
1.021
1.021
1.022
1.023
1.023
1.024
1.024
1.025
1.026
1.026
1.027
1.027
1.028
1.029
1.029
1.03
1.03
1.031
1.031
1.032
1.032
1.033
0.8956379
0.8866664
0.9349646
0.997596
0.9618
0.9628
0.9638
0.9647
0.9657
0.967
0.968
0.969
0.969
0.97
0.971
0.972
0.973
0.974
0.975
0.976
0.977
0.978
0.979
0.979
0.98
0.981
0.982
0.983
0.984
0.985
0.985
0.986
0.987
0.988
0.989
0.989
0.99
0.991
0.992
0.993
0.993
0.994
0.995
0.996
0.996
0.997
0.998
0.999
0.999
1
1.001
1.002
1.002
1.003
1.004
1.005
1.005
1.006
1.007
1.007
1.008
1.009
1.009
1.01
1.011
1.011
1.012
1.013
1.013
1.014
1.015
1.015
1.016
1.017
1.017
1.018
1.018
1.019
1.02
1.02
1.021
1.021
1.022
1.023
1.023
1.024
1.024
1.025
1.026
1.026
1.027
1.027
1.028
1.028
1.029
1.03
1.03
1.031
1.031
1.032
0.8956379
0.8866664
0.9349646
0.997596
0.9618
0.9628
0.9637
0.9647
0.9656
0.967
0.968
0.968
0.969
0.97
0.971
0.972
0.973
0.974
0.975
0.976
0.977
0.977
0.978
0.979
0.98
0.981
0.982
0.983
0.983
0.984
0.985
0.986
0.987
0.987
0.988
0.989
0.99
0.991
0.991
0.992
0.993
0.994
0.994
0.995
0.996
0.997
0.997
0.998
0.999
1
1
1.001
1.002
1.002
1.003
1.004
1.005
1.005
1.006
1.007
1.007
1.008
1.009
1.009
1.01
1.011
1.011
1.012
1.013
1.013
1.014
1.014
1.015
1.016
1.016
1.017
1.017
1.018
1.019
1.019
1.02
1.02
1.021
1.022
1.022
1.023
1.023
1.024
1.025
1.025
1.026
1.026
1.027
1.027
1.028
1.028
1.029
1.03
1.03
1.031
0.8956379
0.8866664
0.9349646
0.997596
0.9618
0.9627
0.9637
0.9646
0.9656
0.967
0.967
0.968
0.969
0.97
0.971
0.972
0.973
0.974
0.975
0.975
0.976
0.977
0.978
0.979
0.98
0.981
0.981
0.982
0.983
0.984
0.985
0.985
0.986
0.987
0.988
0.989
0.989
0.99
0.991
0.992
0.992
0.993
0.994
0.995
0.995
0.996
0.997
0.998
0.998
0.999
1
1
1.001
1.002
1.003
1.003
1.004
1.005
1.005
1.006
1.007
1.007
1.008
1.008
1.009
1.01
1.01
1.011
1.012
1.012
1.013
1.014
1.014
1.015
1.015
1.016
1.017
1.017
1.018
1.018
1.019
1.02
1.02
1.021
1.021
1.022
1.022
1.023
1.023
1.024
1.025
1.025
1.026
1.026
1.027
1.027
1.028
1.028
1.029
1.029
0.8956379
0.8866664
0.9349646
0.997596
0.9618
0.9627
0.9637
0.9646
0.9655
0.966
0.967
0.968
0.969
0.97
0.971
0.972
0.973
0.974
0.974
0.975
0.976
0.977
0.978
0.979
0.979
0.98
0.981
0.982
0.983
0.984
0.984
0.985
0.986
0.987
0.987
0.988
0.989
0.99
0.991
0.991
0.992
0.993
0.993
0.994
0.995
0.996
0.996
0.997
0.998
0.998
0.999
1
1.001
1.001
1.002
1.003
1.003
1.004
1.005
1.005
1.006
1.006
1.007
1.008
1.008
1.009
1.01
1.01
1.011
1.011
1.012
1.013
1.013
1.014
1.015
1.015
1.016
1.016
1.017
1.017
1.018
1.019
1.019
1.02
1.02
1.021
1.021
1.022
1.022
1.023
1.024
1.024
1.025
1.025
1.026
1.026
1.027
1.027
1.028
1.028
0.8956379
0.8866664
0.9349646
0.997596
0.9618
0.9627
0.9636
0.9645
0.9655
0.966
0.967
0.968
0.969
0.97
0.971
0.972
0.973
0.973
0.974
0.975
0.976
0.977
0.978
0.978
0.979
0.98
0.981
0.982
0.982
0.983
0.984
0.985
0.986
0.986
0.987
0.988
0.989
0.989
0.99
0.991
0.992
0.992
0.993
0.994
0.994
0.995
0.996
0.997
0.997
0.998
0.999
0.999
1
1.001
1.001
1.002
1.003
1.003
1.004
1.004
1.005
1.006
1.006
1.007
1.008
1.008
1.009
1.009
1.01
1.011
1.011
1.012
1.012
1.013
1.014
1.014
1.015
1.015
1.016
1.017
1.017
1.018
1.018
1.019
1.019
1.02
1.02
1.021
1.021
1.022
1.023
1.023
1.024
1.024
1.025
1.025
1.026
1.026
1.027
1.027
0.8956379
0.8866664
0.9349646
0.997596
0.9618
0.9627
0.9636
0.9645
0.9654
0.966
0.967
0.968
0.969
0.97
0.971
0.972
0.972
0.973
0.974
0.975
0.976
0.977
0.977
0.978
0.979
0.98
0.981
0.981
0.982
0.983
0.984
0.984
0.985
0.986
0.987
0.987
0.988
0.989
0.99
0.99
0.991
0.992
0.993
0.993
0.994
0.995
0.995
0.996
0.997
0.997
0.998
0.999
0.999
1
1.001
1.001
1.002
1.003
1.003
1.004
1.004
1.005
1.006
1.006
1.007
1.008
1.008
1.009
1.009
1.01
1.011
1.011
1.012
1.012
1.013
1.013
1.014
1.015
1.015
1.016
1.016
1.017
1.017
1.018
1.018
1.019
1.019
1.02
1.02
1.021
1.022
1.022
1.023
1.023
1.024
1.024
1.025
1.025
1.026
1.026
0.8956379
0.8866664
0.9349646
0.997596
0.9617
0.9627
0.9636
0.9645
0.9653
0.966
0.967
0.968
0.969
0.97
0.971
0.971
0.972
0.973
0.974
0.975
0.976
0.976
0.977
0.978
0.979
0.98
0.98
0.981
0.982
0.983
0.983
0.984
0.985
0.986
0.986
0.987
0.988
0.989
0.989
0.99
0.991
0.991
0.992
0.993
0.993
0.994
0.995
0.995
0.996
0.997
0.997
0.998
0.999
0.999
1
1.001
1.001
1.002
1.003
1.003
1.004
1.004
1.005
1.006
1.006
1.007
1.007
1.008
1.009
1.009
1.01
1.01
1.011
1.011
1.012
1.013
1.013
1.014
1.014
1.015
1.015
1.016
1.016
1.017
1.017
1.018
1.018
1.019
1.02
1.02
1.021
1.021
1.022
1.022
1.023
1.023
1.024
1.024
1.024
1.025
0.8956379
0.8866663
0.9349646
0.997596
0.9617
0.9626
0.9635
0.9644
0.9653
0.966
0.967
0.968
0.969
0.97
0.97
0.971
0.972
0.973
0.974
0.975
0.975
0.976
0.977
0.978
0.979
0.979
0.98
0.981
0.982
0.982
0.983
0.984
0.985
0.985
0.986
0.987
0.987
0.988
0.989
0.99
0.99
0.991
0.992
0.992
0.993
0.994
0.994
0.995
0.996
0.996
0.997
0.998
0.998
0.999
0.999
1
1.001
1.001
1.002
1.003
1.003
1.004
1.004
1.005
1.006
1.006
1.007
1.007
1.008
1.008
1.009
1.01
1.01
1.011
1.011
1.012
1.012
1.013
1.013
1.014
1.014
1.015
1.016
1.016
1.017
1.017
1.018
1.018
1.019
1.019
1.02
1.02
1.021
1.021
1.022
1.022
1.023
1.023
1.023
1.024
0.8956379
0.8866663
0.9349646
0.997596
0.9617
0.9626
0.9635
0.9644
0.9652
0.966
0.967
0.968
0.969
0.969
0.97
0.971
0.972
0.973
0.974
0.974
0.975
0.976
0.977
0.978
0.978
0.979
0.98
0.981
0.981
0.982
0.983
0.984
0.984
0.985
0.986
0.986
0.987
0.988
0.988
0.989
0.99
0.991
0.991
0.992
0.993
0.993
0.994
0.994
0.995
0.996
0.996
0.997
0.998
0.998
0.999
1
1
1.001
1.001
1.002
1.003
1.003
1.004
1.004
1.005
1.005
1.006
1.007
1.007
1.008
1.008
1.009
1.009
1.01
1.01
1.011
1.012
1.012
1.013
1.013
1.014
1.014
1.015
1.015
1.016
1.016
1.017
1.017
1.018
1.018
1.019
1.019
1.02
1.02
1.021
1.021
1.022
1.022
1.022
1.023
0.8956379
0.8866663
0.9349646
0.997596
0.9617
0.9626
0.9635
0.9643
0.9652
0.966
0.967
0.968
0.969
0.969
0.97
0.971
0.972
0.973
0.973
0.974
0.975
0.976
0.977
0.977
0.978
0.979
0.98
0.98
0.981
0.982
0.982
0.983
0.984
0.985
0.985
0.986
0.987
0.987
0.988
0.989
0.989
0.99
0.991
0.991
0.992
0.993
0.993
0.994
0.995
0.995
0.996
0.997
0.997
0.998
0.998
0.999
1
1
1.001
1.001
1.002
1.003
1.003
1.004
1.004
1.005
1.005
1.006
1.006
1.007
1.008
1.008
1.009
1.009
1.01
1.01
1.011
1.011
1.012
1.012
1.013
1.013
1.014
1.014
1.015
1.015
1.016
1.016
1.017
1.017
1.018
1.018
1.019
1.019
1.02
1.02
1.021
1.021
1.021
1.022
0.8956379
0.8866663
0.9349646
0.997596
0.9617
0.9626
0.9634
0.9643
0.9651
0.966
0.967
0.968
0.968
0.969
0.97
0.971
0.972
0.972
0.973
0.974
0.975
0.976
0.976
0.977
0.978
0.979
0.979
0.98
0.981
0.981
0.982
0.983
0.984
0.984
0.985
0.986
0.986
0.987
0.988
0.988
0.989
0.99
0.99
0.991
0.992
0.992
0.993
0.994
0.994
0.995
0.995
0.996
0.997
0.997
0.998
0.998
0.999
1
1
1.001
1.001
1.002
1.002
1.003
1.004
1.004
1.005
1.005
1.006
1.006
1.007
1.007
1.008
1.008
1.009
1.009
1.01
1.011
1.011
1.012
1.012
1.013
1.013
1.013
1.014
1.014
1.015
1.015
1.016
1.016
1.017
1.017
1.018
1.018
1.019
1.019
1.02
1.02
1.021
1.021
0.8956379
0.8866663
0.9349646
0.997596
0.9617
0.9625
0.9634
0.9642
0.9651
0.966
0.967
0.968
0.968
0.969
0.97
0.971
0.972
0.972
0.973
0.974
0.975
0.975
0.976
0.977
0.978
0.978
0.979
0.98
0.981
0.981
0.982
0.983
0.983
0.984
0.985
0.985
0.986
0.987
0.987
0.988
0.989
0.989
0.99
0.991
0.991
0.992
0.992
0.993
0.994
0.994
0.995
0.996
0.996
0.997
0.997
0.998
0.998
0.999
1
1
1.001
1.001
1.002
1.002
1.003
1.004
1.004
1.005
1.005
1.006
1.006
1.007
1.007
1.008
1.008
1.009
1.009
1.01
1.01
1.011
1.011
1.012
1.012
1.013
1.013
1.014
1.014
1.015
1.015
1.016
1.016
1.016
1.017
1.017
1.018
1.018
1.019
1.019
1.02
1.02
0.8956379
0.8866663
0.9349646
0.997596
0.9617
0.9625
0.9634
0.9642
0.965
0.966
0.967
0.967
0.968
0.969
0.97
0.971
0.971
0.972
0.973
0.974
0.974
0.975
0.976
0.977
0.977
0.978
0.979
0.98
0.98
0.981
0.982
0.982
0.983
0.984
0.984
0.985
0.986
0.986
0.987
0.988
0.988
0.989
0.99
0.99
0.991
0.991
0.992
0.993
0.993
0.994
0.994
0.995
0.996
0.996
0.997
0.997
0.998
0.999
0.999
1
1
1.001
1.001
1.002
1.002
1.003
1.003
1.004
1.004
1.005
1.006
1.006
1.007
1.007
1.008
1.008
1.009
1.009
1.01
1.01
1.01
1.011
1.011
1.012
1.012
1.013
1.013
1.014
1.014
1.015
1.015
1.016
1.016
1.016
1.017
1.017
1.018
1.018
1.019
1.019
0.8956379
0.8866663
0.9349646
0.997596
0.9617
0.9625
0.9633
0.9642
0.965
0.966
0.967
0.967
0.968
0.969
0.97
0.971
0.971
0.972
0.973
0.974
0.974
0.975
0.976
0.976
0.977
0.978
0.979
0.979
0.98
0.981
0.981
0.982
0.983
0.983
0.984
0.985
0.985
0.986
0.987
0.987
0.988
0.989
0.989
0.99
0.99
0.991
0.992
0.992
0.993
0.993
0.994
0.995
0.995
0.996
0.996
0.997
0.997
0.998
0.999
0.999
1
1
1.001
1.001
1.002
1.002
1.003
1.003
1.004
1.004
1.005
1.005
1.006
1.006
1.007
1.007
1.008
1.008
1.009
1.009
1.01
1.01
1.011
1.011
1.012
1.012
1.013
1.013
1.013
1.014
1.014
1.015
1.015
1.016
1.016
1.017
1.017
1.017
1.018
1.018
0.8956379
0.8866663
0.9349646
0.997596
0.9617
0.9625
0.9633
0.9641
0.9649
0.966
0.967
0.967
0.968
0.969
0.97
0.97
0.971
0.972
0.973
0.973
0.974
0.975
0.976
0.976
0.977
0.978
0.978
0.979
0.98
0.98
0.981
0.982
0.982
0.983
0.984
0.984
0.985
0.986
0.986
0.987
0.988
0.988
0.989
0.989
0.99
0.991
0.991
0.992
0.992
0.993
0.994
0.994
0.995
0.995
0.996
0.996
0.997
0.997
0.998
0.999
0.999
1
1
1.001
1.001
1.002
1.002
1.003
1.003
1.004
1.004
1.005
1.005
1.006
1.006
1.007
1.007
1.008
1.008
1.009
1.009
1.009
1.01
1.01
1.011
1.011
1.012
1.012
1.013
1.013
1.014
1.014
1.014
1.015
1.015
1.016
1.016
1.016
1.017
1.017
0.8956379
0.8866663
0.9349646
0.997596
0.9616
0.9625
0.9633
0.9641
0.9649
0.966
0.966
0.967
0.968
0.969
0.97
0.97
0.971
0.972
0.973
0.973
0.974
0.975
0.975
0.976
0.977
0.978
0.978
0.979
0.98
0.98
0.981
0.982
0.982
0.983
0.983
0.984
0.985
0.985
0.986
0.987
0.987
0.988
0.988
0.989
0.99
0.99
0.991
0.991
0.992
0.993
0.993
0.994
0.994
0.995
0.995
0.996
0.996
0.997
0.997
0.998
0.999
0.999
1
1
1.001
1.001
1.002
1.002
1.003
1.003
1.004
1.004
1.005
1.005
1.006
1.006
1.006
1.007
1.007
1.008
1.008
1.009
1.009
1.01
1.01
1.011
1.011
1.011
1.012
1.012
1.013
1.013
1.014
1.014
1.014
1.015
1.015
1.016
1.016
1.016
0.8956379
0.8866663
0.9349646
0.997596
0.9616
0.9625
0.9633
0.9641
0.9649
0.966
0.966
0.967
0.968
0.969
0.969
0.97
0.971
0.972
0.972
0.973
0.974
0.975
0.975
0.976
0.977
0.977
0.978
0.979
0.979
0.98
0.981
0.981
0.982
0.983
0.983
0.984
0.984
0.985
0.986
0.986
0.987
0.987
0.988
0.989
0.989
0.99
0.99
0.991
0.992
0.992
0.993
0.993
0.994
0.994
0.995
0.995
0.996
0.996
0.997
0.998
0.998
0.999
0.999
1
1
1.001
1.001
1.002
1.002
1.003
1.003
1.003
1.004
1.004
1.005
1.005
1.006
1.006
1.007
1.007
1.008
1.008
1.009
1.009
1.009
1.01
1.01
1.011
1.011
1.012
1.012
1.012
1.013
1.013
1.014
1.014
1.014
1.015
1.015
1.016
0.8956379
0.8866663
0.9349646
0.997595
0.9616
0.9624
0.9632
0.964
0.9648
0.966
0.966
0.967
0.968
0.969
0.969
0.97
0.971
0.972
0.972
0.973
0.974
0.974
0.975
0.976
0.976
0.977
0.978
0.978
0.979
0.98
0.98
0.981
0.982
0.982
0.983
0.984
0.984
0.985
0.985
0.986
0.987
0.987
0.988
0.988
0.989
0.989
0.99
0.991
0.991
0.992
0.992
0.993
0.993
0.994
0.994
0.995
0.995
0.996
0.996
0.997
0.998
0.998
0.999
0.999
1
1
1
1.001
1.001
1.002
1.002
1.003
1.003
1.004
1.004
1.005
1.005
1.006
1.006
1.007
1.007
1.007
1.008
1.008
1.009
1.009
1.01
1.01
1.01
1.011
1.011
1.012
1.012
1.012
1.013
1.013
1.014
1.014
1.014
1.015
0.8956379
0.8866663
0.9349646
0.997595
0.9616
0.9624
0.9632
0.964
0.9648
0.966
0.966
0.967
0.968
0.969
0.969
0.97
0.971
0.971
0.972
0.973
0.974
0.974
0.975
0.976
0.976
0.977
0.978
0.978
0.979
0.98
0.98
0.981
0.981
0.982
0.983
0.983
0.984
0.984
0.985
0.986
0.986
0.987
0.987
0.988
0.989
0.989
0.99
0.99
0.991
0.991
0.992
0.992
0.993
0.993
0.994
0.994
0.995
0.995
0.996
0.997
0.997
0.998
0.998
0.998
0.999
0.999
1
1
1.001
1.001
1.002
1.002
1.003
1.003
1.004
1.004
1.005
1.005
1.005
1.006
1.006
1.007
1.007
1.008
1.008
1.008
1.009
1.009
1.01
1.01
1.01
1.011
1.011
1.012
1.012
1.012
1.013
1.013
1.014
1.014
0.8956379
0.8866663
0.9349646
0.997595
0.9616
0.9624
0.9632
0.964
0.9647
0.965
0.966
0.967
0.968
0.968
0.969
0.97
0.971
0.971
0.972
0.973
0.973
0.974
0.975
0.975
0.976
0.977
0.977
0.978
0.979
0.979
0.98
0.981
0.981
0.982
0.982
0.983
0.984
0.984
0.985
0.985
0.986
0.986
0.987
0.988
0.988
0.989
0.989
0.99
0.99
0.991
0.991
0.992
0.992
0.993
0.994
0.994
0.995
0.995
0.996
0.996
0.997
0.997
0.997
0.998
0.998
0.999
0.999
1
1
1.001
1.001
1.002
1.002
1.003
1.003
1.003
1.004
1.004
1.005
1.005
1.006
1.006
1.006
1.007
1.007
1.008
1.008
1.009
1.009
1.009
1.01
1.01
1.011
1.011
1.011
1.012
1.012
1.012
1.013
1.013
0.8956379
0.8866663
0.9349646
0.997595
0.9616
0.9624
0.9632
0.9639
0.9647
0.965
0.966
0.967
0.968
0.968
0.969
0.97
0.97
0.971
0.972
0.973
0.973
0.974
0.975
0.975
0.976
0.977
0.977
0.978
0.978
0.979
0.98
0.98
0.981
0.982
0.982
0.983
0.983
0.984
0.984
0.985
0.986
0.986
0.987
0.987
0.988
0.988
0.989
0.989
0.99
0.991
0.991
0.992
0.992
0.993
0.993
0.994
0.994
0.995
0.995
0.996
0.996
0.997
0.997
0.997
0.998
0.998
0.999
0.999
1
1
1.001
1.001
1.002
1.002
1.002
1.003
1.003
1.004
1.004
1.005
1.005
1.005
1.006
1.006
1.007
1.007
1.007
1.008
1.008
1.009
1.009
1.009
1.01
1.01
1.011
1.011
1.011
1.012
1.012
1.012
