0.8956379
0.8866663
0.9349647
0.99763
1.011
1.06
1.109
1.158
1.207
1.257
1.306
1.355
1.4
1.45
1.5
1.55
1.6
1.65
1.69
1.74
1.79
1.84
1.88
1.93
1.98
2.02
2.07
2.12
2.16
2.21
2.25
2.3
2.34
2.39
2.43
2.47
2.52
2.56
2.6
2.65
2.69
2.73
2.77
2.82
2.86
2.9
2.94
2.98
3.02
3.06
3.1
3.14
3.18
3.22
3.26
3.3
3.34
3.38
3.42
3.45
3.49
3.53
3.57
3.61
3.64
3.68
3.72
3.75
3.79
3.83
3.86
3.9
3.93
3.97
4
4.04
4.07
4.11
4.14
4.18
4.21
4.25
4.28
4.31
4.35
4.38
4.41
4.45
4.48
4.51
4.55
4.58
4.61
4.64
4.67
4.71
4.74
4.77
4.8
4.83
0.8956379
0.8866663
0.9349647
0.99763
1.006
1.049
1.093
1.138
1.182
1.226
1.271
1.315
1.359
1.4
1.45
1.49
1.54
1.58
1.62
1.67
1.71
1.76
1.8
1.84
1.89
1.93
1.97
2.01
2.06
2.1
2.14
2.18
2.22
2.26
2.31
2.35
2.39
2.43
2.47
2.51
2.55
2.59
2.63
2.67
2.71
2.74
2.78
2.82
2.86
2.9
2.93
2.97
3.01
3.05
3.08
3.12
3.16
3.19
3.23
3.27
3.3
3.34
3.37
3.41
3.44
3.48
3.51
3.55
3.58
3.62
3.65
3.68
3.72
3.75
3.78
3.82
3.85
3.88
3.91
3.95
3.98
4.01
4.04
4.08
4.11
4.14
4.17
4.2
4.23
4.26
4.29
4.32
4.35
4.39
4.42
4.45
4.48
4.5
4.53
4.56
0.8956379
0.8866663
0.9349647
0.99762
1.001
1.041
1.081
1.121
1.161
1.201
1.241
1.282
1.322
1.36
1.4
1.44
1.48
1.53
1.57
1.61
1.65
1.69
1.73
1.77
1.81
1.85
1.89
1.92
1.96
2
2.04
2.08
2.12
2.16
2.2
2.23
2.27
2.31
2.35
2.39
2.42
2.46
2.5
2.53
2.57
2.61
2.64
2.68
2.71
2.75
2.78
2.82
2.86
2.89
2.92
2.96
2.99
3.03
3.06
3.1
3.13
3.16
3.2
3.23
3.26
3.29
3.33
3.36
3.39
3.42
3.46
3.49
3.52
3.55
3.58
3.61
3.65
3.68
3.71
3.74
3.77
3.8
3.83
3.86
3.89
3.92
3.95
3.98
4.01
4.04
4.06
4.09
4.12
4.15
4.18
4.21
4.24
4.26
4.29
4.32
0.8956379
0.8866663
0.9349647
0.99762
0.998
1.034
1.07
1.106
1.143
1.18
1.217
1.254
1.291
1.328
1.37
1.4
1.44
1.48
1.51
1.55
1.59
1.63
1.66
1.7
1.74
1.77
1.81
1.85
1.88
1.92
1.96
1.99
2.03
2.06
2.1
2.14
2.17
2.21
2.24
2.28
2.31
2.35
2.38
2.41
2.45
2.48
2.52
2.55
2.58
2.62
2.65
2.68
2.72
2.75
2.78
2.81
2.85
2.88
2.91
2.94
2.97
3.01
3.04
3.07
3.1
3.13
3.16
3.19
3.22
3.25
3.28
3.31
3.34
3.37
3.4
3.43
3.46
3.49
3.52
3.55
3.58
3.6
3.63
3.66
3.69
3.72
3.75
3.77
3.8
3.83
3.86
3.88
3.91
3.94
3.96
3.99
4.02
4.04
4.07
4.1
0.8956379
0.8866663
0.9349647
0.99762
0.995
1.028
1.061
1.094
1.128
1.162
1.196
1.23
1.264
1.298
1.333
1.37
1.4
1.44
1.47
1.5
1.54
1.57
1.61
1.64
1.68
1.71
1.74
1.78
1.81
1.85
1.88
1.91
1.95
1.98
2.01
2.05
2.08
2.11
2.15
2.18
2.21
2.24
2.28
2.31
2.34
2.37
2.4
2.44
2.47
2.5
2.53
2.56
2.59
2.62
2.65
2.68
2.71
2.74
2.77
2.8
2.83
2.86
2.89
2.92
2.95
2.98
3.01
3.04
3.07
3.1
3.12
3.15
3.18
3.21
3.24
3.26
3.29
3.32
3.35
3.37
3.4
3.43
3.46
3.48
3.51
3.54
3.56
3.59
3.61
3.64
3.67
3.69
3.72
3.74
3.77
3.79
3.82
3.84
3.87
3.89
0.8956379
0.8866664
0.9349648
0.99762
0.992
1.023
1.053
1.084
1.115
1.146
1.178
1.209
1.241
1.273
1.305
1.336
1.37
1.4
1.43
1.46
1.5
1.53
1.56
1.59
1.62
1.66
1.69
1.72
1.75
1.78
1.81
1.85
1.88
1.91
1.94
1.97
2
2.03
2.06
2.09
2.12
2.15
2.18
2.21
2.24
2.27
2.3
2.33
2.36
2.39
2.42
2.45
2.48
2.51
2.54
2.57
2.6
2.62
2.65
2.68
2.71
2.74
2.76
2.79
2.82
2.85
2.87
2.9
2.93
2.95
2.98
3.01
3.03
3.06
3.09
3.11
3.14
3.17
3.19
3.22
3.24
3.27
3.29
3.32
3.34
3.37
3.39
3.42
3.44
3.47
3.49
3.52
3.54
3.57
3.59
3.61
3.64
3.66
3.68
3.71
0.8956379
0.8866664
0.9349648
0.99761
0.99
1.018
1.047
1.075
1.104
1.133
1.162
1.192
1.221
1.25
1.28
1.31
1.339
1.37
1.4
1.43
1.46
1.49
1.52
1.55
1.58
1.61
1.64
1.67
1.7
1.72
1.75
1.78
1.81
1.84
1.87
1.9
1.93
1.96
1.99
2.02
2.04
2.07
2.1
2.13
2.16
2.19
2.21
2.24
2.27
2.3
2.32
2.35
2.38
2.41
2.43
2.46
2.49
2.51
2.54
2.57
2.59
2.62
2.65
2.67
2.7
2.72
2.75
2.78
2.8
2.83
2.85
2.88
2.9
2.93
2.95
2.98
3
3.03
3.05
3.07
3.1
3.12
3.15
3.17
3.19
3.22
3.24
3.27
3.29
3.31
3.34
3.36
3.38
3.4
3.43
3.45
3.47
3.49
3.52
3.54
0.8956379
0.8866664
0.9349648
0.99761
0.988
1.014
1.041
1.068
1.095
1.122
1.149
1.176
1.203
1.231
1.258
1.286
1.314
1.34
1.37
1.4
1.42
1.45
1.48
1.51
1.54
1.56
1.59
1.62
1.65
1.67
1.7
1.73
1.76
1.78
1.81
1.84
1.87
1.89
1.92
1.95
1.97
2
2.03
2.05
2.08
2.11
2.13
2.16
2.19
2.21
2.24
2.26
2.29
2.31
2.34
2.37
2.39
2.42
2.44
2.47
2.49
2.52
2.54
2.56
2.59
2.61
2.64
2.66
2.69
2.71
2.73
2.76
2.78
2.81
2.83
2.85
2.88
2.9
2.92
2.94
2.97
2.99
3.01
3.04
3.06
3.08
3.1
3.12
3.15
3.17
3.19
3.21
3.23
3.26
3.28
3.3
3.32
3.34
3.36
3.38
0.8956379
0.8866664
0.9349648
0.99761
0.986
1.011
1.036
1.061
1.086
1.111
1.137
1.162
1.188
1.214
1.239
1.265
1.291
1.317
1.34
1.37
1.39
1.42
1.45
1.47
1.5
1.52
1.55
1.58
1.6
1.63
1.65
1.68
1.71
1.73
1.76
1.78
1.81
1.83
1.86
1.88
1.91
1.93
1.96
1.99
2.01
2.03
2.06
2.08
2.11
2.13
2.16
2.18
2.21
2.23
2.25
2.28
2.3
2.33
2.35
2.37
2.4
2.42
2.44
2.47
2.49
2.51
2.54
2.56
2.58
2.6
2.63
2.65
2.67
2.69
2.72
2.74
2.76
2.78
2.8
2.83
2.85
2.87
2.89
2.91
2.93
2.95
2.98
3
3.02
3.04
3.06
3.08
3.1
3.12
3.14
3.16
3.18
3.2
3.22
3.24
0.8956379
0.8866664
0.9349648
0.99761
0.985
1.008
1.031
1.055
1.079
1.102
1.126
1.15
1.174
1.198
1.223
1.247
1.271
1.295
1.32
1.34
1.37
1.39
1.42
1.44
1.47
1.49
1.51
1.54
1.56
1.59
1.61
1.64
1.66
1.68
1.71
1.73
1.76
1.78
1.8
1.83
1.85
1.88
1.9
1.92
1.95
1.97
1.99
2.02
2.04
2.06
2.09
2.11
2.13
2.15
2.18
2.2
2.22
2.25
2.27
2.29
2.31
2.33
2.36
2.38
2.4
2.42
2.44
2.47
2.49
2.51
2.53
2.55
2.57
2.59
2.61
2.63
2.66
2.68
2.7
2.72
2.74
2.76
2.78
2.8
2.82
2.84
2.86
2.88
2.9
2.92
2.94
2.96
2.98
3
3.02
3.04
3.05
3.07
3.09
3.11
0.8956379
0.8866664
0.9349648
0.99761
0.983
1.005
1.027
1.05
1.072
1.094
1.117
1.139
1.162
1.185
1.208
1.23
1.253
1.276
1.299
1.322
1.34
1.37
1.39
1.41
1.44
1.46
1.48
1.51
1.53
1.55
1.57
1.6
1.62
1.64
1.67
1.69
1.71
1.73
1.76
1.78
1.8
1.82
1.85
1.87
1.89
1.91
1.93
1.96
1.98
2
2.02
2.04
2.06
2.09
2.11
2.13
2.15
2.17
2.19
2.21
2.23
2.26
2.28
2.3
2.32
2.34
2.36
2.38
2.4
2.42
2.44
2.46
2.48
2.5
2.52
2.54
2.56
2.58
2.6
2.62
2.64
2.66
2.68
2.7
2.71
2.73
2.75
2.77
2.79
2.81
2.83
2.85
2.86
2.88
2.9
2.92
2.94
2.96
2.97
2.99
0.8956379
0.8866664
0.9349648
0.99761
0.9822
1.003
1.024
1.045
1.066
1.087
1.108
1.13
1.151
1.173
1.194
1.216
1.237
1.259
1.28
1.302
1.32
1.35
1.37
1.39
1.41
1.43
1.45
1.48
1.5
1.52
1.54
1.56
1.58
1.6
1.63
1.65
1.67
1.69
1.71
1.73
1.75
1.77
1.8
1.82
1.84
1.86
1.88
1.9
1.92
1.94
1.96
1.98
2
2.02
2.04
2.06
2.08
2.1
2.12
2.14
2.16
2.18
2.2
2.22
2.24
2.26
2.28
2.3
2.32
2.34
2.36
2.38
2.4
2.42
2.43
2.45
2.47
2.49
2.51
2.53
2.55
2.56
2.58
2.6
2.62
2.64
2.66
2.67
2.69
2.71
2.73
2.74
2.76
2.78
2.8
2.81
2.83
2.85
2.87
2.88
0.8956379
0.8866664
0.9349648
0.99761
0.9811
1.001
1.021
1.041
1.061
1.081
1.101
1.121
1.141
1.162
1.182
1.202
1.223
1.243
1.264
1.284
1.304
1.32
1.35
1.37
1.39
1.41
1.43
1.45
1.47
1.49
1.51
1.53
1.55
1.57
1.59
1.61
1.63
1.65
1.67
1.69
1.71
1.73
1.75
1.77
1.79
1.81
1.83
1.85
1.87
1.89
1.91
1.93
1.95
1.97
1.99
2
2.02
2.04
2.06
2.08
2.1
2.12
2.14
2.16
2.17
2.19
2.21
2.23
2.25
2.27
2.28
2.3
2.32
2.34
2.36
2.37
2.39
2.41
2.43
2.44
2.46
2.48
2.5
2.51
2.53
2.55
2.57
2.58
2.6
2.62
2.63
2.65
2.67
2.68
2.7
2.72
2.73
2.75
2.76
2.78
0.8956379
0.8866664
0.9349648
0.99761
0.9802
0.999
1.018
1.037
1.056
1.075
1.094
1.113
1.132
1.152
1.171
1.19
1.21
1.229
1.248
1.268
1.287
1.307
1.33
1.35
1.36
1.38
1.4
1.42
1.44
1.46
1.48
1.5
1.52
1.54
1.56
1.58
1.6
1.62
1.63
1.65
1.67
1.69
1.71
1.73
1.75
1.77
1.79
1.8
1.82
1.84
1.86
1.88
1.9
1.91
1.93
1.95
1.97
1.99
2
2.02
2.04
2.06
2.08
2.09
2.11
2.13
2.15
2.16
2.18
2.2
2.22
2.23
2.25
2.27
2.28
2.3
2.32
2.33
2.35
2.37
2.38
2.4
2.42
2.43
2.45
2.47
2.48
2.5
2.51
2.53
2.55
2.56
2.58
2.59
2.61
2.63
2.64
2.66
2.67
2.69
0.8956379
0.8866664
0.9349648
0.99761
0.9793
0.997
1.015
1.033
1.051
1.07
1.088
1.106
1.124
1.143
1.161
1.179
1.198
1.216
1.234
1.253
1.271
1.29
1.308
1.33
1.35
1.36
1.38
1.4
1.42
1.44
1.46
1.47
1.49
1.51
1.53
1.55
1.56
1.58
1.6
1.62
1.64
1.65
1.67
1.69
1.71
1.73
1.74
1.76
1.78
1.8
1.81
1.83
1.85
1.87
1.88
1.9
1.92
1.94
1.95
1.97
1.99
2
2.02
2.04
2.05
2.07
2.09
2.1
2.12
2.14
2.15
2.17
2.19
2.2
2.22
2.23
2.25
2.27
2.28
2.3
2.31
2.33
2.34
2.36
2.38
2.39
2.41
2.42
2.44
2.45
2.47
2.48
2.5
2.51
2.53
2.54
2.56
2.57
2.59
2.6
0.8956379
0.8866664
0.9349648
0.99761
0.9785
0.996
1.013
1.03
1.047
1.065
1.082
1.099
1.117
1.134
1.152
1.169
1.187
1.204
1.222
1.239
1.257
1.274
1.292
1.31
1.33
1.34
1.36
1.38
1.4
1.41
1.43
1.45
1.47
1.48
1.5
1.52
1.54
1.55
1.57
1.59
1.6
1.62
1.64
1.66
1.67
1.69
1.71
1.72
1.74
1.76
1.77
1.79
1.81
1.82
1.84
1.86
1.87
1.89
1.9
1.92
1.94
1.95
1.97
1.98
2
2.02
2.03
2.05
2.06
2.08
2.09
2.11
2.13
2.14
2.16
2.17
2.19
2.2
2.22
2.23
2.25
2.26
2.28
2.29
2.31
2.32
2.34
2.35
2.37
2.38
2.39
2.41
2.42
2.44
2.45
2.47
2.48
2.49
2.51
2.52
0.8956379
0.8866664
0.9349648
0.99761
0.9777
0.994
1.011
1.027
1.044
1.06
1.077
1.093
1.11
1.127
1.143
1.16
1.177
1.194
1.21
1.227
1.244
1.26
1.277
1.294
1.31
1.33
1.34
1.36
1.38
1.39
1.41
1.43
1.44
1.46
1.48
1.49
1.51
1.53
1.54
1.56
1.57
1.59
1.61
1.62
1.64
1.66
1.67
1.69
1.7
1.72
1.73
1.75
1.77
1.78
1.8
1.81
1.83
1.84
1.86
1.88
1.89
1.91
1.92
1.94
1.95
1.97
1.98
2
2.01
2.03
2.04
2.06
2.07
2.09
2.1
2.11
2.13
2.14
2.16
2.17
2.19
2.2
2.22
2.23
2.24
2.26
2.27
2.29
2.3
2.31
2.33
2.34
2.35
2.37
2.38
2.39
2.41
2.42
2.43
2.45
0.8956379
0.8866664
0.9349648
0.99761
0.977
0.993
1.009
1.024
1.04
1.056
1.072
1.088
1.104
1.12
1.136
1.152
1.168
1.184
1.2
1.216
1.232
1.247
1.263
1.279
1.295
1.31
1.33
1.34
1.36
1.37
1.39
1.41
1.42
1.44
1.45
1.47
1.48
1.5
1.52
1.53
1.55
1.56
1.58
1.59
1.61
1.62
1.64
1.65
1.67
1.68
1.7
1.72
1.73
1.74
1.76
1.77
1.79
1.8
1.82
1.83
1.85
1.86
1.88
1.89
1.91
1.92
1.94
1.95
1.96
1.98
1.99
2.01
2.02
2.03
2.05
2.06
2.08
2.09
2.1
2.12
2.13
2.14
2.16
2.17
2.18
2.2
2.21
2.22
2.24
2.25
2.26
2.28
2.29
2.3
2.32
2.33
2.34
2.35
2.37
2.38
0.8956379
0.8866664
0.9349648
0.9976
0.9764
0.992
1.007
1.022
1.037
1.052
1.068
1.083
1.098
1.113
1.129
1.144
1.159
1.175
1.19
1.205
1.22
1.236
1.251
1.266
1.281
1.3
1.31
1.33
1.34
1.36
1.37
1.39
1.4
1.42
1.43
1.45
1.46
1.48
1.49
1.51
1.52
1.54
1.55
1.57
1.58
1.6
1.61
1.62
1.64
1.65
1.67
1.68
1.7
1.71
1.72
1.74
1.75
1.77
1.78
1.8
1.81
1.82
1.84
1.85
1.86
1.88
1.89
1.91
1.92
1.93
1.95
1.96
1.97
1.99
2
2.01
2.03
2.04
2.05
2.07
2.08
2.09
2.1
2.12
2.13
2.14
2.16
2.17
2.18
2.19
2.21
2.22
2.23
2.24
2.26
2.27
2.28
2.29
2.3
2.32
0.8956379
0.8866664
0.9349648
0.9976
0.9758
0.99
1.005
1.02
1.034
1.049
1.063
1.078
1.093
1.107
1.122
1.137
1.151
1.166
1.181
1.195
1.21
1.225
1.239
1.254
1.268
1.283
1.3
1.31
1.33
1.34
1.36
1.37
1.38
1.4
1.41
1.43
1.44
1.46
1.47
1.48
1.5
1.51
1.53
1.54
1.55
1.57
1.58
1.6
1.61
1.62
1.64
1.65
1.67
1.68
1.69
1.71
1.72
1.73
1.75
1.76
1.77
1.79
1.8
1.81
1.83
1.84
1.85
1.87
1.88
1.89
1.9
1.92
1.93
1.94
1.95
1.97
1.98
1.99
2.01
2.02
2.03
2.04
2.05
2.07
2.08
2.09
2.1
2.12
2.13
2.14
2.15
2.16
2.18
2.19
2.2
2.21
2.22
2.23
2.25
2.26
0.8956379
0.8866664
0.9349648
0.9976
0.9753
0.989
1.003
1.017
1.031
1.046
1.06
1.074
1.088
1.102
1.116
1.13
1.144
1.158
1.172
1.186
1.2
1.214
1.228
1.242
1.256
1.27
1.284
1.3
1.31
1.33
1.34
1.35
1.37
1.38
1.39
1.41
1.42
1.44
1.45
1.46
1.48
1.49
1.5
1.52
1.53
1.54
1.56
1.57
1.58
1.6
1.61
1.62
1.64
1.65
1.66
1.68
1.69
1.7
1.71
1.73
1.74
1.75
1.76
1.78
1.79
1.8
1.81
1.83
1.84
1.85
1.86
1.88
1.89
1.9
1.91
1.93
1.94
1.95
1.96
1.97
1.99
2
2.01
2.02
2.03
2.04
2.06
2.07
2.08
2.09
2.1
2.11
2.12
2.14
2.15
2.16
2.17
2.18
2.19
2.2
0.8956379
0.8866664
0.9349648
0.9976
0.9748
0.988
1.002
1.015
1.029
1.043
1.056
1.07
1.083
1.097
1.11
1.124
1.137
1.151
1.165
1.178
1.192
1.205
1.218
1.232
1.245
1.259
1.272
1.29
1.3
1.31
1.33
1.34
1.35
1.37
1.38
1.39
1.4
1.42
1.43
1.44
1.46
1.47
1.48
1.5
1.51
1.52
1.53
1.55
1.56
1.57
1.58
1.6
1.61
1.62
1.63
1.65
1.66
1.67
1.68
1.7
1.71
1.72
1.73
1.74
1.76
1.77
1.78
1.79
1.8
1.82
1.83
1.84
1.85
1.86
1.87
1.89
1.9
1.91
1.92
1.93
1.94
1.95
1.97
1.98
1.99
2
2.01
2.02
2.03
2.04
2.05
2.07
2.08
2.09
2.1
2.11
2.12
2.13
2.14
2.15
0.8956379
0.8866664
0.9349648
0.9976
0.9743
0.987
1
1.014
1.027
1.04
1.053
1.066
1.079
1.092
1.105
1.118
1.131
1.144
1.157
1.17
1.183
1.196
1.209
1.222
1.235
1.248
1.261
1.274
1.29
1.3
1.31
1.32
1.34
1.35
1.36
1.38
1.39
1.4
1.41
1.43
1.44
1.45
1.46
1.47
1.49
1.5
1.51
1.52
1.54
1.55
1.56
1.57
1.58
1.6
1.61
1.62
1.63
1.64
1.66
1.67
1.68
1.69
1.7
1.71
1.73
1.74
1.75
1.76
1.77
1.78
1.79
1.8
1.82
1.83
1.84
1.85
1.86
1.87
1.88
1.89
1.9
1.92
1.93
1.94
1.95
1.96
1.97
1.98
1.99
2
2.01
2.02
2.03
2.04
2.05
2.06
2.07
2.08
2.09
2.1
0.8956379
0.8866664
0.9349648
0.9976
0.9739
0.987
0.999
1.012
1.024
1.037
1.05
1.062
1.075
1.088
1.1
1.113
1.125
1.138
1.15
1.163
1.175
1.188
1.2
1.213
1.225
1.238
1.25
1.262
1.275
1.29
1.3
1.31
1.32
1.34
1.35
1.36
1.37
1.38
1.4
1.41
1.42
1.43
1.44
1.46
1.47
1.48
1.49
1.5
1.51
1.53
1.54
1.55
1.56
1.57
1.58
1.6
1.61
1.62
1.63
1.64
1.65
1.66
1.67
1.69
1.7
1.71
1.72
1.73
1.74
1.75
1.76
1.77
1.78
1.79
1.8
1.82
1.83
1.84
1.85
1.86
1.87
1.88
1.89
1.9
1.91
1.92
1.93
1.94
1.95
1.96
1.97
1.98
1.99
2
2.01
2.02
2.03
2.04
2.05
2.06
0.8956379
0.8866664
0.9349648
0.9976
0.9735
0.986
0.998
1.01
1.022
1.035
1.047
1.059
1.071
1.083
1.096
1.108
1.12
1.132
1.144
1.156
1.168
1.18
1.192
1.204
1.216
1.228
1.24
1.252
1.264
1.28
1.29
1.3
1.31
1.32
1.33
1.35
1.36
1.37
1.38
1.39
1.4
1.42
1.43
1.44
1.45
1.46
1.47
1.48
1.49
1.51
1.52
1.53
1.54
1.55
1.56
1.57
1.58
1.59
1.6
1.62
1.63
1.64
1.65
1.66
1.67
1.68
1.69
1.7
1.71
1.72
1.73
1.74
1.75
1.76
1.77
1.78
1.79
1.8
1.81
1.82
1.83
1.84
1.85
1.86
1.87
1.88
1.89
1.9
1.91
1.92
1.93
1.94
1.95
1.96
1.97
1.98
1.99
2
2.01
2.02
0.8956379
0.8866664
0.9349648
0.9976
0.9731
0.985
0.997
1.009
1.02
1.032
1.044
1.056
1.068
1.08
1.091
1.103
1.115
1.126
1.138
1.15
1.161
1.173
1.185
1.196
1.208
1.219
1.231
1.242
1.254
1.265
1.28
1.29
1.3
1.31
1.32
1.33
1.34
1.36
1.37
1.38
1.39
1.4
1.41
1.42
1.43
1.44
1.45
1.47
1.48
1.49
1.5
1.51
1.52
1.53
1.54
1.55
1.56
1.57
1.58
1.59
1.6
1.61
1.62
1.63
1.64
1.65
1.66
1.67
1.68
1.69
1.7
1.71
1.72
1.73
1.74
1.75
1.76
1.77
1.78
1.79
1.8
1.81
1.82
1.83
1.84
1.85
1.86
1.87
1.88
1.89
1.9
1.91
1.91
1.92
1.93
1.94
1.95
1.96
1.97
1.98
0.8956379
0.8866664
0.9349648
0.9976
0.9727
0.984
0.996
1.007
1.019
1.03
1.042
1.053
1.064
1.076
1.087
1.099
1.11
1.121
1.133
1.144
1.155
1.166
1.178
1.189
1.2
1.211
1.222
1.233
1.244
1.255
1.266
1.28
1.29
1.3
1.31
1.32
1.33
1.34
1.35
1.36
1.37
1.38
1.4
1.41
1.42
1.43
1.44
1.45
1.46
1.47
1.48
1.49
1.5
1.51
1.52
1.53
1.54
1.55
1.56
1.57
1.58
1.59
1.6
1.61
1.62
1.63
1.64
1.65
1.66
1.67
1.68
1.69
1.7
1.71
1.72
1.73
1.73
1.74
1.75
1.76
1.77
1.78
1.79
1.8
1.81
1.82
1.83
1.84
1.84
1.85
1.86
1.87
1.88
1.89
1.9
1.91
1.92
1.92
1.93
1.94
0.8956379
0.8866664
0.9349648
0.9976
0.9724
0.984
0.995
1.006
1.017
1.028
1.039
1.05
1.061
1.072
1.083
1.094
1.105
1.116
1.127
1.138
1.149
1.16
1.171
1.182
1.192
1.203
1.214
1.225
1.235
1.246
1.256
1.27
1.28
1.29
1.3
1.31
1.32
1.33
1.34
1.35
1.36
1.37
1.38
1.39
1.4
1.41
1.42
1.43
1.44
1.45
1.46
1.47
1.48
1.49
1.5
1.51
1.52
1.53
1.54
1.55
1.56
1.57
1.58
1.59
1.6
1.61
1.62
1.63
1.63
1.64
1.65
1.66
1.67
1.68
1.69
1.7
1.71
1.72
1.73
1.74
1.74
1.75
1.76
1.77
1.78
1.79
1.8
1.81
1.81
1.82
1.83
1.84
1.85
1.86
1.86
1.87
1.88
1.89
1.9
1.91
0.8956379
0.8866664
0.9349648
0.9976
0.972
0.983
0.994
1.005
1.015
1.026
1.037
1.048
1.058
1.069
1.08
1.091
1.101
1.112
1.122
1.133
1.143
1.154
1.164
1.175
1.185
1.196
1.206
1.216
1.227
1.237
1.247
1.258
1.27
1.28
1.29
1.3
1.31
1.32
1.33
1.34
1.35
1.36
1.37
1.38
1.39
1.4
1.41
1.42
1.43
1.44
1.45
1.46
1.46
1.47
1.48
1.49
1.5
1.51
1.52
1.53
1.54
1.55
1.56
1.57
1.58
1.59
1.59
1.6
1.61
1.62
1.63
1.64
1.65
1.66
1.67
1.67
1.68
1.69
1.7
1.71
1.72
1.73
1.73
1.74
1.75
1.76
1.77
1.78
1.78
1.79
1.8
1.81
1.82
1.83
1.83
1.84
1.85
1.86
1.87
1.87
0.8956379
0.8866664
0.9349648
0.9976
0.9717
0.982
0.993
1.003
1.014
1.024
1.035
1.045
1.056
1.066
1.076
1.087
1.097
1.107
1.118
1.128
1.138
1.148
1.159
1.169
1.179
1.189
1.199
1.209
1.219
1.229
1.239
1.249
1.258
1.27
1.28
1.29
1.3
1.31
1.32
1.33
1.34
1.35
1.36
1.36
1.37
1.38
1.39
1.4
1.41
1.42
1.43
1.44
1.45
1.46
1.47
1.48
1.49
1.49
1.5
1.51
1.52
1.53
1.54
1.55
1.56
1.57
1.57
1.58
1.59
1.6
1.61
1.62
1.63
1.63
1.64
1.65
1.66
1.67
1.68
1.68
1.69
1.7
1.71
1.72
1.73
1.73
1.74
1.75
1.76
1.77
1.77
1.78
1.79
1.8
1.8
1.81
1.82
1.83
1.84
1.84
0.8956379
0.8866664
0.9349648
0.9976
0.9714
0.982
0.992
1.002
1.012
1.023
1.033
1.043
1.053
1.063
1.073
1.083
1.093
1.103
1.113
1.123
1.133
1.143
1.153
1.163
1.172
1.182
1.192
1.202
1.211
1.221
1.231
1.24
1.25
1.26
1.27
1.28
1.29
1.3
1.31
1.32
1.32
1.33
1.34
1.35
1.36
1.37
1.38
1.39
1.4
1.41
1.42
1.42
1.43
1.44
1.45
1.46
1.47
1.48
1.49
1.5
1.5
1.51
1.52
1.53
1.54
1.55
1.55
1.56
1.57
1.58
1.59
1.6
1.6
1.61
1.62
1.63
1.64
1.65
1.65
1.66
1.67
1.68
1.68
1.69
1.7
1.71
1.72
1.72
1.73
1.74
1.75
1.75
1.76
1.77
1.78
1.78
1.79
1.8
1.81
1.81
0.8956379
0.8866664
0.9349648
0.9976
0.9712
0.981
0.991
1.001
1.011
1.021
1.031
1.041
1.051
1.06
1.07
1.08
1.09
1.099
1.109
1.119
1.128
1.138
1.148
1.157
1.167
1.176
1.185
1.195
1.204
1.214
1.223
1.232
1.241
1.251
1.26
1.27
1.28
1.29
1.3
1.31
1.31
1.32
1.33
1.34
1.35
1.36
1.37
1.38
1.39
1.39
1.4
1.41
1.42
1.43
1.44
1.45
1.45
1.46
1.47
1.48
1.49
1.5
1.5
1.51
1.52
1.53
1.54
1.54
1.55
1.56
1.57
1.58
1.58
1.59
1.6
1.61
1.62
1.62
1.63
1.64
1.65
1.65
1.66
1.67
1.68
1.68
1.69
1.7
1.71
1.71
1.72
1.73
1.74
1.74
1.75
1.76
1.77
1.77
1.78
1.79
0.8956379
0.8866664
0.9349648
0.9976
0.9709
0.981
0.99
1
1.01
1.019
1.029
1.039
1.048
1.058
1.067
1.077
1.086
1.096
1.105
1.114
1.124
1.133
1.142
1.152
1.161
1.17
1.179
1.188
1.198
1.207
1.216
1.225
1.234
1.243
1.251
1.26
1.27
1.28
1.29
1.3
1.3
1.31
1.32
1.33
1.34
1.35
1.36
1.36
1.37
1.38
1.39
1.4
1.41
1.41
1.42
1.43
1.44
1.45
1.46
1.46
1.47
1.48
1.49
1.5
1.5
1.51
1.52
1.53
1.53
1.54
1.55
1.56
1.57
1.57
1.58
1.59
1.6
1.6
1.61
1.62
1.63
1.63
1.64
1.65
1.66
1.66
1.67
1.68
1.68
1.69
1.7
1.71
1.71
1.72
1.73
1.73
1.74
1.75
1.75
1.76
0.8956379
0.8866664
0.9349648
0.9976
0.9707
0.98
0.99
0.999
1.009
1.018
1.027
1.037
1.046
1.055
1.065
1.074
1.083
1.092
1.101
1.11
1.12
1.129
1.138
1.147
1.156
1.165
1.173
1.182
1.191
1.2
1.209
1.217
1.226
1.235
1.243
1.25
1.26
1.27
1.28
1.29
1.29
1.3
1.31
1.32
1.33
1.34
1.34
1.35
1.36
1.37
1.38
1.39
1.39
1.4
1.41
1.42
1.43
1.43
1.44
1.45
1.46
1.46
1.47
1.48
1.49
1.5
1.5
1.51
1.52
1.53
1.53
1.54
1.55
1.56
1.56
1.57
1.58
1.58
1.59
1.6
1.61
1.61
1.62
1.63
1.63
1.64
1.65
1.66
1.66
1.67
1.68
1.68
1.69
1.7
1.7
1.71
1.72
1.72
1.73
1.74
0.8956379
0.8866664
0.9349648
0.9976
0.9704
0.98
0.989
0.998
1.007
1.017
1.026
1.035
1.044
1.053
1.062
1.071
1.08
1.089
1.098
1.107
1.115
1.124
1.133
1.142
1.151
1.159
1.168
1.177
1.185
1.194
1.202
1.211
1.219
1.228
1.236
1.244
1.25
1.26
1.27
1.28
1.29
1.29
1.3
1.31
1.32
1.33
1.33
1.34
1.35
1.36
1.37
1.37
1.38
1.39
1.4
1.4
1.41
1.42
1.43
1.44
1.44
1.45
1.46
1.47
1.47
1.48
1.49
1.49
1.5
1.51
1.52
1.52
1.53
1.54
1.55
1.55
1.56
1.57
1.57
1.58
1.59
1.59
1.6
1.61
1.61
1.62
1.63
1.64
1.64
1.65
1.66
1.66
1.67
1.68
1.68
1.69
1.69
1.7
1.71
1.71
0.8956379
0.8866664
0.9349648
0.9976
0.9702
0.979
0.988
0.997
1.006
1.015
1.024
1.033
1.042
1.051
1.059
1.068
1.077
1.086
1.094
1.103
1.112
1.12
1.129
1.137
1.146
1.154
1.163
1.171
1.179
1.188
1.196
1.204
1.212
1.221
1.229
1.237
1.24
1.25
1.26
1.27
1.28
1.28
1.29
1.3
1.31
1.32
1.32
1.33
1.34
1.35
1.35
1.36
1.37
1.38
1.39
1.39
1.4
1.41
1.41
1.42
1.43
1.44
1.44
1.45
1.46
1.47
1.47
1.48
1.49
1.49
1.5
1.51
1.51
1.52
1.53
1.54
1.54
1.55
1.56
1.56
1.57
1.58
1.58
1.59
1.6
1.6
1.61
1.62
1.62
1.63
1.64
1.64
1.65
1.65
1.66
1.67
1.67
1.68
1.69
1.69
0.8956379
0.8866664
0.9349648
0.9976
0.97
0.979
0.988
0.996
1.005
1.014
1.023
1.031
1.04
1.049
1.057
1.066
1.074
1.083
1.091
1.1
1.108
1.116
1.125
1.133
1.141
1.149
1.158
1.166
1.174
1.182
1.19
1.198
1.206
1.214
1.222
1.23
1.238
1.25
1.25
1.26
1.27
1.28
1.28
1.29
1.3
1.31
1.31
1.32
1.33
1.34
1.34
1.35
1.36
1.37
1.37
1.38
1.39
1.4
1.4
1.41
1.42
1.42
1.43
1.44
1.44
1.45
1.46
1.47
1.47
1.48
1.49
1.49
1.5
1.51
1.51
1.52
1.53
1.53
1.54
1.55
1.55
1.56
1.57
1.57
1.58
1.58
1.59
1.6
1.6
1.61
1.62
1.62
1.63
1.63
1.64
1.65
1.65
1.66
1.67
1.67
0.8956379
0.8866664
0.9349648
0.9976
0.9698
0.9784
0.987
0.996
1.004
1.013
1.021
1.03
1.038
1.047
1.055
1.063
1.072
1.08
1.088
1.096
1.104
1.113
1.121
1.129
1.137
1.145
1.153
1.161
1.169
1.177
1.184
1.192
1.2
1.208
1.215
1.223
1.231
1.238
1.25
1.25
1.26
1.27
1.28
1.28
1.29
1.3
1.31
1.31
1.32
1.33
1.33
1.34
1.35
1.36
1.36
1.37
1.38
1.38
1.39
1.4
1.4
1.41
1.42
1.43
1.43
1.44
1.45
1.45
1.46
1.47
1.47
1.48
1.49
1.49
1.5
1.5
1.51
1.52
1.52
1.53
1.54
1.54
1.55
1.56
1.56
1.57
1.57
1.58
1.59
1.59
1.6
1.6
1.61
1.62
1.62
1.63
1.63
1.64
1.65
1.65
0.8956379
0.8866664
0.9349648
0.9976
0.9696
0.978
0.986
0.995
1.003
1.012
1.02
1.028
1.036
1.045
1.053
1.061
1.069
1.077
1.085
1.093
1.101
1.109
1.117
1.125
1.133
1.14
1.148
1.156
1.164
1.171
1.179
1.187
1.194
1.202
1.209
1.217
1.224
1.232
1.24
1.25
1.25
1.26
1.27
1.28
1.28
1.29
1.3
1.3
1.31
1.32
1.33
1.33
1.34
1.35
1.35
1.36
1.37
1.37
1.38
1.39
1.39
1.4
1.41
1.41
1.42
1.43
1.43
1.44
1.45
1.45
1.46
1.47
1.47
1.48
1.48
1.49
1.5
1.5
1.51
1.52
1.52
1.53
1.53
1.54
1.55
1.55
1.56
1.56
1.57
1.58
1.58
1.59
1.59
1.6
1.6
1.61
1.62
1.62
1.63
1.63
0.8956379
0.8866664
0.9349648
0.9976
0.9694
0.9777
0.986
0.994
1.002
1.01
1.019
1.027
1.035
1.043
1.051
1.059
1.067
1.074
1.082
1.09
1.098
1.106
1.113
1.121
1.129
1.136
1.144
1.151
1.159
1.166
1.174
1.181
1.189
1.196
1.203
1.211
1.218
1.225
1.232
1.24
1.25
1.25
1.26
1.27
1.27
1.28
1.29
1.3
1.3
1.31
1.32
1.32
1.33
1.34
1.34
1.35
1.36
1.36
1.37
1.38
1.38
1.39
1.4
1.4
1.41
1.41
1.42
1.43
1.43
1.44
1.45
1.45
1.46
1.46
1.47
1.48
1.48
1.49
1.49
1.5
1.51
1.51
1.52
1.52
1.53
1.54
1.54
1.55
1.55
1.56
1.56
1.57
1.58
1.58
1.59
1.59
1.6
1.6
1.61
1.61
0.8956379
0.8866664
0.9349648
0.9976
0.9692
0.9773
0.985
0.993
1.001
1.009
1.017
1.025
1.033
1.041
1.049
1.056
1.064
1.072
1.08
1.087
1.095
1.102
1.11
1.117
1.125
1.132
1.14
1.147
1.154
1.162
1.169
1.176
1.183
1.191
1.198
1.205
1.212
1.219
1.226
1.23
1.24
1.25
1.25
1.26
1.27
1.27
1.28
1.29
1.29
1.3
1.31
1.31
1.32
1.33
1.33
1.34
1.35
1.35
1.36
1.37
1.37
1.38
1.38
1.39
1.4
1.4
1.41
1.42
1.42
1.43
1.43
1.44
1.45
1.45
1.46
1.46
1.47
1.48
1.48
1.49
1.49
1.5
1.5
1.51
1.52
1.52
1.53
1.53
1.54
1.54
1.55
1.55
1.56
1.57
1.57
1.58
1.58
1.59
1.59
1.6
0.8956379
0.8866664
0.9349648
0.9976
0.969
0.977
0.985
0.993
1.001
1.008
1.016
1.024
1.032
1.039
1.047
1.054
1.062
1.069
1.077
1.084
1.092
1.099
1.107
1.114
1.121
1.128
1.136
1.143
1.15
1.157
1.164
1.171
1.178
1.185
1.192
1.199
1.206
1.213
1.22
1.227
1.23
1.24
1.25
1.25
1.26
1.27
1.27
1.28
1.29
1.29
1.3
1.31
1.31
1.32
1.32
1.33
1.34
1.34
1.35
1.36
1.36
1.37
1.37
1.38
1.39
1.39
1.4
1.4
1.41
1.42
1.42
1.43
1.43
1.44
1.45
1.45
1.46
1.46
1.47
1.47
1.48
1.49
1.49
1.5
1.5
1.51
1.51
1.52
1.52
1.53
1.53
1.54
1.54
1.55
1.56
1.56
1.57
1.57
1.58
1.58
0.8956379
0.8866664
0.9349648
0.9976
0.9689
0.9766
0.984
0.992
1
1.007
1.015
1.023
1.03
1.038
1.045
1.052
1.06
1.067
1.074
1.082
1.089
1.096
1.103
1.111
1.118
1.125
1.132
1.139
1.146
1.153
1.16
1.167
1.173
1.18
1.187
1.194
1.201
1.207
1.214
1.221
1.23
1.23
1.24
1.25
1.25
1.26
1.27
1.27
1.28
1.29
1.29
1.3
1.3
1.31
1.32
1.32
1.33
1.33
1.34
1.35
1.35
1.36
1.36
1.37
1.38
1.38
1.39
1.39
1.4
1.41
1.41
1.42
1.42
1.43
1.43
1.44
1.44
1.45
1.46
1.46
1.47
1.47
1.48
1.48
1.49
1.49
1.5
1.5
1.51
1.51
1.52
1.53
1.53
1.54
1.54
1.55
1.55
1.56
1.56
1.57
0.8956379
0.8866664
0.9349648
0.9976
0.9687
0.9763
0.984
0.991
0.999
1.006
1.014
1.021
1.029
1.036
1.043
1.051
1.058
1.065
1.072
1.079
1.086
1.093
1.1
1.107
1.114
1.121
1.128
1.135
1.142
1.149
1.155
1.162
1.169
1.175
1.182
1.189
1.195
1.202
1.208
1.215
1.221
1.23
1.23
1.24
1.25
1.25
1.26
1.27
1.27
1.28
1.28
1.29
1.3
1.3
1.31
1.31
1.32
1.33
1.33
1.34
1.34
1.35
1.36
1.36
1.37
1.37
1.38
1.38
1.39
1.39
1.4
1.41
1.41
1.42
1.42
1.43
1.43
1.44
1.44
1.45
1.45
1.46
1.47
1.47
1.48
1.48
1.49
1.49
1.5
1.5
1.51
1.51
1.52
1.52
1.53
1.53
1.54
1.54
1.55
1.55
0.8956379
0.8866664
0.9349648
0.9976
0.9686
0.976
0.983
0.991
0.998
1.006
1.013
1.02
1.027
1.034
1.042
1.049
1.056
1.063
1.07
1.077
1.084
1.091
1.098
1.104
1.111
1.118
1.125
1.131
1.138
1.145
1.151
1.158
1.164
1.171
1.177
1.184
1.19
1.197
1.203
1.209
1.216
1.222
1.23
1.23
1.24
1.25
1.25
1.26
1.26
1.27
1.28
1.28
1.29
1.29
1.3
1.31
1.31
1.32
1.32
1.33
1.33
1.34
1.35
1.35
1.36
1.36
1.37
1.37
1.38
1.38
1.39
1.4
1.4
1.41
1.41
1.42
1.42
1.43
1.43
1.44
1.44
1.45
1.45
1.46
1.46
1.47
1.47
1.48
1.48
1.49
1.49
1.5
1.5
1.51
1.51
1.52
1.52
1.53
1.53
1.54
0.8956379
0.8866664
0.9349648
0.9976
0.9684
0.9757
0.983
0.99
0.997
1.005
1.012
1.019
1.026
1.033
1.04
1.047
1.054
1.061
1.068
1.074
1.081
1.088
1.095
1.101
1.108
1.115
1.121
1.128
1.134
1.141
1.147
1.154
1.16
1.166
1.173
1.179
1.185
1.192
1.198
1.204
1.21
1.216
1.22
1.23
1.23
1.24
1.25
1.25
1.26
1.26
1.27
1.28
1.28
1.29
1.29
1.3
1.3
1.31
1.32
1.32
1.33
1.33
1.34
1.34
1.35
1.35
1.36
1.36
1.37
1.38
1.38
1.39
1.39
1.4
1.4
1.41
1.41
1.42
1.42
1.43
1.43
1.44
1.44
1.45
1.45
1.46
1.46
1.47
1.47
1.48
1.48
1.49
1.49
1.5
1.5
1.5
1.51
1.51
1.52
1.52
0.8956379
0.8866664
0.9349648
0.9976
0.9683
0.9754
0.983
0.99
0.997
1.004
1.011
1.018
1.025
1.032
1.038
1.045
1.052
1.059
1.066
1.072
1.079
1.085
1.092
1.099
1.105
1.112
1.118
1.124
1.131
1.137
1.143
1.15
1.156
1.162
1.168
1.175
1.181
1.187
1.193
1.199
1.205
1.211
1.217
1.22
1.23
1.23
1.24
1.25
1.25
1.26
1.26
1.27
1.27
1.28
1.29
1.29
1.3
1.3
1.31
1.31
1.32
1.32
1.33
1.33
1.34
1.35
1.35
1.36
1.36
1.37
1.37
1.38
1.38
1.39
1.39
1.4
1.4
1.41
1.41
1.42
1.42
1.43
1.43
1.44
1.44
1.45
1.45
1.46
1.46
1.46
1.47
1.47
1.48
1.48
1.49
1.49
1.5
1.5
1.51
1.51
0.8956379
0.8866664
0.9349648
0.9976
0.9681
0.9752
0.982
0.989
0.996
1.003
1.01
1.017
1.023
1.03
1.037
1.044
1.05
1.057
1.064
1.07
1.077
1.083
1.089
1.096
1.102
1.109
1.115
1.121
1.127
1.134
1.14
1.146
1.152
1.158
1.164
1.17
1.176
1.182
1.188
1.194
1.2
1.206
1.211
1.22
1.22
1.23
1.23
1.24
1.25
1.25
1.26
1.26
1.27
1.27
1.28
1.28
1.29
1.29
1.3
1.31
1.31
1.32
1.32
1.33
1.33
1.34
1.34
1.35
1.35
1.36
1.36
1.37
1.37
1.38
1.38
1.39
1.39
1.4
1.4
1.41
1.41
1.42
1.42
1.43
1.43
1.43
1.44
1.44
1.45
1.45
1.46
1.46
1.47
1.47
1.48
1.48
1.48
1.49
1.49
1.5
0.8956379
0.8866664
0.9349648
0.9976
0.968
0.9749
0.982
0.989
0.995
1.002
1.009
1.016
1.022
1.029
1.036
1.042
1.049
1.055
1.062
1.068
1.074
1.081
1.087
1.093
1.1
1.106
1.112
1.118
1.124
1.13
1.136
1.142
1.148
1.154
1.16
1.166
1.172
1.178
1.184
1.189
1.195
1.201
1.206
1.212
1.22
1.22
1.23
1.23
1.24
1.25
1.25
1.26
1.26
1.27
1.27
1.28
1.28
1.29
1.29
1.3
1.3
1.31
1.31
1.32
1.32
1.33
1.33
1.34
1.34
1.35
1.35
1.36
1.36
1.37
1.37
1.38
1.38
1.39
1.39
1.4
1.4
1.41
1.41
1.42
1.42
1.42
1.43
1.43
1.44
1.44
1.45
1.45
1.46
1.46
1.46
1.47
1.47
1.48
1.48
1.49
0.8956379
0.8866664
0.9349648
0.9976
0.9679
0.9747
0.981
0.988
0.995
1.001
1.008
1.015
1.021
1.028
1.034
1.041
1.047
1.053
1.06
1.066
1.072
1.078
1.085
1.091
1.097
1.103
1.109
1.115
1.121
1.127
1.133
1.139
1.145
1.15
1.156
1.162
1.168
1.173
1.179
1.185
1.19
1.196
1.201
1.207
1.21
1.22
1.22
1.23
1.23
1.24
1.24
1.25
1.26
1.26
1.27
1.27
1.28
1.28
1.29
1.29
1.3
1.3
1.31
1.31
1.32
1.32
1.33
1.33
1.34
1.34
1.35
1.35
1.35
1.36
1.36
1.37
1.37
1.38
1.38
1.39
1.39
1.4
1.4
1.41
1.41
1.41
1.42
1.42
1.43
1.43
1.44
1.44
1.44
1.45
1.45
1.46
1.46
1.47
1.47
1.47
0.8956379
0.8866664
0.9349648
0.9976
0.9677
0.9744
0.981
0.988
0.994
1.001
1.007
1.014
1.02
1.026
1.033
1.039
1.045
1.052
1.058
1.064
1.07
1.076
1.082
1.088
1.094
1.1
1.106
1.112
1.118
1.124
1.13
1.135
1.141
1.147
1.153
1.158
1.164
1.169
1.175
1.18
1.186
1.191
1.197
1.202
1.208
1.21
1.22
1.22
1.23
1.23
1.24
1.24
1.25
1.25
1.26
1.26
1.27
1.27
1.28
1.28
1.29
1.29
1.3
1.3
1.31
1.31
1.32
1.32
1.33
1.33
1.34
1.34
1.35
1.35
1.36
1.36
1.36
1.37
1.37
1.38
1.38
1.39
1.39
1.4
1.4
1.4
1.41
1.41
1.42
1.42
1.43
1.43
1.43
1.44
1.44
1.45
1.45
1.46
1.46
1.46
0.8956379
0.8866664
0.9349648
0.9976
0.9676
0.9742
0.981
0.987
0.994
1
1.006
1.013
1.019
1.025
1.032
1.038
1.044
1.05
1.056
1.062
1.068
1.074
1.08
1.086
1.092
1.098
1.104
1.109
1.115
1.121
1.126
1.132
1.138
1.143
1.149
1.154
1.16
1.165
1.171
1.176
1.182
1.187
1.192
1.198
1.203
1.21
1.21
1.22
1.22
1.23
1.23
1.24
1.24
1.25
1.25
1.26
1.26
1.27
1.27
1.28
1.28
1.29
1.29
1.3
1.3
1.31
1.31
1.32
1.32
1.33
1.33
1.33
1.34
1.34
1.35
1.35
1.36
1.36
1.37
1.37
1.37
1.38
1.38
1.39
1.39
1.4
1.4
1.4
1.41
1.41
1.42
1.42
1.42
1.43
1.43
1.44
1.44
1.44
1.45
1.45
0.8956379
0.8866664
0.9349648
0.9976
0.9675
0.9739
0.98
0.987
0.993
0.999
1.006
1.012
1.018
1.024
1.03
1.036
1.042
1.048
1.054
1.06
1.066
1.072
1.078
1.084
1.09
1.095
1.101
1.107
1.112
1.118
1.123
1.129
1.134
1.14
1.145
1.151
1.156
1.162
1.167
1.172
1.177
1.183
1.188
1.193
1.198
1.203
1.21
1.21
1.22
1.22
1.23
1.23
1.24
1.24
1.25
1.25
1.26
1.26
1.27
1.27
1.28
1.28
1.29
1.29
1.3
1.3
1.3
1.31
1.31
1.32
1.32
1.33
1.33
1.34
1.34
1.34
1.35
1.35
1.36
1.36
1.37
1.37
1.37
1.38
1.38
1.39
1.39
1.39
1.4
1.4
1.41
1.41
1.42
1.42
1.42
1.43
1.43
1.43
1.44
1.44
0.8956379
0.8866664
0.9349648
0.9976
0.9674
0.9737
0.98
0.986
0.993
0.999
1.005
1.011
1.017
1.023
1.029
1.035
1.041
1.047
1.053
1.059
1.064
1.07
1.076
1.082
1.087
1.093
1.098
1.104
1.11
1.115
1.121
1.126
1.131
1.137
1.142
1.147
1.153
1.158
1.163
1.168
1.173
1.179
1.184
1.189
1.194
1.199
1.2
1.21
1.21
1.22
1.22
1.23
1.23
1.24
1.24
1.25
1.25
1.26
1.26
1.27
1.27
1.28
1.28
1.28
1.29
1.29
1.3
1.3
1.31
1.31
1.32
1.32
1.32
1.33
1.33
1.34
1.34
1.35
1.35
1.35
1.36
1.36
1.37
1.37
1.37
1.38
1.38
1.39
1.39
1.39
1.4
1.4
1.41
1.41
1.41
1.42
1.42
1.43
1.43
1.43
0.8956379
0.8866664
0.9349648
0.9976
0.9673
0.9735
0.98
0.986
0.992
0.998
1.004
1.01
1.016
1.022
1.028
1.034
1.04
1.045
1.051
1.057
1.063
1.068
1.074
1.079
1.085
1.091
1.096
1.101
1.107
1.112
1.118
1.123
1.128
1.134
1.139
1.144
1.149
1.154
1.159
1.164
1.17
1.175
1.18
1.185
1.189
1.194
1.199
1.2
1.21
1.21
1.22
1.22
1.23
1.23
1.24
1.24
1.25
1.25
1.26
1.26
1.26
1.27
1.27
1.28
1.28
1.29
1.29
1.3
1.3
1.3
1.31
1.31
1.32
1.32
1.33
1.33
1.33
1.34
1.34
1.35
1.35
1.35
1.36
1.36
1.37
1.37
1.37
1.38
1.38
1.39
1.39
1.39
1.4
1.4
1.4
1.41
1.41
1.42
1.42
1.42
0.8956379
0.8866664
0.9349648
0.9976
0.9672
0.9733
0.979
0.985
0.991
0.997
1.003
1.009
1.015
1.021
1.027
1.033
1.038
1.044
1.05
1.055
1.061
1.066
1.072
1.077
1.083
1.088
1.094
1.099
1.104
1.11
1.115
1.12
1.125
1.131
1.136
1.141
1.146
1.151
1.156
1.161
1.166
1.171
1.176
1.181
1.185
1.19
1.195
1.2
1.2
1.21
1.21
1.22
1.22
1.23
1.23
1.24
1.24
1.25
1.25
1.25
1.26
1.26
1.27
1.27
1.28
1.28
1.29
1.29
1.29
1.3
1.3
1.31
1.31
1.31
1.32
1.32
1.33
1.33
1.33
1.34
1.34
1.35
1.35
1.35
1.36
1.36
1.37
1.37
1.37
1.38
1.38
1.38
1.39
1.39
1.4
1.4
1.4
1.41
1.41
1.41
0.8956379
0.8866664
0.9349648
0.9976
0.9671
0.9731
0.979
0.985
0.991
0.997
1.003
1.009
1.014
1.02
1.026
1.031
1.037
1.043
1.048
1.054
1.059
1.065
1.07
1.075
1.081
1.086
1.091
1.097
1.102
1.107
1.112
1.117
1.123
1.128
1.133
1.138
1.143
1.148
1.152
1.157
1.162
1.167
1.172
1.177
1.181
1.186
1.191
1.195
1.2
1.2
1.21
1.21
1.22
1.22
1.23
1.23
1.24
1.24
1.24
1.25
1.25
1.26
1.26
1.27
1.27
1.27
1.28
1.28
1.29
1.29
1.3
1.3
1.3
1.31
1.31
1.32
1.32
1.32
1.33
1.33
1.34
1.34
1.34
1.35
1.35
1.35
1.36
1.36
1.37
1.37
1.37
1.38
1.38
1.38
1.39
1.39
1.39
1.4
1.4
1.41
0.8956379
0.8866664
0.9349648
0.9976
0.967
0.9729
0.979
0.985
0.991
0.996
1.002
1.008
1.013
1.019
1.025
1.03
1.036
1.041
1.047
1.052
1.058
1.063
1.068
1.074
1.079
1.084
1.089
1.094
1.1
1.105
1.11
1.115
1.12
1.125
1.13
1.135
1.139
1.144
1.149
1.154
1.159
1.163
1.168
1.173
1.178
1.182
1.187
1.191
1.2
1.2
1.2
1.21
1.21
1.22
1.22
1.23
1.23
1.24
1.24
1.24
1.25
1.25
1.26
1.26
1.27
1.27
1.27
1.28
1.28
1.29
1.29
1.29
1.3
1.3
1.31
1.31
1.31
1.32
1.32
1.32
1.33
1.33
1.34
1.34
1.34
1.35
1.35
1.35
1.36
1.36
1.37
1.37
1.37
1.38
1.38
1.38
1.39
1.39
1.39
1.4
0.8956379
0.8866664
0.9349648
0.9976
0.9669
0.9727
0.979
0.984
0.99
0.996
1.001
1.007
1.013
1.018
1.024
1.029
1.035
1.04
1.045
1.051
1.056
1.061
1.067
1.072
1.077
1.082
1.087
1.092
1.097
1.102
1.107
1.112
1.117
1.122
1.127
1.132
1.136
1.141
1.146
1.151
1.155
1.16
1.165
1.169
1.174
1.178
1.183
1.187
1.192
1.2
1.2
1.2
1.21
1.21
1.22
1.22
1.23
1.23
1.23
1.24
1.24
1.25
1.25
1.26
1.26
1.26
1.27
1.27
1.28
1.28
1.28
1.29
1.29
1.3
1.3
1.3
1.31
1.31
1.31
1.32
1.32
1.33
1.33
1.33
1.34
1.34
1.34
1.35
1.35
1.35
1.36
1.36
1.36
1.37
1.37
1.37
1.38
1.38
1.39
1.39
0.8956379
0.8866664
0.9349648
0.9976
0.9668
0.9726
0.978
0.984
0.99
0.995
1.001
1.006
1.012
1.017
1.023
1.028
1.033
1.039
1.044
1.049
1.055
1.06
1.065
1.07
1.075
1.08
1.085
1.09
1.095
1.1
1.105
1.11
1.115
1.119
1.124
1.129
1.134
1.138
1.143
1.148
1.152
1.157
1.161
1.166
1.17
1.175
1.179
1.183
1.188
1.19
1.2
1.2
1.21
1.21
1.21
1.22
1.22
1.23
1.23
1.23
1.24
1.24
1.25
1.25
1.25
1.26
1.26
1.27
1.27
1.27
1.28
1.28
1.29
1.29
1.29
1.3
1.3
1.3
1.31
1.31
1.32
1.32
1.32
1.33
1.33
1.33
1.34
1.34
1.34
1.35
1.35
1.35
1.36
1.36
1.36
1.37
1.37
1.37
1.38
1.38
0.8956379
0.8866664
0.9349648
0.9976
0.9667
0.9724
0.978
0.984
0.989
0.995
1
1.006
1.011
1.016
1.022
1.027
1.032
1.038
1.043
1.048
1.053
1.058
1.063
1.068
1.073
1.078
1.083
1.088
1.093
1.098
1.103
1.107
1.112
1.117
1.121
1.126
1.131
1.135
1.14
1.144
1.149
1.153
1.158
1.162
1.167
1.171
1.175
1.18
1.184
1.188
1.19
1.2
1.2
1.21
1.21
1.21
1.22
1.22
1.23
1.23
1.23
1.24
1.24
1.25
1.25
1.25
1.26
1.26
1.26
1.27
1.27
1.28
1.28
1.28
1.29
1.29
1.29
1.3
1.3
1.31
1.31
1.31
1.32
1.32
1.32
1.33
1.33
1.33
1.34
1.34
1.34
1.35
1.35
1.35
1.36
1.36
1.36
1.37
1.37
1.37
0.8956379
0.8866664
0.9349648
0.9976
0.9666
0.9722
0.978
0.983
0.989
0.994
1
1.005
1.01
1.016
1.021
1.026
1.031
1.036
1.041
1.047
1.052
1.057
1.062
1.067
1.071
1.076
1.081
1.086
1.091
1.096
1.1
1.105
1.11
1.114
1.119
1.123
1.128
1.132
1.137
1.141
1.146
1.15
1.155
1.159
1.163
1.168
1.172
1.176
1.18
1.185
1.19
1.19
1.2
1.2
1.21
1.21
1.21
1.22
1.22
1.23
1.23
1.23
1.24
1.24
1.24
1.25
1.25
1.26
1.26
1.26
1.27
1.27
1.27
1.28
1.28
1.29
1.29
1.29
1.3
1.3
1.3
1.31
1.31
1.31
1.32
1.32
1.32
1.33
1.33
1.33
1.34
1.34
1.34
1.35
1.35
1.35
1.36
1.36
1.36
1.37
0.8956379
0.8866664
0.9349648
0.9976
0.9665
0.972
0.978
0.983
0.988
0.994
0.999
1.004
1.01
1.015
1.02
1.025
1.03
1.035
1.04
1.045
1.05
1.055
1.06
1.065
1.07
1.075
1.079
1.084
1.089
1.093
1.098
1.103
1.107
1.112
1.116
1.121
1.125
1.13
1.134
1.139
1.143
1.147
1.152
1.156
1.16
1.164
1.168
1.173
1.177
1.181
1.185
1.19
1.19
1.2
1.2
1.21
1.21
1.21
1.22
1.22
1.22
1.23
1.23
1.24
1.24
1.24
1.25
1.25
1.25
1.26
1.26
1.27
1.27
1.27
1.28
1.28
1.28
1.29
1.29
1.29
1.3
1.3
1.3
1.31
1.31
1.31
1.32
1.32
1.32
1.33
1.33
1.33
1.34
1.34
1.34
1.35
1.35
1.35
1.36
1.36
0.8956379
0.8866664
0.9349648
0.9976
0.9664
0.9719
0.977
0.983
0.988
0.993
0.998
1.004
1.009
1.014
1.019
1.024
1.029
1.034
1.039
1.044
1.049
1.054
1.059
1.063
1.068
1.073
1.078
1.082
1.087
1.091
1.096
1.1
1.105
1.109
1.114
1.118
1.123
1.127
1.131
1.136
1.14
1.144
1.148
1.153
1.157
1.161
1.165
1.169
1.173
1.177
1.181
1.19
1.19
1.19
1.2
1.2
1.2
1.21
1.21
1.22
1.22
1.22
1.23
1.23
1.24
1.24
1.24
1.25
1.25
1.25
1.26
1.26
1.26
1.27
1.27
1.27
1.28
1.28
1.28
1.29
1.29
1.29
1.3
1.3
1.3
1.31
1.31
1.31
1.32
1.32
1.32
1.33
1.33
1.33
1.34
1.34
1.34
1.35
1.35
1.35
0.8956379
0.8866664
0.9349648
0.9976
0.9664
0.9717
0.977
0.982
0.988
0.993
0.998
1.003
1.008
1.013
1.018
1.023
1.028
1.033
1.038
1.043
1.048
1.052
1.057
1.062
1.066
1.071
1.076
1.08
1.085
1.089
1.094
1.098
1.103
1.107
1.112
1.116
1.12
1.125
1.129
1.133
1.137
1.141
1.146
1.15
1.154
1.158
1.162
1.166
1.17
1.174
1.178
1.182
1.19
1.19
1.19
1.2
1.2
1.2
1.21
1.21
1.22
1.22
1.22
1.23
1.23
1.23
1.24
1.24
1.24
1.25
1.25
1.26
1.26
1.26
1.27
1.27
1.27
1.28
1.28
1.28
1.29
1.29
1.29
1.3
1.3
1.3
1.3
1.31
1.31
1.31
1.32
1.32
1.32
1.33
1.33
1.33
1.34
1.34
1.34
1.34
0.8956379
0.8866664
0.9349648
0.9976
0.9663
0.9716
0.977
0.982
0.987
0.992
0.997
1.002
1.007
1.012
1.017
1.022
1.027
1.032
1.037
1.042
1.046
1.051
1.056
1.06
1.065
1.069
1.074
1.079
1.083
1.087
1.092
1.096
1.101
1.105
1.109
1.114
1.118
1.122
1.126
1.13
1.135
1.139
1.143
1.147
1.151
1.155
1.159
1.163
1.167
1.171
1.174
1.178
1.18
1.19
1.19
1.19
1.2
1.2
1.2
1.21
1.21
1.22
1.22
1.22
1.23
1.23
1.23
1.24
1.24
1.24
1.25
1.25
1.25
1.26
1.26
1.26
1.27
1.27
1.27
1.28
1.28
1.28
1.29
1.29
1.29
1.3
1.3
1.3
1.31
1.31
1.31
1.31
1.32
1.32
1.32
1.33
1.33
1.33
1.34
1.34
0.8956379
0.8866664
0.9349648
0.9976
0.9662
0.9714
0.977
0.982
0.987
0.992
0.997
1.002
1.007
1.012
1.017
1.021
1.026
1.031
1.036
1.04
1.045
1.05
1.054
1.059
1.063
1.068
1.072
1.077
1.081
1.086
1.09
1.094
1.099
1.103
1.107
1.111
1.115
1.12
1.124
1.128
1.132
1.136
1.14
1.144
1.148
1.152
1.156
1.16
1.163
1.167
1.171
1.175
1.179
1.18
1.19
1.19
1.19
1.2
1.2
1.2
1.21
1.21
1.21
1.22
1.22
1.23
1.23
1.23
1.24
1.24
1.24
1.25
1.25
1.25
1.26
1.26
1.26
1.27
1.27
1.27
1.28
1.28
1.28
1.28
1.29
1.29
1.29
1.3
1.3
1.3
1.31
1.31
1.31
1.31
1.32
1.32
1.32
1.33
1.33
1.33
0.8956379
0.8866664
0.9349648
0.9976
0.9661
0.9713
0.976
0.981
0.986
0.991
0.996
1.001
1.006
1.011
1.016
1.021
1.025
1.03
1.035
1.039
1.044
1.048
1.053
1.057
1.062
1.066
1.071
1.075
1.079
1.084
1.088
1.092
1.097
1.101
1.105
1.109
1.113
1.117
1.121
1.125
1.129
1.133
1.137
1.141
1.145
1.149
1.153
1.157
1.16
1.164
1.168
1.172
1.175
1.18
1.18
1.19
1.19
1.19
1.2
1.2
1.2
1.21
1.21
1.21
1.22
1.22
1.22
1.23
1.23
1.23
1.24
1.24
1.24
1.25
1.25
1.25
1.26
1.26
1.26
1.27
1.27
1.27
1.28
1.28
1.28
1.29
1.29
1.29
1.29
1.3
1.3
1.3
1.31
1.31
1.31
1.31
1.32
1.32
1.32
1.33
0.8956379
0.8866664
0.9349648
0.9976
0.9661
0.9711
0.976
0.981
0.986
0.991
0.996
1.001
1.006
1.01
1.015
1.02
1.024
1.029
1.034
1.038
1.043
1.047
1.052
1.056
1.06
1.065
1.069
1.074
1.078
1.082
1.086
1.09
1.095
1.099
1.103
1.107
1.111
1.115
1.119
1.123
1.127
1.131
1.135
1.138
1.142
1.146
1.15
1.154
1.157
1.161
1.165
1.168
1.172
1.176
1.18
1.18
1.19
1.19
1.19
1.2
1.2
1.2
1.21
1.21
1.21
1.22
1.22
1.22
1.23
1.23
1.23
1.24
1.24
1.24
1.25
1.25
1.25
1.26
1.26
1.26
1.27
1.27
1.27
1.27
1.28
1.28
1.28
1.29
1.29
1.29
1.29
1.3
1.3
1.3
1.31
1.31
1.31
1.31
1.32
1.32
0.8956379
0.8866664
0.9349648
0.9976
0.966
0.971
0.976
0.981
0.986
0.991
0.995
1
1.005
1.01
1.014
1.019
1.024
1.028
1.033
1.037
1.042
1.046
1.05
1.055
1.059
1.063
1.068
1.072
1.076
1.08
1.084
1.089
1.093
1.097
1.101
1.105
1.109
1.113
1.117
1.121
1.124
1.128
1.132
1.136
1.14
1.143
1.147
1.151
1.155
1.158
1.162
1.165
1.169
1.172
1.18
1.18
1.18
1.19
1.19
1.19
1.2
1.2
1.2
1.21
1.21
1.21
1.22
1.22
1.22
1.23
1.23
1.23
1.24
1.24
1.24
1.25
1.25
1.25
1.25
1.26
1.26
1.26
1.27
1.27
1.27
1.28
1.28
1.28
1.28
1.29
1.29
1.29
1.3
1.3
1.3
1.3
1.31
1.31
1.31
1.31
0.8956379
0.8866664
0.9349648
0.9976
0.9659
0.9709
0.976
0.981
0.985
0.99
0.995
1
1.004
1.009
1.014
1.018
1.023
1.027
1.032
1.036
1.04
1.045
1.049
1.053
1.058
1.062
1.066
1.07
1.075
1.079
1.083
1.087
1.091
1.095
1.099
1.103
1.107
1.111
1.114
1.118
1.122
1.126
1.13
1.133
1.137
1.141
1.144
1.148
1.152
1.155
1.159
1.162
1.166
1.169
1.17
1.18
1.18
1.18
1.19
1.19
1.19
1.2
1.2
1.2
1.21
1.21
1.21
1.22
1.22
1.22
1.23
1.23
1.23
1.23
1.24
1.24
1.24
1.25
1.25
1.25
1.26
1.26
1.26
1.26
1.27
1.27
1.27
1.28
1.28
1.28
1.28
1.29
1.29
1.29
1.3
1.3
1.3
1.3
1.31
1.31
0.8956379
0.8866664
0.9349648
0.9976
0.9659
0.9707
0.976
0.98
0.985
0.99
0.994
0.999
1.004
1.008
1.013
1.017
1.022
1.026
1.031
1.035
1.039
1.044
1.048
1.052
1.056
1.061
1.065
1.069
1.073
1.077
1.081
1.085
1.089
1.093
1.097
1.101
1.105
1.108
1.112
1.116
1.12
1.124
1.127
1.131
1.135
1.138
1.142
1.145
1.149
1.152
1.156
1.159
1.163
1.166
1.17
1.17
1.18
1.18
1.18
1.19
1.19
1.19
1.2
1.2
1.2
1.21
1.21
1.21
1.22
1.22
1.22
1.22
1.23
1.23
1.23
1.24
1.24
1.24
1.25
1.25
1.25
1.25
1.26
1.26
1.26
1.27
1.27
1.27
1.27
1.28
1.28
1.28
1.28
1.29
1.29
1.29
1.3
1.3
1.3
1.3
0.8956379
0.8866664
0.9349648
0.9976
0.9658
0.9706
0.975
0.98
0.985
0.989
0.994
0.999
1.003
1.008
1.012
1.017
1.021
1.025
1.03
1.034
1.038
1.043
1.047
1.051
1.055
1.059
1.063
1.067
1.071
1.075
1.079
1.083
1.087
1.091
1.095
1.099
1.103
1.106
1.11
1.114
1.118
1.121
1.125
1.129
1.132
1.136
1.139
1.143
1.146
1.15
1.153
1.157
1.16
1.163
1.167
1.17
1.17
1.18
1.18
1.18
1.19
1.19
1.19
1.2
1.2
1.2
1.21
1.21
1.21
1.21
1.22
1.22
1.22
1.23
1.23
1.23
1.24
1.24
1.24
1.24
1.25
1.25
1.25
1.26
1.26
1.26
1.26
1.27
1.27
1.27
1.27
1.28
1.28
1.28
1.29
1.29
1.29
1.29
1.3
1.3
0.8956379
0.8866664
0.9349648
0.9976
0.9657
0.9705
0.975
0.98
0.984
0.989
0.994
0.998
1.003
1.007
1.012
1.016
1.02
1.025
1.029
1.033
1.037
1.041
1.046
1.05
1.054
1.058
1.062
1.066
1.07
1.074
1.078
1.082
1.086
1.089
1.093
1.097
1.101
1.104
1.108
1.112
1.115
1.119
1.123
1.126
1.13
1.133
1.137
1.14
1.144
1.147
1.15
1.154
1.157
1.161
1.164
1.167
1.17
1.17
1.18
1.18
1.18
1.19
1.19
1.19
1.2
1.2
1.2
1.2
1.21
1.21
1.21
1.22
1.22
1.22
1.23
1.23
1.23
1.23
1.24
1.24
1.24
1.25
1.25
1.25
1.25
1.26
1.26
1.26
1.26
1.27
1.27
1.27
1.28
1.28
1.28
1.28
1.29
1.29
1.29
1.29
0.8956379
0.8866664
0.9349648
0.9976
0.9657
0.9704
0.975
0.98
0.984
0.989
0.993
0.998
1.002
1.007
1.011
1.015
1.019
1.024
1.028
1.032
1.036
1.04
1.045
1.049
1.053
1.057
1.061
1.065
1.068
1.072
1.076
1.08
1.084
1.088
1.091
1.095
1.099
1.102
1.106
1.11
1.113
1.117
1.12
1.124
1.127
1.131
1.134
1.138
1.141
1.144
1.148
1.151
1.154
1.158
1.161
1.164
1.17
1.17
1.17
1.18
1.18
1.18
1.19
1.19
1.19
1.2
1.2
1.2
1.2
1.21
1.21
1.21
1.22
1.22
1.22
1.22
1.23
1.23
1.23
1.24
1.24
1.24
1.24
1.25
1.25
1.25
1.25
1.26
1.26
1.26
1.27
1.27
1.27
1.27
1.28
1.28
1.28
1.28
1.29
1.29
0.8956379
0.8866664
0.9349648
0.9976
0.9656
0.9702
0.975
0.979
0.984
0.988
0.993
0.997
1.002
1.006
1.01
1.015
1.019
1.023
1.027
1.031
1.035
1.039
1.043
1.047
1.051
1.055
1.059
1.063
1.067
1.071
1.075
1.078
1.082
1.086
1.09
1.093
1.097
1.101
1.104
1.108
1.111
1.115
1.118
1.122
1.125
1.129
1.132
1.135
1.139
1.142
1.145
1.149
1.152
1.155
1.158
1.161
1.165
1.17
1.17
1.17
1.18
1.18
1.18
1.19
1.19
1.19
1.2
1.2
1.2
1.2
1.21
1.21
1.21
1.22
1.22
1.22
1.22
1.23
1.23
1.23
1.23
1.24
1.24
1.24
1.25
1.25
1.25
1.25
1.26
1.26
1.26
1.26
1.27
1.27
1.27
1.27
1.28
1.28
1.28
1.28
0.8956379
0.8866664
0.9349648
0.9976
0.9656
0.9701
0.975
0.979
0.984
0.988
0.992
0.997
1.001
1.005
1.01
1.014
1.018
1.022
1.026
1.03
1.034
1.038
1.042
1.046
1.05
1.054
1.058
1.062
1.066
1.069
1.073
1.077
1.081
1.084
1.088
1.092
1.095
1.099
1.102
1.106
1.109
1.113
1.116
1.12
1.123
1.126
1.13
1.133
1.136
1.14
1.143
1.146
1.149
1.152
1.156
1.159
1.162
1.16
1.17
1.17
1.17
1.18
1.18
1.18
1.19
1.19
1.19
1.19
1.2
1.2
1.2
1.21
1.21
1.21
1.21
1.22
1.22
1.22
1.23
1.23
1.23
1.23
1.24
1.24
1.24
1.24
1.25
1.25
1.25
1.25
1.26
1.26
1.26
1.26
1.27
1.27
1.27
1.27
1.28
1.28
0.8956379
0.8866664
0.9349648
0.9976
0.9655
0.97
0.974
0.979
0.983
0.988
0.992
0.996
1.001
1.005
1.009
1.013
1.017
1.021
1.025
1.029
1.033
1.037
1.041
1.045
1.049
1.053
1.057
1.061
1.064
1.068
1.072
1.075
1.079
1.083
1.086
1.09
1.093
1.097
1.1
1.104
1.107
1.111
1.114
1.117
1.121
1.124
1.127
1.131
1.134
1.137
1.14
1.143
1.147
1.15
1.153
1.156
1.159
1.16
1.17
1.17
1.17
1.17
1.18
1.18
1.18
1.19
1.19
1.19
1.19
1.2
1.2
1.2
1.21
1.21
1.21
1.21
1.22
1.22
1.22
1.22
1.23
1.23
1.23
1.23
1.24
1.24
1.24
1.24
1.25
1.25
1.25
1.25
1.26
1.26
1.26
1.26
1.27
1.27
1.27
1.27
0.8956379
0.8866664
0.9349648
0.9976
0.9654
0.9699
0.974
0.979
0.983
0.987
0.992
0.996
1
1.004
1.008
1.013
1.017
1.021
1.025
1.029
1.033
1.036
1.04
1.044
1.048
1.052
1.056
1.059
1.063
1.067
1.07
1.074
1.078
1.081
1.085
1.088
1.092
1.095
1.099
1.102
1.105
1.109
1.112
1.115
1.119
1.122
1.125
1.128
1.132
1.135
1.138
1.141
1.144
1.147
1.15
1.153
1.156
1.159
1.16
1.17
1.17
1.17
1.17
1.18
1.18
1.18
1.19
1.19
1.19
1.19
1.2
1.2
1.2
1.2
1.21
1.21
1.21
1.22
1.22
1.22
1.22
1.23
1.23
1.23
1.23
1.24
1.24
1.24
1.24
1.25
1.25
1.25
1.25
1.26
1.26
1.26
1.26
1.26
1.27
1.27
0.8956379
0.8866664
0.9349648
0.9976
0.9654
0.9698
0.9742
0.978
0.983
0.987
0.991
0.995
1
1.004
1.008
1.012
1.016
1.02
1.024
1.028
1.032
1.036
1.039
1.043
1.047
1.051
1.054
1.058
1.062
1.065
1.069
1.073
1.076
1.08
1.083
1.087
1.09
1.093
1.097
1.1
1.104
1.107
1.11
1.113
1.117
1.12
1.123
1.126
1.129
1.133
1.136
1.139
1.142
1.145
1.148
1.151
1.154
1.157
1.16
1.16
1.17
1.17
1.17
1.17
1.18
1.18
1.18
1.19
1.19
1.19
1.19
1.2
1.2
1.2
1.2
1.21
1.21
1.21
1.21
1.22
1.22
1.22
1.22
1.23
1.23
1.23
1.23
1.24
1.24
1.24
1.24
1.25
1.25
1.25
1.25
1.26
1.26
1.26
1.26
1.26
0.8956379
0.8866664
0.9349648
0.9976
0.9653
0.9697
0.974
0.978
0.983
0.987
0.991
0.995
0.999
1.003
1.007
1.011
1.015
1.019
1.023
1.027
1.031
1.035
1.038
1.042
1.046
1.05
1.053
1.057
1.061
1.064
1.068
1.071
1.075
1.078
1.082
1.085
1.088
1.092
1.095
1.098
1.102
1.105
1.108
1.111
1.115
1.118
1.121
1.124
1.127
1.13
1.133
1.136
1.139
1.142
1.145
1.148
1.151
1.154
1.157
1.16
1.16
1.17
1.17
1.17
1.17
1.18
1.18
1.18
1.18
1.19
1.19
1.19
1.2
1.2
1.2
1.2
1.21
1.21
1.21
1.21
1.22
1.22
1.22
1.22
1.23
1.23
1.23
1.23
1.24
1.24
1.24
1.24
1.24
1.25
1.25
1.25
1.25
1.26
1.26
1.26
0.8956379
0.8866664
0.9349648
0.9976
0.9653
0.9696
0.9739
0.978
0.982
0.986
0.991
0.995
0.999
1.003
1.007
1.011
1.015
1.019
1.022
1.026
1.03
1.034
1.037
1.041
1.045
1.049
1.052
1.056
1.059
1.063
1.066
1.07
1.073
1.077
1.08
1.083
1.087
1.09
1.093
1.097
1.1
1.103
1.106
1.11
1.113
1.116
1.119
1.122
1.125
1.128
1.131
1.134
1.137
1.14
1.143
1.146
1.149
1.152
1.155
1.16
1.16
1.16
1.17
1.17
1.17
1.17
1.18
1.18
1.18
1.18
1.19
1.19
1.19
1.2
1.2
1.2
1.2
1.21
1.21
1.21
1.21
1.22
1.22
1.22
1.22
1.22
1.23
1.23
1.23
1.23
1.24
1.24
1.24
1.24
1.25
1.25
1.25
1.25
1.25
1.26
0.8956379
0.8866664
0.9349648
0.9976
0.9652
0.9695
0.9737
0.978
0.982
0.986
0.99
0.994
0.998
1.002
1.006
1.01
1.014
1.018
1.022
1.025
1.029
1.033
1.037
1.04
1.044
1.047
1.051
1.055
1.058
1.062
1.065
1.068
1.072
1.075
1.079
1.082
1.085
1.089
1.092
1.095
1.098
1.101
1.105
1.108
1.111
1.114
1.117
1.12
1.123
1.126
1.129
1.132
1.135
1.138
1.141
1.144
1.146
1.149
1.152
1.155
1.16
1.16
1.16
1.17
1.17
1.17
1.17
1.18
1.18
1.18
1.18
1.19
1.19
1.19
1.19
1.2
1.2
1.2
1.2
1.21
1.21
1.21
1.21
1.22
1.22
1.22
1.22
1.23
1.23
1.23
1.23
1.23
1.24
1.24
1.24
1.24
1.25
1.25
1.25
1.25
0.8956379
0.8866664
0.9349648
0.9976
0.9652
0.9694
0.9736
0.978
0.982
0.986
0.99
0.994
0.998
1.002
1.006
1.01
1.013
1.017
1.021
1.025
1.028
1.032
1.036
1.039
1.043
1.046
1.05
1.053
1.057
1.06
1.064
1.067
1.071
1.074
1.077
1.08
1.084
1.087
1.09
1.093
1.097
1.1
1.103
1.106
1.109
1.112
1.115
1.118
1.121
1.124
1.127
1.13
1.133
1.136
1.138
1.141
1.144
1.147
1.15
1.152
1.16
1.16
1.16
1.16
1.17
1.17
1.17
1.17
1.18
1.18
1.18
1.18
1.19
1.19
1.19
1.19
1.2
1.2
1.2
1.2
1.21
1.21
1.21
1.21
1.22
1.22
1.22
1.22
1.22
1.23
1.23
1.23
1.23
1.24
1.24
1.24
1.24
1.24
1.25
1.25
0.8956379
0.8866664
0.9349648
0.9976
0.9651
0.9693
0.9734
0.978
0.982
0.986
0.99
0.994
0.997
1.001
1.005
1.009
1.013
1.017
1.02
1.024
1.028
1.031
1.035
1.038
1.042
1.045
1.049
1.052
1.056
1.059
1.063
1.066
1.069
1.073
1.076
1.079
1.082
1.085
1.089
1.092
1.095
1.098
1.101
1.104
1.107
1.11
1.113
1.116
1.119
1.122
1.125
1.128
1.131
1.133
1.136
1.139
1.142
1.145
1.147
1.15
1.15
1.16
1.16
1.16
1.16
1.17
1.17
1.17
1.17
1.18
1.18
1.18
1.18
1.19
1.19
1.19
1.19
1.2
1.2
1.2
1.2
1.21
1.21
1.21
1.21
1.21
1.22
1.22
1.22
1.22
1.23
1.23
1.23
1.23
1.23
1.24
1.24
1.24
1.24
1.24
0.8956379
0.8866664
0.9349648
0.9976
0.9651
0.9692
0.9733
0.977
0.981
0.985
0.989
0.993
0.997
1.001
1.005
1.008
1.012
1.016
1.02
1.023
1.027
1.03
1.034
1.037
1.041
1.044
1.048
1.051
1.055
1.058
1.061
1.065
1.068
1.071
1.074
1.078
1.081
1.084
1.087
1.09
1.093
1.096
1.099
1.102
1.105
1.108
1.111
1.114
1.117
1.12
1.123
1.126
1.128
1.131
1.134
1.137
1.14
1.142
1.145
1.148
1.15
1.15
1.16
1.16
1.16
1.16
1.17
1.17
1.17
1.17
1.18
1.18
1.18
1.18
1.19
1.19
1.19
1.19
1.2
1.2
1.2
1.2
1.2
1.21
1.21
1.21
1.21
1.22
1.22
1.22
1.22
1.22
1.23
1.23
1.23
1.23
1.23
1.24
1.24
1.24
0.8956379
0.8866664
0.9349648
0.9976
0.965
0.9691
0.9731
0.977
0.981
0.985
0.989
0.993
0.997
1
1.004
1.008
1.012
1.015
1.019
1.022
1.026
1.03
1.033
1.037
1.04
1.043
1.047
1.05
1.054
1.057
1.06
1.063
1.067
1.07
1.073
1.076
1.079
1.083
1.086
1.089
1.092
1.095
1.098
1.101
1.104
1.107
1.109
1.112
1.115
1.118
1.121
1.124
1.126
1.129
1.132
1.135
1.137
1.14
1.143
1.145
1.148
1.15
1.15
1.16
1.16
1.16
1.16
1.17
1.17
1.17
1.17
1.18
1.18
1.18
1.18
1.19
1.19
1.19
1.19
1.19
1.2
1.2
1.2
1.2
1.21
1.21
1.21
1.21
1.21
1.22
1.22
1.22
1.22
1.23
1.23
1.23
1.23
1.23
1.24
1.24
0.8956379
0.8866664
0.9349648
0.9976
0.965
0.969
0.973
0.977
0.981
0.985
0.989
0.992
0.996
1
1.004
1.007
1.011
1.015
1.018
1.022
1.025
1.029
1.032
1.036
1.039
1.043
1.046
1.049
1.053
1.056
1.059
1.062
1.065
1.069
1.072
1.075
1.078
1.081
1.084
1.087
1.09
1.093
1.096
1.099
1.102
1.105
1.108
1.111
1.113
1.116
1.119
1.122
1.124
1.127
1.13
1.133
1.135
1.138
1.14
1.143
1.146
1.15
1.15
1.15
1.16
1.16
1.16
1.16
1.17
1.17
1.17
1.17
1.18
1.18
1.18
1.18
1.18
1.19
1.19
1.19
1.19
1.2
1.2
1.2
1.2
1.2
1.21
1.21
1.21
1.21
1.22
1.22
1.22
1.22
1.22
1.23
1.23
1.23
1.23
1.23
0.8956379
0.8866664
0.9349648
0.9976
0.9649
0.9689
0.9729
0.977
0.981
0.985
0.988
0.992
0.996
1
1.003
1.007
1.01
1.014
1.018
1.021
1.025
1.028
1.032
1.035
1.038
1.042
1.045
1.048
1.052
1.055
1.058
1.061
1.064
1.067
1.071
1.074
1.077
1.08
1.083
1.086
1.089
1.092
1.095
1.097
1.1
1.103
1.106
1.109
1.112
1.114
1.117
1.12
1.123
1.125
1.128
1.131
1.133
1.136
1.138
1.141
1.143
1.146
1.15
1.15
1.15
1.16
1.16
1.16
1.16
1.17
1.17
1.17
1.17
1.18
1.18
1.18
1.18
1.18
1.19
1.19
1.19
1.19
1.2
1.2
1.2
1.2
1.2
1.21
1.21
1.21
1.21
1.21
1.22
1.22
1.22
1.22
1.22
1.23
1.23
1.23
0.8956379
0.8866664
0.9349648
0.9976
0.9649
0.9688
0.9727
0.977
0.98
0.984
0.988
0.992
0.995
0.999
1.003
1.006
1.01
1.013
1.017
1.02
1.024
1.027
1.031
1.034
1.037
1.041
1.044
1.047
1.05
1.054
1.057
1.06
1.063
1.066
1.069
1.072
1.075
1.078
1.081
1.084
1.087
1.09
1.093
1.096
1.099
1.102
1.104
1.107
1.11
1.113
1.115
1.118
1.121
1.123
1.126
1.129
1.131
1.134
1.136
1.139
1.141
1.144
1.15
1.15
1.15
1.15
1.16
1.16
1.16
1.16
1.17
1.17
1.17
1.17
1.17
1.18
1.18
1.18
1.18
1.19
1.19
1.19
1.19
1.19
1.2
1.2
1.2
1.2
1.21
1.21
1.21
1.21
1.21
1.22
1.22
1.22
1.22
1.22
1.23
1.23
0.8956379
0.8866664
0.9349648
0.9976
0.9649
0.9688
0.9726
0.976
0.98
0.984
0.988
0.991
0.995
0.999
1.002
1.006
1.009
1.013
1.016
1.02
1.023
1.027
1.03
1.033
1.037
1.04
1.043
1.046
1.049
1.053
1.056
1.059
1.062
1.065
1.068
1.071
1.074
1.077
1.08
1.083
1.086
1.089
1.091
1.094
1.097
1.1
1.103
1.105
1.108
1.111
1.113
1.116
1.119
1.121
1.124
1.127
1.129
1.132
1.134
1.137
1.139
1.142
1.144
1.15
1.15
1.15
1.15
1.16
1.16
1.16
1.16
1.17
1.17
1.17
1.17
1.17
1.18
1.18
1.18
1.18
1.19
1.19
1.19
1.19
1.19
1.2
1.2
1.2
1.2
1.2
1.21
1.21
1.21
1.21
1.21
1.22
1.22
1.22
1.22
1.22
0.8956379
0.8866664
0.9349648
0.9976
0.9648
0.9687
0.9725
0.976
0.98
0.984
0.987
0.991
0.995
0.998
1.002
1.005
1.009
1.012
1.016
1.019
1.023
1.026
1.029
1.033
1.036
1.039
1.042
1.045
1.049
1.052
1.055
1.058
1.061
1.064
1.067
1.07
1.073
1.076
1.079
1.082
1.084
1.087
1.09
1.093
1.096
1.098
1.101
1.104
1.106
1.109
1.112
1.114
1.117
1.12
1.122
1.125
1.127
1.13
1.132
1.135
1.137
1.14
1.142
1.14
1.15
1.15
1.15
1.15
1.16
1.16
1.16
1.16
1.17
1.17
1.17
1.17
1.17
1.18
1.18
1.18
1.18
1.18
1.19
1.19
1.19
1.19
1.2
1.2
1.2
1.2
1.2
1.21
1.21
1.21
1.21
1.21
1.21
1.22
1.22
1.22
0.8956379
0.8866664
0.9349648
0.9976
0.9648
0.9686
0.9724
0.976
0.98
0.984
0.987
0.991
0.994
0.998
1.001
1.005
1.008
1.012
1.015
1.019
1.022
1.025
1.028
1.032
1.035
1.038
1.041
1.044
1.048
1.051
1.054
1.057
1.06
1.063
1.066
1.069
1.072
1.074
1.077
1.08
1.083
1.086
1.089
1.091
1.094
1.097
1.099
1.102
1.105
1.107
1.11
1.113
1.115
1.118
1.12
1.123
1.125
1.128
1.13
1.133
1.135
1.137
1.14
1.14
1.14
1.15
1.15
1.15
1.15
1.16
1.16
1.16
1.16
1.16
1.17
1.17
1.17
1.17
1.18
1.18
1.18
1.18
1.18
1.19
1.19
1.19
1.19
1.19
1.2
1.2
1.2
1.2
1.2
1.21
1.21
1.21
1.21
1.21
1.22
1.22
0.8956379
0.8866664
0.9349648
0.9976
0.9647
0.9685
0.9723
0.976
0.98
0.983
0.987
0.99
0.994
0.998
1.001
1.004
1.008
1.011
1.015
1.018
1.021
1.025
1.028
1.031
1.034
1.037
1.04
1.044
1.047
1.05
1.053
1.056
1.059
1.062
1.065
1.067
1.07
1.073
1.076
1.079
1.082
1.084
1.087
1.09
1.093
1.095
1.098
1.101
1.103
1.106
1.108
1.111
1.113
1.116
1.118
1.121
1.123
1.126
1.128
1.131
1.133
1.135
1.138
1.14
1.14
1.14
1.15
1.15
1.15
1.15
1.16
1.16
1.16
1.16
1.16
1.17
1.17
1.17
1.17
1.18
1.18
1.18
1.18
1.18
1.19
1.19
1.19
1.19
1.19
1.2
1.2
1.2
1.2
1.2
1.2
1.21
1.21
1.21
1.21
1.21
0.8956379
0.8866664
0.9349648
0.9976
0.9647
0.9684
0.9721
0.976
0.979
0.983
0.987
0.99
0.994
0.997
1.001
1.004
1.007
1.011
1.014
1.017
1.021
1.024
1.027
1.03
1.033
1.037
1.04
1.043
1.046
1.049
1.052
1.055
1.058
1.061
1.063
1.066
1.069
1.072
1.075
1.078
1.08
1.083
1.086
1.088
1.091
1.094
1.096
1.099
1.102
1.104
1.107
1.109
1.112
1.114
1.117
1.119
1.122
1.124
1.126
1.129
1.131
1.133
1.136
1.138
1.14
1.14
1.14
1.15
1.15
1.15
1.15
1.16
1.16
1.16
1.16
1.16
1.17
1.17
1.17
1.17
1.17
1.18
1.18
1.18
1.18
1.18
1.19
1.19
1.19
1.19
1.19
1.2
1.2
1.2
1.2
1.2
1.21
1.21
1.21
1.21
0.8956379
0.8866664
0.9349648
0.9976
0.9647
0.9684
0.972
0.976
0.979
0.983
0.986
0.99
0.993
0.997
1
1.004
1.007
1.01
1.014
1.017
1.02
1.023
1.026
1.03
1.033
1.036
1.039
1.042
1.045
1.048
1.051
1.054
1.057
1.059
1.062
1.065
1.068
1.071
1.074
1.076
1.079
1.082
1.084
1.087
1.09
1.092
1.095
1.097
1.1
1.103
1.105
1.108
1.11
1.113
1.115
1.117
1.12
1.122
1.125
1.127
1.129
1.132
1.134
1.136
1.14
1.14
1.14
1.15
1.15
1.15
1.15
1.15
1.16
1.16
1.16
1.16
1.16
1.17
1.17
1.17
1.17
1.17
1.18
1.18
1.18
1.18
1.18
1.19
1.19
1.19
1.19
1.19
1.2
1.2
1.2
1.2
1.2
1.2
1.21
1.21
0.8956379
0.8866664
0.9349648
0.9976
0.9646
0.9683
0.9719
0.976
0.979
0.983
0.986
0.99
0.993
0.996
1
1.003
1.006
1.01
1.013
1.016
1.019
1.023
1.026
1.029
1.032
1.035
1.038
1.041
1.044
1.047
1.05
1.053
1.056
1.058
1.061
1.064
1.067
1.07
1.072
1.075
1.078
1.08
1.083
1.086
1.088
1.091
1.093
1.096
1.099
1.101
1.104
1.106
1.108
1.111
1.113
1.116
1.118
1.12
1.123
1.125
1.127
1.13
1.132
1.134
1.136
1.14
1.14
1.14
1.15
1.15
1.15
1.15
1.15
1.16
1.16
1.16
1.16
1.16
1.17
1.17
1.17
1.17
1.17
1.18
1.18
1.18
1.18
1.18
1.19
1.19
1.19
1.19
1.19
1.19
1.2
1.2
1.2
1.2
1.2
1.21
0.8956379
0.8866664
0.9349648
0.9976
0.9646
0.9682
0.9718
0.975
0.979
0.982
0.986
0.989
0.993
0.996
0.999
1.003
1.006
1.009
1.012
1.016
1.019
1.022
1.025
1.028
1.031
1.034
1.037
1.04
1.043
1.046
1.049
1.052
1.055
1.057
1.06
1.063
1.066
1.068
1.071
1.074
1.077
1.079
1.082
1.084
1.087
1.09
1.092
1.095
1.097
1.1
1.102
1.104
1.107
1.109
1.112
1.114
1.116
1.119
1.121
1.123
1.126
1.128
1.13
1.132
1.134
1.14
1.14
1.14
1.14
1.15
1.15
1.15
1.15
1.15
1.16
1.16
1.16
1.16
1.16
1.17
1.17
1.17
1.17
1.17
1.18
1.18
1.18
1.18
1.18
1.18
1.19
1.19
1.19
1.19
1.19
1.2
1.2
1.2
1.2
1.2
0.8956379
0.8866664
0.9349648
0.9976
0.9645
0.9681
0.9717
0.975
0.979
0.982
0.986
0.989
0.992
0.996
0.999
1.002
1.006
1.009
1.012
1.015
1.018
1.021
1.024
1.027
1.03
1.033
1.036
1.039
1.042
1.045
1.048
1.051
1.054
1.056
1.059
1.062
1.065
1.067
1.07
1.073
1.075
1.078
1.081
1.083
1.086
1.088
1.091
1.093
1.096
1.098
1.1
1.103
1.105
1.108
1.11
1.112
1.115
1.117
1.119
1.121
1.124
1.126
1.128
1.13
1.133
1.135
1.14
1.14
1.14
1.14
1.15
1.15
1.15
1.15
1.15
1.16
1.16
1.16
1.16
1.16
1.17
1.17
1.17
1.17
1.17
1.17
1.18
1.18
1.18
1.18
1.18
1.19
1.19
1.19
1.19
1.19
1.19
1.2
1.2
1.2
0.8956379
0.8866664
0.9349648
0.9976
0.9645
0.9681
0.9716
0.975
0.979
0.982
0.985
0.989
0.992
0.995
0.999
1.002
1.005
1.008
1.011
1.015
1.018
1.021
1.024
1.027
1.03
1.033
1.036
1.039
1.041
1.044
1.047
1.05
1.053
1.055
1.058
1.061
1.064
1.066
1.069
1.072
1.074
1.077
1.079
1.082
1.084
1.087
1.089
1.092
1.094
1.097
1.099
1.101
1.104
1.106
1.108
1.111
1.113
1.115
1.117
1.12
1.122
1.124
1.126
1.128
1.131
1.133
1.13
1.14
1.14
1.14
1.14
1.15
1.15
1.15
1.15
1.15
1.16
1.16
1.16
1.16
1.16
1.16
1.17
1.17
1.17
1.17
1.17
1.18
1.18
1.18
1.18
1.18
1.18
1.19
1.19
1.19
1.19
1.19
1.2
1.2
