0.8956376
0.886664
0.9166321
0.9827118
1.037
1.087
1.137
1.187
1.237
1.287
1.337
1.39
1.44
1.49
1.54
1.59
1.64
1.69
1.73
1.78
1.83
1.88
1.93
1.98
2.02
2.07
2.12
2.16
2.21
2.26
2.3
2.35
2.39
2.44
2.49
2.53
2.57
2.62
2.66
2.71
2.75
2.79
2.84
2.88
2.92
2.96
3.01
3.05
3.09
3.13
3.17
3.21
3.25
3.29
3.33
3.37
3.41
3.45
3.49
3.53
3.57
3.61
3.65
3.69
3.72
3.76
3.8
3.84
3.87
3.91
3.95
3.99
4.02
4.06
4.09
4.13
4.17
4.2
4.24
4.27
4.31
4.34
4.38
4.41
4.44
4.48
4.51
4.55
4.58
4.61
4.65
4.68
4.71
4.75
4.78
4.81
4.84
4.88
4.91
4.94
0.8956376
0.886664
0.9166321
0.9827118
1.033
1.077
1.122
1.167
1.213
1.258
1.303
1.349
1.39
1.44
1.48
1.53
1.58
1.62
1.67
1.71
1.75
1.8
1.84
1.89
1.93
1.98
2.02
2.06
2.11
2.15
2.19
2.23
2.28
2.32
2.36
2.4
2.44
2.49
2.53
2.57
2.61
2.65
2.69
2.73
2.77
2.81
2.85
2.89
2.93
2.97
3
3.04
3.08
3.12
3.16
3.19
3.23
3.27
3.31
3.34
3.38
3.42
3.45
3.49
3.52
3.56
3.59
3.63
3.66
3.7
3.73
3.77
3.8
3.84
3.87
3.9
3.94
3.97
4.01
4.04
4.07
4.1
4.14
4.17
4.2
4.23
4.27
4.3
4.33
4.36
4.39
4.42
4.45
4.49
4.52
4.55
4.58
4.61
4.64
4.67
0.8956376
0.886664
0.9166321
0.9827118
1.03
1.07
1.111
1.152
1.193
1.234
1.275
1.317
1.358
1.4
1.44
1.48
1.52
1.57
1.61
1.65
1.69
1.73
1.77
1.81
1.85
1.89
1.93
1.97
2.01
2.05
2.09
2.13
2.17
2.21
2.25
2.29
2.33
2.37
2.41
2.44
2.48
2.52
2.56
2.6
2.63
2.67
2.71
2.74
2.78
2.82
2.85
2.89
2.93
2.96
3
3.03
3.07
3.1
3.14
3.17
3.21
3.24
3.27
3.31
3.34
3.37
3.41
3.44
3.47
3.51
3.54
3.57
3.6
3.64
3.67
3.7
3.73
3.76
3.8
3.83
3.86
3.89
3.92
3.95
3.98
4.01
4.04
4.07
4.1
4.13
4.16
4.19
4.22
4.25
4.28
4.31
4.34
4.37
4.39
4.42
0.8956376
0.886664
0.9166321
0.9827118
1.027
1.064
1.101
1.138
1.176
1.213
1.251
1.289
1.327
1.365
1.4
1.44
1.48
1.52
1.56
1.59
1.63
1.67
1.71
1.75
1.78
1.82
1.86
1.9
1.93
1.97
2.01
2.05
2.08
2.12
2.16
2.19
2.23
2.26
2.3
2.34
2.37
2.41
2.44
2.48
2.51
2.55
2.58
2.62
2.65
2.68
2.72
2.75
2.79
2.82
2.85
2.89
2.92
2.95
2.98
3.02
3.05
3.08
3.11
3.15
3.18
3.21
3.24
3.27
3.3
3.33
3.36
3.4
3.43
3.46
3.49
3.52
3.55
3.58
3.61
3.64
3.66
3.69
3.72
3.75
3.78
3.81
3.84
3.87
3.89
3.92
3.95
3.98
4.01
4.03
4.06
4.09
4.12
4.14
4.17
4.2
0.8956376
0.886664
0.9166321
0.9827118
1.025
1.059
1.093
1.127
1.161
1.196
1.231
1.266
1.301
1.336
1.37
1.41
1.44
1.48
1.51
1.55
1.58
1.62
1.65
1.69
1.72
1.76
1.79
1.83
1.86
1.9
1.93
1.97
2
2.04
2.07
2.1
2.14
2.17
2.2
2.24
2.27
2.3
2.34
2.37
2.4
2.44
2.47
2.5
2.53
2.57
2.6
2.63
2.66
2.69
2.72
2.75
2.79
2.82
2.85
2.88
2.91
2.94
2.97
3
3.03
3.06
3.09
3.12
3.15
3.18
3.21
3.23
3.26
3.29
3.32
3.35
3.38
3.41
3.43
3.46
3.49
3.52
3.54
3.57
3.6
3.63
3.65
3.68
3.71
3.73
3.76
3.79
3.81
3.84
3.86
3.89
3.92
3.94
3.97
3.99
0.8956376
0.886664
0.9166321
0.9827118
1.023
1.054
1.086
1.117
1.149
1.181
1.214
1.246
1.278
1.311
1.343
1.38
1.41
1.44
1.47
1.51
1.54
1.57
1.61
1.64
1.67
1.7
1.74
1.77
1.8
1.83
1.87
1.9
1.93
1.96
1.99
2.03
2.06
2.09
2.12
2.15
2.18
2.21
2.24
2.28
2.31
2.34
2.37
2.4
2.43
2.46
2.49
2.52
2.55
2.58
2.61
2.64
2.67
2.7
2.72
2.75
2.78
2.81
2.84
2.87
2.9
2.92
2.95
2.98
3.01
3.03
3.06
3.09
3.12
3.14
3.17
3.2
3.22
3.25
3.28
3.3
3.33
3.36
3.38
3.41
3.43
3.46
3.48
3.51
3.53
3.56
3.59
3.61
3.63
3.66
3.68
3.71
3.73
3.76
3.78
3.81
0.8956376
0.886664
0.9166321
0.9827118
1.0213
1.05
1.08
1.109
1.139
1.168
1.198
1.228
1.259
1.289
1.319
1.35
1.38
1.41
1.44
1.47
1.5
1.53
1.56
1.59
1.62
1.65
1.68
1.72
1.75
1.78
1.81
1.84
1.87
1.9
1.93
1.96
1.99
2.01
2.04
2.07
2.1
2.13
2.16
2.19
2.22
2.25
2.28
2.31
2.33
2.36
2.39
2.42
2.45
2.47
2.5
2.53
2.56
2.59
2.61
2.64
2.67
2.69
2.72
2.75
2.77
2.8
2.83
2.85
2.88
2.91
2.93
2.96
2.98
3.01
3.03
3.06
3.08
3.11
3.13
3.16
3.18
3.21
3.23
3.26
3.28
3.31
3.33
3.35
3.38
3.4
3.43
3.45
3.47
3.5
3.52
3.54
3.57
3.59
3.61
3.63
0.8956376
0.886664
0.9166321
0.9827118
1.0199
1.047
1.074
1.102
1.13
1.157
1.185
1.213
1.241
1.27
1.298
1.326
1.35
1.38
1.41
1.44
1.47
1.5
1.53
1.55
1.58
1.61
1.64
1.67
1.7
1.72
1.75
1.78
1.81
1.84
1.87
1.89
1.92
1.95
1.98
2
2.03
2.06
2.09
2.11
2.14
2.17
2.2
2.22
2.25
2.28
2.3
2.33
2.36
2.38
2.41
2.43
2.46
2.49
2.51
2.54
2.56
2.59
2.61
2.64
2.66
2.69
2.71
2.74
2.76
2.79
2.81
2.84
2.86
2.88
2.91
2.93
2.96
2.98
3
3.03
3.05
3.07
3.1
3.12
3.14
3.17
3.19
3.21
3.24
3.26
3.28
3.3
3.32
3.35
3.37
3.39
3.41
3.43
3.46
3.48
0.8956376
0.886664
0.9166321
0.9827118
1.0186
1.044
1.07
1.096
1.121
1.147
1.174
1.2
1.226
1.253
1.279
1.306
1.332
1.36
1.39
1.41
1.44
1.47
1.49
1.52
1.55
1.57
1.6
1.63
1.65
1.68
1.71
1.73
1.76
1.78
1.81
1.84
1.86
1.89
1.92
1.94
1.97
1.99
2.02
2.05
2.07
2.1
2.12
2.15
2.17
2.2
2.22
2.25
2.27
2.3
2.32
2.35
2.37
2.4
2.42
2.44
2.47
2.49
2.52
2.54
2.56
2.59
2.61
2.63
2.66
2.68
2.7
2.73
2.75
2.77
2.8
2.82
2.84
2.86
2.89
2.91
2.93
2.95
2.97
3
3.02
3.04
3.06
3.08
3.1
3.13
3.15
3.17
3.19
3.21
3.23
3.25
3.27
3.29
3.31
3.33
0.8956376
0.886664
0.9166321
0.9827118
1.0176
1.042
1.066
1.09
1.114
1.139
1.163
1.188
1.213
1.238
1.262
1.287
1.312
1.337
1.36
1.39
1.41
1.44
1.46
1.49
1.51
1.54
1.56
1.59
1.61
1.64
1.66
1.69
1.71
1.74
1.76
1.79
1.81
1.84
1.86
1.89
1.91
1.93
1.96
1.98
2.01
2.03
2.06
2.08
2.1
2.13
2.15
2.17
2.2
2.22
2.24
2.27
2.29
2.31
2.34
2.36
2.38
2.4
2.43
2.45
2.47
2.49
2.52
2.54
2.56
2.58
2.61
2.63
2.65
2.67
2.69
2.71
2.73
2.76
2.78
2.8
2.82
2.84
2.86
2.88
2.9
2.92
2.94
2.96
2.98
3
3.02
3.04
3.06
3.08
3.1
3.12
3.14
3.16
3.18
3.2
0.8956376
0.886664
0.9166321
0.9827118
1.0166
1.039
1.062
1.085
1.108
1.131
1.154
1.177
1.201
1.224
1.248
1.271
1.295
1.318
1.342
1.37
1.39
1.41
1.44
1.46
1.48
1.51
1.53
1.55
1.58
1.6
1.63
1.65
1.67
1.7
1.72
1.74
1.77
1.79
1.81
1.83
1.86
1.88
1.9
1.93
1.95
1.97
1.99
2.02
2.04
2.06
2.08
2.11
2.13
2.15
2.17
2.2
2.22
2.24
2.26
2.28
2.3
2.33
2.35
2.37
2.39
2.41
2.43
2.45
2.47
2.49
2.52
2.54
2.56
2.58
2.6
2.62
2.64
2.66
2.68
2.7
2.72
2.74
2.76
2.78
2.8
2.82
2.84
2.86
2.87
2.89
2.91
2.93
2.95
2.97
2.99
3.01
3.03
3.04
3.06
3.08
0.8956376
0.886664
0.9166321
0.9827118
1.0157
1.037
1.059
1.08
1.102
1.124
1.146
1.168
1.19
1.212
1.234
1.256
1.279
1.301
1.323
1.35
1.37
1.39
1.41
1.43
1.46
1.48
1.5
1.52
1.55
1.57
1.59
1.61
1.63
1.66
1.68
1.7
1.72
1.74
1.77
1.79
1.81
1.83
1.85
1.88
1.9
1.92
1.94
1.96
1.98
2
2.02
2.05
2.07
2.09
2.11
2.13
2.15
2.17
2.19
2.21
2.23
2.25
2.27
2.29
2.31
2.33
2.35
2.37
2.39
2.41
2.43
2.45
2.47
2.49
2.51
2.53
2.55
2.57
2.59
2.61
2.63
2.64
2.66
2.68
2.7
2.72
2.74
2.76
2.77
2.79
2.81
2.83
2.85
2.86
2.88
2.9
2.92
2.94
2.95
2.97
0.8956376
0.886664
0.9166321
0.9827118
1.015
1.035
1.056
1.076
1.097
1.118
1.138
1.159
1.18
1.201
1.222
1.243
1.264
1.285
1.306
1.327
1.35
1.37
1.39
1.41
1.43
1.45
1.48
1.5
1.52
1.54
1.56
1.58
1.6
1.62
1.64
1.66
1.68
1.71
1.73
1.75
1.77
1.79
1.81
1.83
1.85
1.87
1.89
1.91
1.93
1.95
1.97
1.99
2.01
2.03
2.05
2.07
2.09
2.11
2.13
2.15
2.17
2.19
2.21
2.22
2.24
2.26
2.28
2.3
2.32
2.34
2.36
2.38
2.39
2.41
2.43
2.45
2.47
2.49
2.5
2.52
2.54
2.56
2.58
2.59
2.61
2.63
2.65
2.66
2.68
2.7
2.72
2.73
2.75
2.77
2.78
2.8
2.82
2.83
2.85
2.87
0.8956376
0.886664
0.9166321
0.9827118
1.0142
1.034
1.053
1.073
1.092
1.112
1.132
1.152
1.171
1.191
1.211
1.231
1.251
1.271
1.291
1.311
1.331
1.35
1.37
1.39
1.41
1.43
1.45
1.47
1.49
1.51
1.53
1.55
1.57
1.59
1.61
1.63
1.65
1.67
1.69
1.71
1.73
1.75
1.77
1.79
1.81
1.83
1.84
1.86
1.88
1.9
1.92
1.94
1.96
1.98
2
2.01
2.03
2.05
2.07
2.09
2.11
2.13
2.14
2.16
2.18
2.2
2.22
2.23
2.25
2.27
2.29
2.31
2.32
2.34
2.36
2.38
2.39
2.41
2.43
2.44
2.46
2.48
2.5
2.51
2.53
2.55
2.56
2.58
2.6
2.61
2.63
2.64
2.66
2.68
2.69
2.71
2.73
2.74
2.76
2.77
0.8956376
0.886664
0.9166321
0.9827118
1.0136
1.032
1.051
1.069
1.088
1.107
1.126
1.144
1.163
1.182
1.201
1.22
1.239
1.258
1.277
1.296
1.315
1.33
1.35
1.37
1.39
1.41
1.43
1.45
1.47
1.49
1.51
1.52
1.54
1.56
1.58
1.6
1.62
1.64
1.66
1.67
1.69
1.71
1.73
1.75
1.77
1.78
1.8
1.82
1.84
1.86
1.88
1.89
1.91
1.93
1.95
1.96
1.98
2
2.02
2.04
2.05
2.07
2.09
2.1
2.12
2.14
2.16
2.17
2.19
2.21
2.22
2.24
2.26
2.27
2.29
2.31
2.32
2.34
2.36
2.37
2.39
2.41
2.42
2.44
2.45
2.47
2.49
2.5
2.52
2.53
2.55
2.56
2.58
2.59
2.61
2.63
2.64
2.66
2.67
2.69
0.8956376
0.886664
0.9166321
0.9827118
1.013
1.031
1.049
1.066
1.084
1.102
1.12
1.138
1.156
1.174
1.192
1.21
1.228
1.246
1.265
1.283
1.301
1.319
1.34
1.36
1.37
1.39
1.41
1.43
1.45
1.46
1.48
1.5
1.52
1.54
1.55
1.57
1.59
1.61
1.62
1.64
1.66
1.68
1.69
1.71
1.73
1.75
1.76
1.78
1.8
1.82
1.83
1.85
1.87
1.88
1.9
1.92
1.94
1.95
1.97
1.99
2
2.02
2.04
2.05
2.07
2.08
2.1
2.12
2.13
2.15
2.17
2.18
2.2
2.21
2.23
2.24
2.26
2.28
2.29
2.31
2.32
2.34
2.35
2.37
2.38
2.4
2.41
2.43
2.44
2.46
2.47
2.49
2.5
2.52
2.53
2.55
2.56
2.58
2.59
2.6
0.8956376
0.886664
0.9166321
0.9827118
1.0125
1.029
1.046
1.064
1.081
1.098
1.115
1.132
1.149
1.167
1.184
1.201
1.218
1.236
1.253
1.27
1.288
1.305
1.32
1.34
1.36
1.37
1.39
1.41
1.43
1.44
1.46
1.48
1.49
1.51
1.53
1.54
1.56
1.58
1.6
1.61
1.63
1.65
1.66
1.68
1.7
1.71
1.73
1.75
1.76
1.78
1.79
1.81
1.83
1.84
1.86
1.88
1.89
1.91
1.92
1.94
1.96
1.97
1.99
2
2.02
2.03
2.05
2.06
2.08
2.1
2.11
2.13
2.14
2.16
2.17
2.19
2.2
2.22
2.23
2.25
2.26
2.28
2.29
2.3
2.32
2.33
2.35
2.36
2.38
2.39
2.4
2.42
2.43
2.45
2.46
2.47
2.49
2.5
2.52
2.53
0.8956376
0.886664
0.9166321
0.9827118
1.012
1.028
1.045
1.061
1.077
1.094
1.11
1.127
1.143
1.16
1.176
1.193
1.209
1.226
1.242
1.259
1.275
1.292
1.308
1.32
1.34
1.36
1.37
1.39
1.41
1.42
1.44
1.46
1.47
1.49
1.5
1.52
1.54
1.55
1.57
1.59
1.6
1.62
1.63
1.65
1.67
1.68
1.7
1.71
1.73
1.74
1.76
1.77
1.79
1.81
1.82
1.84
1.85
1.87
1.88
1.9
1.91
1.93
1.94
1.96
1.97
1.99
2
2.02
2.03
2.05
2.06
2.08
2.09
2.1
2.12
2.13
2.15
2.16
2.18
2.19
2.2
2.22
2.23
2.25
2.26
2.27
2.29
2.3
2.31
2.33
2.34
2.35
2.37
2.38
2.39
2.41
2.42
2.43
2.45
2.46
0.8956376
0.886664
0.9166321
0.9827118
1.0115
1.027
1.043
1.059
1.074
1.09
1.106
1.122
1.138
1.153
1.169
1.185
1.201
1.217
1.232
1.248
1.264
1.28
1.296
1.311
1.33
1.34
1.36
1.37
1.39
1.41
1.42
1.44
1.45
1.47
1.48
1.5
1.51
1.53
1.55
1.56
1.58
1.59
1.61
1.62
1.64
1.65
1.67
1.68
1.7
1.71
1.73
1.74
1.76
1.77
1.79
1.8
1.81
1.83
1.84
1.86
1.87
1.89
1.9
1.92
1.93
1.94
1.96
1.97
1.99
2
2.01
2.03
2.04
2.06
2.07
2.08
2.1
2.11
2.12
2.14
2.15
2.16
2.18
2.19
2.2
2.22
2.23
2.24
2.26
2.27
2.28
2.3
2.31
2.32
2.33
2.35
2.36
2.37
2.38
2.4
0.8956376
0.886664
0.9166321
0.9827118
1.0111
1.026
1.041
1.056
1.072
1.087
1.102
1.117
1.132
1.147
1.163
1.178
1.193
1.208
1.223
1.239
1.254
1.269
1.284
1.299
1.31
1.33
1.34
1.36
1.37
1.39
1.4
1.42
1.43
1.45
1.46
1.48
1.49
1.51
1.52
1.54
1.55
1.57
1.58
1.6
1.61
1.62
1.64
1.65
1.67
1.68
1.7
1.71
1.72
1.74
1.75
1.77
1.78
1.79
1.81
1.82
1.84
1.85
1.86
1.88
1.89
1.9
1.92
1.93
1.94
1.96
1.97
1.98
2
2.01
2.02
2.04
2.05
2.06
2.08
2.09
2.1
2.11
2.13
2.14
2.15
2.17
2.18
2.19
2.2
2.21
2.23
2.24
2.25
2.26
2.28
2.29
2.3
2.31
2.32
2.34
0.8956376
0.886664
0.9166321
0.9827118
1.0107
1.025
1.04
1.054
1.069
1.084
1.098
1.113
1.127
1.142
1.157
1.171
1.186
1.2
1.215
1.229
1.244
1.259
1.273
1.288
1.302
1.32
1.33
1.35
1.36
1.37
1.39
1.4
1.42
1.43
1.45
1.46
1.47
1.49
1.5
1.52
1.53
1.54
1.56
1.57
1.59
1.6
1.61
1.63
1.64
1.65
1.67
1.68
1.7
1.71
1.72
1.74
1.75
1.76
1.78
1.79
1.8
1.82
1.83
1.84
1.85
1.87
1.88
1.89
1.91
1.92
1.93
1.94
1.96
1.97
1.98
1.99
2.01
2.02
2.03
2.04
2.06
2.07
2.08
2.09
2.1
2.12
2.13
2.14
2.15
2.16
2.18
2.19
2.2
2.21
2.22
2.23
2.25
2.26
2.27
2.28
0.8956376
0.886664
0.9166321
0.9827118
1.0103
1.024
1.038
1.052
1.067
1.081
1.095
1.109
1.123
1.137
1.151
1.165
1.179
1.193
1.207
1.221
1.235
1.249
1.263
1.277
1.291
1.305
1.32
1.33
1.35
1.36
1.37
1.39
1.4
1.41
1.43
1.44
1.46
1.47
1.48
1.5
1.51
1.52
1.54
1.55
1.56
1.58
1.59
1.6
1.62
1.63
1.64
1.65
1.67
1.68
1.69
1.71
1.72
1.73
1.74
1.76
1.77
1.78
1.8
1.81
1.82
1.83
1.84
1.86
1.87
1.88
1.89
1.91
1.92
1.93
1.94
1.95
1.97
1.98
1.99
2
2.01
2.03
2.04
2.05
2.06
2.07
2.08
2.09
2.11
2.12
2.13
2.14
2.15
2.16
2.17
2.18
2.2
2.21
2.22
2.23
0.8956376
0.886664
0.9166321
0.9827118
1.01
1.024
1.037
1.051
1.064
1.078
1.091
1.105
1.119
1.132
1.146
1.159
1.173
1.186
1.2
1.213
1.227
1.24
1.254
1.267
1.28
1.294
1.31
1.32
1.33
1.35
1.36
1.37
1.39
1.4
1.41
1.43
1.44
1.45
1.46
1.48
1.49
1.5
1.52
1.53
1.54
1.55
1.57
1.58
1.59
1.61
1.62
1.63
1.64
1.65
1.67
1.68
1.69
1.7
1.72
1.73
1.74
1.75
1.76
1.78
1.79
1.8
1.81
1.82
1.84
1.85
1.86
1.87
1.88
1.89
1.91
1.92
1.93
1.94
1.95
1.96
1.97
1.98
2
2.01
2.02
2.03
2.04
2.05
2.06
2.07
2.08
2.09
2.11
2.12
2.13
2.14
2.15
2.16
2.17
2.18
0.8956376
0.886664
0.9166321
0.9827118
1.0097
1.023
1.036
1.049
1.062
1.075
1.088
1.102
1.115
1.128
1.141
1.154
1.167
1.18
1.193
1.206
1.219
1.232
1.245
1.258
1.271
1.283
1.296
1.31
1.32
1.33
1.35
1.36
1.37
1.39
1.4
1.41
1.42
1.44
1.45
1.46
1.47
1.49
1.5
1.51
1.52
1.53
1.55
1.56
1.57
1.58
1.59
1.61
1.62
1.63
1.64
1.65
1.67
1.68
1.69
1.7
1.71
1.72
1.74
1.75
1.76
1.77
1.78
1.79
1.8
1.82
1.83
1.84
1.85
1.86
1.87
1.88
1.89
1.9
1.91
1.93
1.94
1.95
1.96
1.97
1.98
1.99
2
2.01
2.02
2.03
2.04
2.05
2.06
2.07
2.08
2.09
2.1
2.11
2.12
2.13
0.8956376
0.886664
0.9166321
0.9827118
1.0094
1.022
1.035
1.048
1.06
1.073
1.086
1.098
1.111
1.124
1.136
1.149
1.161
1.174
1.187
1.199
1.212
1.224
1.237
1.249
1.261
1.274
1.286
1.3
1.31
1.32
1.34
1.35
1.36
1.37
1.38
1.4
1.41
1.42
1.43
1.44
1.46
1.47
1.48
1.49
1.5
1.52
1.53
1.54
1.55
1.56
1.57
1.59
1.6
1.61
1.62
1.63
1.64
1.65
1.66
1.68
1.69
1.7
1.71
1.72
1.73
1.74
1.75
1.76
1.77
1.79
1.8
1.81
1.82
1.83
1.84
1.85
1.86
1.87
1.88
1.89
1.9
1.91
1.92
1.93
1.94
1.95
1.96
1.97
1.98
1.99
2
2.01
2.02
2.03
2.04
2.05
2.06
2.07
2.08
2.09
0.8956376
0.886664
0.9166321
0.9827118
1.0091
1.021
1.034
1.046
1.058
1.071
1.083
1.095
1.107
1.12
1.132
1.144
1.156
1.168
1.181
1.193
1.205
1.217
1.229
1.241
1.253
1.265
1.277
1.289
1.3
1.31
1.32
1.34
1.35
1.36
1.37
1.38
1.39
1.41
1.42
1.43
1.44
1.45
1.46
1.47
1.49
1.5
1.51
1.52
1.53
1.54
1.55
1.56
1.58
1.59
1.6
1.61
1.62
1.63
1.64
1.65
1.66
1.67
1.68
1.69
1.71
1.72
1.73
1.74
1.75
1.76
1.77
1.78
1.79
1.8
1.81
1.82
1.83
1.84
1.85
1.86
1.87
1.88
1.89
1.9
1.91
1.92
1.93
1.94
1.95
1.96
1.97
1.98
1.99
2
2.01
2.01
2.02
2.03
2.04
2.05
0.8956376
0.886664
0.9166321
0.9827118
1.0088
1.021
1.033
1.045
1.057
1.069
1.08
1.092
1.104
1.116
1.128
1.14
1.151
1.163
1.175
1.187
1.198
1.21
1.222
1.233
1.245
1.256
1.268
1.279
1.291
1.3
1.31
1.33
1.34
1.35
1.36
1.37
1.38
1.39
1.4
1.42
1.43
1.44
1.45
1.46
1.47
1.48
1.49
1.5
1.51
1.52
1.53
1.55
1.56
1.57
1.58
1.59
1.6
1.61
1.62
1.63
1.64
1.65
1.66
1.67
1.68
1.69
1.7
1.71
1.72
1.73
1.74
1.75
1.76
1.77
1.78
1.79
1.8
1.81
1.82
1.83
1.84
1.85
1.86
1.87
1.88
1.89
1.9
1.9
1.91
1.92
1.93
1.94
1.95
1.96
1.97
1.98
1.99
2
2.01
2.01
0.8956376
0.886664
0.9166321
0.9827118
1.0086
1.02
1.032
1.043
1.055
1.067
1.078
1.09
1.101
1.113
1.124
1.136
1.147
1.158
1.17
1.181
1.192
1.204
1.215
1.226
1.237
1.249
1.26
1.271
1.282
1.29
1.3
1.31
1.33
1.34
1.35
1.36
1.37
1.38
1.39
1.4
1.41
1.42
1.43
1.44
1.45
1.47
1.48
1.49
1.5
1.51
1.52
1.53
1.54
1.55
1.56
1.57
1.58
1.59
1.6
1.61
1.62
1.63
1.64
1.65
1.66
1.67
1.68
1.69
1.7
1.71
1.72
1.73
1.74
1.74
1.75
1.76
1.77
1.78
1.79
1.8
1.81
1.82
1.83
1.84
1.85
1.86
1.86
1.87
1.88
1.89
1.9
1.91
1.92
1.93
1.94
1.94
1.95
1.96
1.97
1.98
0.8956376
0.886664
0.9166321
0.9827118
1.0083
1.02
1.031
1.042
1.053
1.065
1.076
1.087
1.098
1.109
1.12
1.132
1.143
1.154
1.165
1.176
1.187
1.198
1.208
1.219
1.23
1.241
1.252
1.263
1.273
1.284
1.29
1.31
1.32
1.33
1.34
1.35
1.36
1.37
1.38
1.39
1.4
1.41
1.42
1.43
1.44
1.45
1.46
1.47
1.48
1.49
1.5
1.51
1.52
1.53
1.54
1.55
1.56
1.57
1.58
1.59
1.6
1.61
1.62
1.63
1.64
1.65
1.66
1.66
1.67
1.68
1.69
1.7
1.71
1.72
1.73
1.74
1.75
1.76
1.77
1.77
1.78
1.79
1.8
1.81
1.82
1.83
1.84
1.84
1.85
1.86
1.87
1.88
1.89
1.9
1.9
1.91
1.92
1.93
1.94
1.95
0.8956376
0.886664
0.9166321
0.9827118
1.0081
1.019
1.03
1.041
1.052
1.063
1.074
1.085
1.095
1.106
1.117
1.128
1.139
1.149
1.16
1.171
1.181
1.192
1.202
1.213
1.224
1.234
1.244
1.255
1.265
1.276
1.29
1.3
1.31
1.32
1.33
1.34
1.35
1.36
1.37
1.38
1.39
1.4
1.41
1.42
1.43
1.44
1.45
1.46
1.47
1.48
1.49
1.49
1.5
1.51
1.52
1.53
1.54
1.55
1.56
1.57
1.58
1.59
1.6
1.61
1.62
1.63
1.63
1.64
1.65
1.66
1.67
1.68
1.69
1.7
1.71
1.71
1.72
1.73
1.74
1.75
1.76
1.77
1.77
1.78
1.79
1.8
1.81
1.82
1.83
1.83
1.84
1.85
1.86
1.87
1.87
1.88
1.89
1.9
1.91
1.91
0.8956376
0.886664
0.9166321
0.9827118
1.0079
1.019
1.029
1.04
1.051
1.061
1.072
1.082
1.093
1.103
1.114
1.124
1.135
1.145
1.156
1.166
1.176
1.186
1.197
1.207
1.217
1.227
1.237
1.248
1.258
1.268
1.278
1.29
1.3
1.31
1.32
1.33
1.34
1.35
1.36
1.37
1.38
1.39
1.4
1.4
1.41
1.42
1.43
1.44
1.45
1.46
1.47
1.48
1.49
1.5
1.51
1.52
1.53
1.53
1.54
1.55
1.56
1.57
1.58
1.59
1.6
1.61
1.61
1.62
1.63
1.64
1.65
1.66
1.67
1.68
1.68
1.69
1.7
1.71
1.72
1.73
1.73
1.74
1.75
1.76
1.77
1.77
1.78
1.79
1.8
1.81
1.81
1.82
1.83
1.84
1.85
1.85
1.86
1.87
1.88
1.89
0.8956376
0.886664
0.9166321
0.9827118
1.0077
1.0181
1.029
1.039
1.049
1.06
1.07
1.08
1.09
1.101
1.111
1.121
1.131
1.141
1.151
1.161
1.171
1.181
1.191
1.201
1.211
1.221
1.231
1.241
1.25
1.26
1.27
1.28
1.29
1.3
1.31
1.32
1.33
1.34
1.35
1.36
1.37
1.37
1.38
1.39
1.4
1.41
1.42
1.43
1.44
1.45
1.46
1.47
1.47
1.48
1.49
1.5
1.51
1.52
1.53
1.54
1.54
1.55
1.56
1.57
1.58
1.59
1.6
1.6
1.61
1.62
1.63
1.64
1.65
1.65
1.66
1.67
1.68
1.69
1.7
1.7
1.71
1.72
1.73
1.73
1.74
1.75
1.76
1.77
1.77
1.78
1.79
1.8
1.8
1.81
1.82
1.83
1.83
1.84
1.85
1.86
0.8956376
0.886664
0.9166321
0.9827118
1.0075
1.0177
1.028
1.038
1.048
1.058
1.068
1.078
1.088
1.098
1.108
1.118
1.128
1.138
1.147
1.157
1.167
1.177
1.186
1.196
1.205
1.215
1.225
1.234
1.244
1.253
1.262
1.272
1.28
1.29
1.3
1.31
1.32
1.33
1.34
1.35
1.35
1.36
1.37
1.38
1.39
1.4
1.41
1.42
1.43
1.43
1.44
1.45
1.46
1.47
1.48
1.49
1.5
1.5
1.51
1.52
1.53
1.54
1.55
1.55
1.56
1.57
1.58
1.59
1.59
1.6
1.61
1.62
1.63
1.63
1.64
1.65
1.66
1.67
1.67
1.68
1.69
1.7
1.71
1.71
1.72
1.73
1.74
1.74
1.75
1.76
1.77
1.77
1.78
1.79
1.79
1.8
1.81
1.82
1.82
1.83
0.8956376
0.886664
0.9166321
0.9827118
1.0073
1.0172
1.027
1.037
1.047
1.057
1.066
1.076
1.086
1.096
1.105
1.115
1.124
1.134
1.144
1.153
1.163
1.172
1.181
1.191
1.2
1.209
1.219
1.228
1.237
1.246
1.255
1.265
1.27
1.28
1.29
1.3
1.31
1.32
1.33
1.34
1.35
1.35
1.36
1.37
1.38
1.39
1.4
1.41
1.41
1.42
1.43
1.44
1.45
1.46
1.46
1.47
1.48
1.49
1.5
1.51
1.51
1.52
1.53
1.54
1.55
1.55
1.56
1.57
1.58
1.59
1.59
1.6
1.61
1.62
1.62
1.63
1.64
1.65
1.65
1.66
1.67
1.68
1.68
1.69
1.7
1.71
1.71
1.72
1.73
1.74
1.74
1.75
1.76
1.76
1.77
1.78
1.79
1.79
1.8
1.81
0.8956376
0.886664
0.9166321
0.9827118
1.0071
1.0168
1.026
1.036
1.046
1.055
1.065
1.074
1.084
1.093
1.103
1.112
1.121
1.131
1.14
1.149
1.158
1.168
1.177
1.186
1.195
1.204
1.213
1.222
1.231
1.24
1.249
1.258
1.266
1.28
1.28
1.29
1.3
1.31
1.32
1.33
1.34
1.34
1.35
1.36
1.37
1.38
1.39
1.39
1.4
1.41
1.42
1.43
1.44
1.44
1.45
1.46
1.47
1.48
1.48
1.49
1.5
1.51
1.52
1.52
1.53
1.54
1.55
1.55
1.56
1.57
1.58
1.58
1.59
1.6
1.61
1.61
1.62
1.63
1.64
1.64
1.65
1.66
1.66
1.67
1.68
1.69
1.69
1.7
1.71
1.71
1.72
1.73
1.73
1.74
1.75
1.76
1.76
1.77
1.78
1.78
0.8956376
0.886664
0.9166321
0.9827118
1.007
1.0164
1.026
1.035
1.045
1.054
1.063
1.072
1.082
1.091
1.1
1.109
1.118
1.127
1.136
1.146
1.154
1.163
1.172
1.181
1.19
1.199
1.208
1.216
1.225
1.234
1.242
1.251
1.26
1.27
1.28
1.29
1.29
1.3
1.31
1.32
1.33
1.34
1.34
1.35
1.36
1.37
1.38
1.38
1.39
1.4
1.41
1.42
1.42
1.43
1.44
1.45
1.46
1.46
1.47
1.48
1.49
1.49
1.5
1.51
1.52
1.52
1.53
1.54
1.55
1.55
1.56
1.57
1.58
1.58
1.59
1.6
1.6
1.61
1.62
1.63
1.63
1.64
1.65
1.65
1.66
1.67
1.67
1.68
1.69
1.69
1.7
1.71
1.71
1.72
1.73
1.73
1.74
1.75
1.75
1.76
0.8956376
0.886664
0.9166321
0.9827118
1.0068
1.0161
1.025
1.034
1.044
1.053
1.062
1.071
1.08
1.089
1.098
1.107
1.116
1.124
1.133
1.142
1.151
1.159
1.168
1.177
1.185
1.194
1.203
1.211
1.22
1.228
1.236
1.245
1.253
1.261
1.27
1.28
1.29
1.29
1.3
1.31
1.32
1.33
1.33
1.34
1.35
1.36
1.37
1.37
1.38
1.39
1.4
1.41
1.41
1.42
1.43
1.44
1.44
1.45
1.46
1.47
1.47
1.48
1.49
1.5
1.5
1.51
1.52
1.52
1.53
1.54
1.55
1.55
1.56
1.57
1.57
1.58
1.59
1.59
1.6
1.61
1.61
1.62
1.63
1.63
1.64
1.65
1.65
1.66
1.67
1.67
1.68
1.69
1.69
1.7
1.71
1.71
1.72
1.73
1.73
1.74
0.8956376
0.886664
0.9166321
0.9827118
1.0067
1.0157
1.025
1.034
1.043
1.051
1.06
1.069
1.078
1.087
1.095
1.104
1.113
1.121
1.13
1.139
1.147
1.156
1.164
1.173
1.181
1.189
1.198
1.206
1.214
1.222
1.231
1.239
1.247
1.255
1.263
1.27
1.28
1.29
1.29
1.3
1.31
1.32
1.33
1.33
1.34
1.35
1.36
1.36
1.37
1.38
1.39
1.39
1.4
1.41
1.42
1.42
1.43
1.44
1.45
1.45
1.46
1.47
1.48
1.48
1.49
1.5
1.5
1.51
1.52
1.52
1.53
1.54
1.54
1.55
1.56
1.56
1.57
1.58
1.59
1.59
1.6
1.6
1.61
1.62
1.62
1.63
1.64
1.64
1.65
1.66
1.66
1.67
1.68
1.68
1.69
1.69
1.7
1.71
1.71
1.72
0.8956376
0.886664
0.9166321
0.9827118
1.0065
1.0154
1.024
1.033
1.042
1.05
1.059
1.068
1.076
1.085
1.093
1.102
1.11
1.119
1.127
1.135
1.144
1.152
1.16
1.169
1.177
1.185
1.193
1.201
1.209
1.217
1.225
1.233
1.241
1.249
1.257
1.26
1.27
1.28
1.29
1.3
1.3
1.31
1.32
1.33
1.33
1.34
1.35
1.36
1.36
1.37
1.38
1.38
1.39
1.4
1.41
1.41
1.42
1.43
1.44
1.44
1.45
1.46
1.46
1.47
1.48
1.48
1.49
1.5
1.5
1.51
1.52
1.52
1.53
1.54
1.54
1.55
1.56
1.56
1.57
1.58
1.58
1.59
1.6
1.6
1.61
1.61
1.62
1.63
1.63
1.64
1.65
1.65
1.66
1.66
1.67
1.68
1.68
1.69
1.69
1.7
0.8956376
0.886664
0.9166321
0.9827118
1.0064
1.015
1.024
1.032
1.041
1.049
1.058
1.066
1.075
1.083
1.091
1.1
1.108
1.116
1.124
1.132
1.141
1.149
1.157
1.165
1.173
1.181
1.189
1.196
1.204
1.212
1.22
1.228
1.235
1.243
1.251
1.258
1.27
1.27
1.28
1.29
1.3
1.3
1.31
1.32
1.33
1.33
1.34
1.35
1.35
1.36
1.37
1.38
1.38
1.39
1.4
1.4
1.41
1.42
1.42
1.43
1.44
1.44
1.45
1.46
1.46
1.47
1.48
1.48
1.49
1.5
1.5
1.51
1.52
1.52
1.53
1.54
1.54
1.55
1.56
1.56
1.57
1.57
1.58
1.59
1.59
1.6
1.6
1.61
1.62
1.62
1.63
1.63
1.64
1.65
1.65
1.66
1.66
1.67
1.67
1.68
0.8956376
0.886664
0.9166321
0.9827118
1.0063
1.0147
1.023
1.032
1.04
1.048
1.056
1.065
1.073
1.081
1.089
1.097
1.105
1.114
1.122
1.13
1.137
1.145
1.153
1.161
1.169
1.177
1.184
1.192
1.2
1.207
1.215
1.222
1.23
1.237
1.245
1.252
1.26
1.27
1.27
1.28
1.29
1.3
1.3
1.31
1.32
1.32
1.33
1.34
1.35
1.35
1.36
1.37
1.37
1.38
1.39
1.39
1.4
1.41
1.41
1.42
1.43
1.43
1.44
1.45
1.45
1.46
1.47
1.47
1.48
1.49
1.49
1.5
1.5
1.51
1.52
1.52
1.53
1.54
1.54
1.55
1.55
1.56
1.57
1.57
1.58
1.58
1.59
1.59
1.6
1.61
1.61
1.62
1.62
1.63
1.64
1.64
1.65
1.65
1.66
1.66
0.8956376
0.886664
0.9166321
0.9827118
1.0061
1.0144
1.023
1.031
1.039
1.047
1.055
1.063
1.071
1.079
1.087
1.095
1.103
1.111
1.119
1.127
1.134
1.142
1.15
1.158
1.165
1.173
1.18
1.188
1.195
1.203
1.21
1.218
1.225
1.232
1.239
1.247
1.254
1.26
1.27
1.28
1.28
1.29
1.3
1.3
1.31
1.32
1.32
1.33
1.34
1.34
1.35
1.36
1.36
1.37
1.38
1.38
1.39
1.4
1.4
1.41
1.42
1.42
1.43
1.44
1.44
1.45
1.46
1.46
1.47
1.47
1.48
1.49
1.49
1.5
1.5
1.51
1.52
1.52
1.53
1.53
1.54
1.55
1.55
1.56
1.56
1.57
1.57
1.58
1.59
1.59
1.6
1.6
1.61
1.61
1.62
1.62
1.63
1.64
1.64
1.65
0.8956376
0.886664
0.9166321
0.9827118
1.006
1.0141
1.022
1.03
1.038
1.046
1.054
1.062
1.07
1.078
1.086
1.093
1.101
1.109
1.116
1.124
1.132
1.139
1.147
1.154
1.162
1.169
1.176
1.184
1.191
1.198
1.206
1.213
1.22
1.227
1.234
1.241
1.248
1.26
1.26
1.27
1.28
1.28
1.29
1.3
1.3
1.31
1.32
1.32
1.33
1.34
1.34
1.35
1.36
1.36
1.37
1.38
1.38
1.39
1.39
1.4
1.41
1.41
1.42
1.43
1.43
1.44
1.44
1.45
1.46
1.46
1.47
1.47
1.48
1.49
1.49
1.5
1.5
1.51
1.52
1.52
1.53
1.53
1.54
1.54
1.55
1.55
1.56
1.57
1.57
1.58
1.58
1.59
1.59
1.6
1.6
1.61
1.61
1.62
1.63
1.63
0.8956376
0.886664
0.9166321
0.9827118
1.0059
1.0138
1.022
1.03
1.038
1.045
1.053
1.061
1.069
1.076
1.084
1.091
1.099
1.107
1.114
1.121
1.129
1.136
1.144
1.151
1.158
1.165
1.173
1.18
1.187
1.194
1.201
1.208
1.215
1.222
1.229
1.236
1.243
1.25
1.26
1.26
1.27
1.28
1.28
1.29
1.3
1.3
1.31
1.32
1.32
1.33
1.34
1.34
1.35
1.35
1.36
1.37
1.37
1.38
1.39
1.39
1.4
1.4
1.41
1.42
1.42
1.43
1.43
1.44
1.45
1.45
1.46
1.46
1.47
1.47
1.48
1.49
1.49
1.5
1.5
1.51
1.51
1.52
1.53
1.53
1.54
1.54
1.55
1.55
1.56
1.56
1.57
1.57
1.58
1.58
1.59
1.59
1.6
1.61
1.61
1.62
0.8956376
0.886664
0.9166321
0.9827118
1.0058
1.0136
1.021
1.029
1.037
1.044
1.052
1.06
1.067
1.075
1.082
1.09
1.097
1.104
1.112
1.119
1.126
1.134
1.141
1.148
1.155
1.162
1.169
1.176
1.183
1.19
1.197
1.204
1.211
1.217
1.224
1.231
1.238
1.244
1.25
1.26
1.26
1.27
1.28
1.28
1.29
1.3
1.3
1.31
1.32
1.32
1.33
1.33
1.34
1.35
1.35
1.36
1.37
1.37
1.38
1.38
1.39
1.4
1.4
1.41
1.41
1.42
1.42
1.43
1.44
1.44
1.45
1.45
1.46
1.46
1.47
1.48
1.48
1.49
1.49
1.5
1.5
1.51
1.51
1.52
1.52
1.53
1.53
1.54
1.54
1.55
1.56
1.56
1.57
1.57
1.58
1.58
1.59
1.59
1.6
1.6
0.8956376
0.886664
0.9166321
0.9827118
1.0057
1.0133
1.021
1.029
1.036
1.044
1.051
1.058
1.066
1.073
1.081
1.088
1.095
1.102
1.11
1.117
1.124
1.131
1.138
1.145
1.152
1.159
1.166
1.173
1.179
1.186
1.193
1.2
1.206
1.213
1.22
1.226
1.233
1.239
1.246
1.25
1.26
1.27
1.27
1.28
1.28
1.29
1.3
1.3
1.31
1.32
1.32
1.33
1.33
1.34
1.35
1.35
1.36
1.36
1.37
1.37
1.38
1.39
1.39
1.4
1.4
1.41
1.41
1.42
1.43
1.43
1.44
1.44
1.45
1.45
1.46
1.46
1.47
1.48
1.48
1.49
1.49
1.5
1.5
1.51
1.51
1.52
1.52
1.53
1.53
1.54
1.54
1.55
1.55
1.56
1.56
1.57
1.57
1.58
1.58
1.59
0.8956376
0.886664
0.9166321
0.9827118
1.0056
1.0131
1.021
1.028
1.035
1.043
1.05
1.057
1.065
1.072
1.079
1.086
1.093
1.1
1.107
1.114
1.121
1.128
1.135
1.142
1.149
1.156
1.162
1.169
1.176
1.182
1.189
1.196
1.202
1.209
1.215
1.222
1.228
1.234
1.241
1.25
1.25
1.26
1.27
1.27
1.28
1.28
1.29
1.3
1.3
1.31
1.31
1.32
1.33
1.33
1.34
1.34
1.35
1.36
1.36
1.37
1.37
1.38
1.38
1.39
1.39
1.4
1.41
1.41
1.42
1.42
1.43
1.43
1.44
1.44
1.45
1.45
1.46
1.46
1.47
1.47
1.48
1.49
1.49
1.5
1.5
1.51
1.51
1.52
1.52
1.53
1.53
1.54
1.54
1.54
1.55
1.55
1.56
1.56
1.57
1.57
0.8956376
0.886664
0.9166321
0.9827118
1.0055
1.0128
1.02
1.027
1.035
1.042
1.049
1.056
1.063
1.07
1.078
1.085
1.092
1.098
1.105
1.112
1.119
1.126
1.133
1.139
1.146
1.153
1.159
1.166
1.172
1.179
1.185
1.192
1.198
1.204
1.211
1.217
1.223
1.23
1.236
1.24
1.25
1.25
1.26
1.27
1.27
1.28
1.28
1.29
1.3
1.3
1.31
1.31
1.32
1.33
1.33
1.34
1.34
1.35
1.35
1.36
1.36
1.37
1.38
1.38
1.39
1.39
1.4
1.4
1.41
1.41
1.42
1.42
1.43
1.43
1.44
1.44
1.45
1.45
1.46
1.46
1.47
1.47
1.48
1.48
1.49
1.49
1.5
1.5
1.51
1.51
1.52
1.52
1.53
1.53
1.54
1.54
1.55
1.55
1.56
1.56
0.8956376
0.886664
0.9166321
0.9827118
1.0054
1.0126
1.02
1.027
1.034
1.041
1.048
1.055
1.062
1.069
1.076
1.083
1.09
1.097
1.103
1.11
1.117
1.123
1.13
1.137
1.143
1.15
1.156
1.163
1.169
1.175
1.182
1.188
1.194
1.2
1.207
1.213
1.219
1.225
1.231
1.237
1.24
1.25
1.26
1.26
1.27
1.27
1.28
1.28
1.29
1.3
1.3
1.31
1.31
1.32
1.32
1.33
1.34
1.34
1.35
1.35
1.36
1.36
1.37
1.37
1.38
1.38
1.39
1.39
1.4
1.4
1.41
1.41
1.42
1.42
1.43
1.43
1.44
1.44
1.45
1.45
1.46
1.46
1.47
1.47
1.48
1.48
1.49
1.49
1.5
1.5
1.51
1.51
1.52
1.52
1.53
1.53
1.53
1.54
1.54
1.55
0.8956376
0.886664
0.9166321
0.9827118
1.0053
1.0124
1.019
1.027
1.034
1.04
1.047
1.054
1.061
1.068
1.075
1.081
1.088
1.095
1.101
1.108
1.115
1.121
1.128
1.134
1.14
1.147
1.153
1.159
1.166
1.172
1.178
1.184
1.191
1.197
1.203
1.209
1.215
1.221
1.227
1.233
1.24
1.24
1.25
1.26
1.26
1.27
1.27
1.28
1.28
1.29
1.3
1.3
1.31
1.31
1.32
1.32
1.33
1.33
1.34
1.34
1.35
1.35
1.36
1.37
1.37
1.38
1.38
1.39
1.39
1.4
1.4
1.41
1.41
1.42
1.42
1.43
1.43
1.44
1.44
1.45
1.45
1.45
1.46
1.46
1.47
1.47
1.48
1.48
1.49
1.49
1.5
1.5
1.51
1.51
1.51
1.52
1.52
1.53
1.53
1.54
0.8956376
0.886664
0.9166321
0.9827118
1.0052
1.0122
1.019
1.026
1.033
1.04
1.047
1.053
1.06
1.067
1.073
1.08
1.087
1.093
1.1
1.106
1.113
1.119
1.125
1.132
1.138
1.144
1.15
1.157
1.163
1.169
1.175
1.181
1.187
1.193
1.199
1.205
1.211
1.217
1.222
1.228
1.234
1.24
1.25
1.25
1.26
1.26
1.27
1.27
1.28
1.28
1.29
1.3
1.3
1.31
1.31
1.32
1.32
1.33
1.33
1.34
1.34
1.35
1.35
1.36
1.36
1.37
1.37
1.38
1.38
1.39
1.39
1.4
1.4
1.41
1.41
1.42
1.42
1.43
1.43
1.44
1.44
1.45
1.45
1.45
1.46
1.46
1.47
1.47
1.48
1.48
1.49
1.49
1.49
1.5
1.5
1.51
1.51
1.52
1.52
1.53
0.8956376
0.886664
0.9166321
0.9827118
1.0051
1.012
1.019
1.026
1.032
1.039
1.046
1.052
1.059
1.066
1.072
1.079
1.085
1.091
1.098
1.104
1.111
1.117
1.123
1.129
1.135
1.142
1.148
1.154
1.16
1.166
1.172
1.178
1.183
1.189
1.195
1.201
1.207
1.212
1.218
1.224
1.229
1.24
1.24
1.25
1.25
1.26
1.26
1.27
1.27
1.28
1.28
1.29
1.29
1.3
1.31
1.31
1.32
1.32
1.33
1.33
1.34
1.34
1.35
1.35
1.36
1.36
1.37
1.37
1.38
1.38
1.39
1.39
1.39
1.4
1.4
1.41
1.41
1.42
1.42
1.43
1.43
1.44
1.44
1.45
1.45
1.45
1.46
1.46
1.47
1.47
1.48
1.48
1.48
1.49
1.49
1.5
1.5
1.51
1.51
1.51
0.8956376
0.886664
0.9166321
0.9827118
1.005
1.0118
1.018
1.025
1.032
1.038
1.045
1.052
1.058
1.064
1.071
1.077
1.084
1.09
1.096
1.102
1.109
1.115
1.121
1.127
1.133
1.139
1.145
1.151
1.157
1.163
1.169
1.174
1.18
1.186
1.192
1.197
1.203
1.209
1.214
1.22
1.225
1.231
1.24
1.24
1.25
1.25
1.26
1.26
1.27
1.27
1.28
1.28
1.29
1.29
1.3
1.3
1.31
1.31
1.32
1.32
1.33
1.33
1.34
1.34
1.35
1.35
1.36
1.36
1.37
1.37
1.38
1.38
1.39
1.39
1.4
1.4
1.41
1.41
1.41
1.42
1.42
1.43
1.43
1.44
1.44
1.45
1.45
1.45
1.46
1.46
1.47
1.47
1.47
1.48
1.48
1.49
1.49
1.5
1.5
1.5
0.8956376
0.886664
0.9166321
0.9827118
1.0049
1.0116
1.018
1.025
1.031
1.038
1.044
1.051
1.057
1.063
1.07
1.076
1.082
1.088
1.094
1.101
1.107
1.113
1.119
1.125
1.131
1.137
1.142
1.148
1.154
1.16
1.166
1.171
1.177
1.183
1.188
1.194
1.199
1.205
1.21
1.216
1.221
1.227
1.23
1.24
1.24
1.25
1.25
1.26
1.26
1.27
1.27
1.28
1.28
1.29
1.29
1.3
1.3
1.31
1.31
1.32
1.32
1.33
1.33
1.34
1.34
1.35
1.35
1.36
1.36
1.37
1.37
1.37
1.38
1.38
1.39
1.39
1.4
1.4
1.41
1.41
1.41
1.42
1.42
1.43
1.43
1.44
1.44
1.44
1.45
1.45
1.46
1.46
1.47
1.47
1.47
1.48
1.48
1.49
1.49
1.49
0.8956376
0.886664
0.9166321
0.9827118
1.0048
1.0114
1.018
1.024
1.031
1.037
1.043
1.05
1.056
1.062
1.068
1.075
1.081
1.087
1.093
1.099
1.105
1.111
1.117
1.123
1.128
1.134
1.14
1.146
1.151
1.157
1.163
1.168
1.174
1.179
1.185
1.19
1.196
1.201
1.207
1.212
1.217
1.222
1.228
1.23
1.24
1.24
1.25
1.25
1.26
1.26
1.27
1.27
1.28
1.28
1.29
1.29
1.3
1.3
1.31
1.31
1.32
1.32
1.33
1.33
1.34
1.34
1.35
1.35
1.35
1.36
1.36
1.37
1.37
1.38
1.38
1.39
1.39
1.39
1.4
1.4
1.41
1.41
1.42
1.42
1.42
1.43
1.43
1.44
1.44
1.44
1.45
1.45
1.46
1.46
1.46
1.47
1.47
1.48
1.48
1.48
0.8956376
0.886664
0.9166321
0.9827118
1.0048
1.0112
1.018
1.024
1.03
1.037
1.043
1.049
1.055
1.061
1.067
1.073
1.079
1.085
1.091
1.097
1.103
1.109
1.115
1.121
1.126
1.132
1.138
1.143
1.149
1.154
1.16
1.165
1.171
1.176
1.182
1.187
1.192
1.198
1.203
1.208
1.213
1.219
1.224
1.23
1.23
1.24
1.24
1.25
1.25
1.26
1.26
1.27
1.27
1.28
1.28
1.29
1.29
1.3
1.3
1.31
1.31
1.32
1.32
1.33
1.33
1.33
1.34
1.34
1.35
1.35
1.36
1.36
1.37
1.37
1.37
1.38
1.38
1.39
1.39
1.39
1.4
1.4
1.41
1.41
1.42
1.42
1.42
1.43
1.43
1.44
1.44
1.44
1.45
1.45
1.46
1.46
1.46
1.47
1.47
1.47
0.8956376
0.886664
0.9166321
0.9827118
1.0047
1.011
1.017
1.024
1.03
1.036
1.042
1.048
1.054
1.06
1.066
1.072
1.078
1.084
1.09
1.096
1.101
1.107
1.113
1.119
1.124
1.13
1.135
1.141
1.146
1.152
1.157
1.163
1.168
1.173
1.179
1.184
1.189
1.194
1.199
1.205
1.21
1.215
1.22
1.225
1.23
1.23
1.24
1.24
1.25
1.25
1.26
1.26
1.27
1.27
1.28
1.28
1.29
1.29
1.3
1.3
1.31
1.31
1.31
1.32
1.32
1.33
1.33
1.34
1.34
1.35
1.35
1.35
1.36
1.36
1.37
1.37
1.38
1.38
1.38
1.39
1.39
1.4
1.4
1.4
1.41
1.41
1.42
1.42
1.42
1.43
1.43
1.44
1.44
1.44
1.45
1.45
1.45
1.46
1.46
1.47
0.8956376
0.886664
0.9166321
0.9827118
1.0046
1.0109
1.017
1.023
1.029
1.035
1.041
1.047
1.053
1.059
1.065
1.071
1.077
1.083
1.088
1.094
1.1
1.105
1.111
1.117
1.122
1.128
1.133
1.138
1.144
1.149
1.155
1.16
1.165
1.17
1.176
1.181
1.186
1.191
1.196
1.201
1.206
1.211
1.216
1.221
1.23
1.23
1.24
1.24
1.25
1.25
1.25
1.26
1.26
1.27
1.27
1.28
1.28
1.29
1.29
1.3
1.3
1.3
1.31
1.31
1.32
1.32
1.33
1.33
1.34
1.34
1.34
1.35
1.35
1.36
1.36
1.36
1.37
1.37
1.38
1.38
1.38
1.39
1.39
1.4
1.4
1.4
1.41
1.41
1.42
1.42
1.42
1.43
1.43
1.43
1.44
1.44
1.45
1.45
1.45
1.46
0.8956376
0.886664
0.9166321
0.9827118
1.0046
1.0107
1.017
1.023
1.029
1.035
1.041
1.047
1.053
1.058
1.064
1.07
1.076
1.081
1.087
1.093
1.098
1.104
1.109
1.115
1.12
1.126
1.131
1.136
1.142
1.147
1.152
1.157
1.162
1.168
1.173
1.178
1.183
1.188
1.193
1.198
1.203
1.208
1.212
1.217
1.22
1.23
1.23
1.24
1.24
1.25
1.25
1.25
1.26
1.26
1.27
1.27
1.28
1.28
1.29
1.29
1.3
1.3
1.3
1.31
1.31
1.32
1.32
1.33
1.33
1.33
1.34
1.34
1.35
1.35
1.35
1.36
1.36
1.37
1.37
1.37
1.38
1.38
1.39
1.39
1.39
1.4
1.4
1.4
1.41
1.41
1.42
1.42
1.42
1.43
1.43
1.43
1.44
1.44
1.44
1.45
0.8956376
0.886664
0.9166321
0.9827118
1.0045
1.0105
1.017
1.023
1.028
1.034
1.04
1.046
1.052
1.058
1.063
1.069
1.075
1.08
1.086
1.091
1.097
1.102
1.108
1.113
1.118
1.124
1.129
1.134
1.139
1.144
1.15
1.155
1.16
1.165
1.17
1.175
1.18
1.185
1.19
1.194
1.199
1.204
1.209
1.214
1.218
1.22
1.23
1.23
1.24
1.24
1.25
1.25
1.26
1.26
1.26
1.27
1.27
1.28
1.28
1.29
1.29
1.29
1.3
1.3
1.31
1.31
1.32
1.32
1.32
1.33
1.33
1.34
1.34
1.34
1.35
1.35
1.36
1.36
1.36
1.37
1.37
1.37
1.38
1.38
1.39
1.39
1.39
1.4
1.4
1.4
1.41
1.41
1.42
1.42
1.42
1.43
1.43
1.43
1.44
1.44
0.8956376
0.886664
0.9166321
0.9827118
1.0044
1.0104
1.016
1.022
1.028
1.034
1.04
1.045
1.051
1.057
1.062
1.068
1.073
1.079
1.084
1.09
1.095
1.101
1.106
1.111
1.116
1.122
1.127
1.132
1.137
1.142
1.147
1.152
1.157
1.162
1.167
1.172
1.177
1.182
1.187
1.191
1.196
1.201
1.205
1.21
1.215
1.22
1.22
1.23
1.23
1.24
1.24
1.25
1.25
1.26
1.26
1.26
1.27
1.27
1.28
1.28
1.29
1.29
1.29
1.3
1.3
1.31
1.31
1.31
1.32
1.32
1.33
1.33
1.33
1.34
1.34
1.35
1.35
1.35
1.36
1.36
1.36
1.37
1.37
1.38
1.38
1.38
1.39
1.39
1.39
1.4
1.4
1.4
1.41
1.41
1.41
1.42
1.42
1.43
1.43
1.43
0.8956376
0.886664
0.9166321
0.9827118
1.0044
1.0102
1.016
1.022
1.028
1.033
1.039
1.045
1.05
1.056
1.061
1.067
1.072
1.078
1.083
1.088
1.094
1.099
1.104
1.109
1.115
1.12
1.125
1.13
1.135
1.14
1.145
1.15
1.155
1.16
1.164
1.169
1.174
1.179
1.184
1.188
1.193
1.198
1.202
1.207
1.211
1.216
1.22
1.22
1.23
1.23
1.24
1.24
1.25
1.25
1.26
1.26
1.26
1.27
1.27
1.28
1.28
1.28
1.29
1.29
1.3
1.3
1.3
1.31
1.31
1.32
1.32
1.32
1.33
1.33
1.34
1.34
1.34
1.35
1.35
1.35
1.36
1.36
1.37
1.37
1.37
1.38
1.38
1.38
1.39
1.39
1.39
1.4
1.4
1.4
1.41
1.41
1.41
1.42
1.42
1.42
0.8956376
0.886664
0.9166321
0.9827118
1.0043
1.0101
1.016
1.022
1.027
1.033
1.038
1.044
1.05
1.055
1.06
1.066
1.071
1.077
1.082
1.087
1.092
1.097
1.103
1.108
1.113
1.118
1.123
1.128
1.133
1.138
1.143
1.148
1.152
1.157
1.162
1.167
1.171
1.176
1.181
1.185
1.19
1.194
1.199
1.203
1.208
1.212
1.22
1.22
1.23
1.23
1.23
1.24
1.24
1.25
1.25
1.26
1.26
1.26
1.27
1.27
1.28
1.28
1.28
1.29
1.29
1.3
1.3
1.3
1.31
1.31
1.32
1.32
1.32
1.33
1.33
1.33
1.34
1.34
1.34
1.35
1.35
1.36
1.36
1.36
1.37
1.37
1.37
1.38
1.38
1.38
1.39
1.39
1.39
1.4
1.4
1.4
1.41
1.41
1.41
1.42
0.8956376
0.886664
0.9166321
0.9827118
1.0042
1.0099
1.016
1.021
1.027
1.032
1.038
1.043
1.049
1.054
1.06
1.065
1.07
1.075
1.081
1.086
1.091
1.096
1.101
1.106
1.111
1.116
1.121
1.126
1.131
1.136
1.141
1.145
1.15
1.155
1.159
1.164
1.169
1.173
1.178
1.182
1.187
1.191
1.196
1.2
1.205
1.209
1.21
1.22
1.22
1.23
1.23
1.23
1.24
1.24
1.25
1.25
1.26
1.26
1.26
1.27
1.27
1.28
1.28
1.28
1.29
1.29
1.29
1.3
1.3
1.31
1.31
1.31
1.32
1.32
1.32
1.33
1.33
1.34
1.34
1.34
1.35
1.35
1.35
1.36
1.36
1.36
1.37
1.37
1.37
1.38
1.38
1.38
1.39
1.39
1.39
1.4
1.4
1.4
1.41
1.41
0.8956376
0.886664
0.9166321
0.9827118
1.0042
1.0098
1.015
1.021
1.026
1.032
1.037
1.043
1.048
1.053
1.059
1.064
1.069
1.074
1.079
1.085
1.09
1.095
1.1
1.105
1.11
1.114
1.119
1.124
1.129
1.134
1.138
1.143
1.148
1.152
1.157
1.162
1.166
1.171
1.175
1.18
1.184
1.188
1.193
1.197
1.202
1.206
1.21
1.21
1.22
1.22
1.23
1.23
1.24
1.24
1.24
1.25
1.25
1.26
1.26
1.26
1.27
1.27
1.27
1.28
1.28
1.29
1.29
1.29
1.3
1.3
1.3
1.31
1.31
1.32
1.32
1.32
1.33
1.33
1.33
1.34
1.34
1.34
1.35
1.35
1.35
1.36
1.36
1.36
1.37
1.37
1.37
1.38
1.38
1.38
1.39
1.39
1.39
1.4
1.4
1.4
0.8956376
0.886664
0.9166321
0.9827118
1.0041
1.0097
1.015
1.021
1.026
1.031
1.037
1.042
1.047
1.053
1.058
1.063
1.068
1.073
1.078
1.083
1.088
1.093
1.098
1.103
1.108
1.113
1.118
1.122
1.127
1.132
1.136
1.141
1.146
1.15
1.155
1.159
1.164
1.168
1.173
1.177
1.181
1.186
1.19
1.194
1.198
1.203
1.207
1.21
1.22
1.22
1.22
1.23
1.23
1.24
1.24
1.24
1.25
1.25
1.26
1.26
1.26
1.27
1.27
1.27
1.28
1.28
1.29
1.29
1.29
1.3
1.3
1.3
1.31
1.31
1.31
1.32
1.32
1.32
1.33
1.33
1.34
1.34
1.34
1.35
1.35
1.35
1.36
1.36
1.36
1.36
1.37
1.37
1.37
1.38
1.38
1.38
1.39
1.39
1.39
1.4
0.8956376
0.886664
0.9166321
0.9827118
1.0041
1.0095
1.015
1.02
1.026
1.031
1.036
1.042
1.047
1.052
1.057
1.062
1.067
1.072
1.077
1.082
1.087
1.092
1.097
1.102
1.106
1.111
1.116
1.121
1.125
1.13
1.134
1.139
1.143
1.148
1.152
1.157
1.161
1.166
1.17
1.174
1.179
1.183
1.187
1.191
1.195
1.2
1.204
1.208
1.21
1.22
1.22
1.22
1.23
1.23
1.24
1.24
1.24
1.25
1.25
1.26
1.26
1.26
1.27
1.27
1.27
1.28
1.28
1.28
1.29
1.29
1.3
1.3
1.3
1.31
1.31
1.31
1.32
1.32
1.32
1.33
1.33
1.33
1.34
1.34
1.34
1.35
1.35
1.35
1.36
1.36
1.36
1.37
1.37
1.37
1.37
1.38
1.38
1.38
1.39
1.39
0.8956376
0.886664
0.9166321
0.9827118
1.004
1.0094
1.015
1.02
1.025
1.031
1.036
1.041
1.046
1.051
1.056
1.061
1.066
1.071
1.076
1.081
1.086
1.091
1.095
1.1
1.105
1.11
1.114
1.119
1.123
1.128
1.132
1.137
1.141
1.146
1.15
1.155
1.159
1.163
1.167
1.172
1.176
1.18
1.184
1.188
1.193
1.197
1.201
1.205
1.21
1.21
1.22
1.22
1.22
1.23
1.23
1.24
1.24
1.24
1.25
1.25
1.25
1.26
1.26
1.27
1.27
1.27
1.28
1.28
1.28
1.29
1.29
1.29
1.3
1.3
1.3
1.31
1.31
1.31
1.32
1.32
1.32
1.33
1.33
1.33
1.34
1.34
1.34
1.35
1.35
1.35
1.36
1.36
1.36
1.37
1.37
1.37
1.37
1.38
1.38
1.38
0.8956376
0.886664
0.9166321
0.9827118
1.004
1.0093
1.015
1.02
1.025
1.03
1.035
1.04
1.045
1.051
1.056
1.06
1.065
1.07
1.075
1.08
1.085
1.089
1.094
1.099
1.103
1.108
1.113
1.117
1.122
1.126
1.131
1.135
1.139
1.144
1.148
1.152
1.157
1.161
1.165
1.169
1.173
1.178
1.182
1.186
1.19
1.194
1.198
1.202
1.21
1.21
1.21
1.22
1.22
1.22
1.23
1.23
1.24
1.24
1.24
1.25
1.25
1.25
1.26
1.26
1.27
1.27
1.27
1.28
1.28
1.28
1.29
1.29
1.29
1.3
1.3
1.3
1.31
1.31
1.31
1.32
1.32
1.32
1.33
1.33
1.33
1.34
1.34
1.34
1.34
1.35
1.35
1.35
1.36
1.36
1.36
1.37
1.37
1.37
1.37
1.38
0.8956376
0.886664
0.9166321
0.9827118
1.0039
1.0092
1.014
1.02
1.025
1.03
1.035
1.04
1.045
1.05
1.055
1.06
1.064
1.069
1.074
1.079
1.084
1.088
1.093
1.097
1.102
1.107
1.111
1.116
1.12
1.124
1.129
1.133
1.137
1.142
1.146
1.15
1.154
1.159
1.163
1.167
1.171
1.175
1.179
1.183
1.187
1.191
1.195
1.199
1.203
1.21
1.21
1.21
1.22
1.22
1.23
1.23
1.23
1.24
1.24
1.24
1.25
1.25
1.25
1.26
1.26
1.26
1.27
1.27
1.28
1.28
1.28
1.29
1.29
1.29
1.3
1.3
1.3
1.31
1.31
1.31
1.31
1.32
1.32
1.32
1.33
1.33
1.33
1.34
1.34
1.34
1.35
1.35
1.35
1.35
1.36
1.36
1.36
1.37
1.37
1.37
0.8956376
0.886664
0.9166321
0.9827118
1.0039
1.009
1.014
1.019
1.024
1.029
1.034
1.039
1.044
1.049
1.054
1.059
1.064
1.068
1.073
1.078
1.082
1.087
1.092
1.096
1.101
1.105
1.11
1.114
1.118
1.123
1.127
1.131
1.136
1.14
1.144
1.148
1.152
1.156
1.16
1.165
1.169
1.173
1.177
1.18
1.184
1.188
1.192
1.196
1.2
1.2
1.21
1.21
1.21
1.22
1.22
1.23
1.23
1.23
1.24
1.24
1.24
1.25
1.25
1.25
1.26
1.26
1.26
1.27
1.27
1.27
1.28
1.28
1.28
1.29
1.29
1.29
1.3
1.3
1.3
1.31
1.31
1.31
1.32
1.32
1.32
1.33
1.33
1.33
1.33
1.34
1.34
1.34
1.35
1.35
1.35
1.35
1.36
1.36
1.36
1.37
0.8956376
0.886664
0.9166321
0.9827118
1.0038
1.0089
1.014
1.019
1.024
1.029
1.034
1.039
1.044
1.049
1.053
1.058
1.063
1.067
1.072
1.077
1.081
1.086
1.09
1.095
1.099
1.104
1.108
1.112
1.117
1.121
1.125
1.129
1.134
1.138
1.142
1.146
1.15
1.154
1.158
1.162
1.166
1.17
1.174
1.178
1.182
1.186
1.189
1.193
1.197
1.201
1.2
1.21
1.21
1.22
1.22
1.22
1.23
1.23
1.23
1.24
1.24
1.24
1.25
1.25
1.25
1.26
1.26
1.26
1.27
1.27
1.27
1.28
1.28
1.28
1.29
1.29
1.29
1.3
1.3
1.3
1.31
1.31
1.31
1.31
1.32
1.32
1.32
1.33
1.33
1.33
1.33
1.34
1.34
1.34
1.35
1.35
1.35
1.35
1.36
1.36
0.8956376
0.886664
0.9166321
0.9827118
1.0038
1.0088
1.014
1.019
1.024
1.029
1.034
1.038
1.043
1.048
1.053
1.057
1.062
1.067
1.071
1.076
1.08
1.085
1.089
1.094
1.098
1.102
1.107
1.111
1.115
1.119
1.124
1.128
1.132
1.136
1.14
1.144
1.148
1.152
1.156
1.16
1.164
1.168
1.172
1.175
1.179
1.183
1.187
1.191
1.194
1.198
1.2
1.21
1.21
1.21
1.22
1.22
1.22
1.23
1.23
1.23
1.24
1.24
1.24
1.25
1.25
1.25
1.26
1.26
1.26
1.27
1.27
1.27
1.28
1.28
1.28
1.29
1.29
1.29
1.29
1.3
1.3
1.3
1.31
1.31
1.31
1.32
1.32
1.32
1.32
1.33
1.33
1.33
1.34
1.34
1.34
1.34
1.35
1.35
1.35
1.35
0.8956376
0.886664
0.9166321
0.9827118
1.0037
1.0087
1.0137
1.019
1.023
1.028
1.033
1.038
1.043
1.047
1.052
1.057
1.061
1.066
1.07
1.075
1.079
1.084
1.088
1.092
1.097
1.101
1.105
1.109
1.114
1.118
1.122
1.126
1.13
1.134
1.138
1.142
1.146
1.15
1.154
1.158
1.162
1.166
1.169
1.173
1.177
1.181
1.184
1.188
1.192
1.195
1.2
1.2
1.21
1.21
1.21
1.22
1.22
1.22
1.23
1.23
1.23
1.24
1.24
1.24
1.25
1.25
1.25
1.26
1.26
1.26
1.27
1.27
1.27
1.28
1.28
1.28
1.28
1.29
1.29
1.29
1.3
1.3
1.3
1.31
1.31
1.31
1.31
1.32
1.32
1.32
1.33
1.33
1.33
1.33
1.34
1.34
1.34
1.34
1.35
1.35
0.8956376
0.886664
0.9166321
0.9827118
1.0037
1.0086
1.0135
1.018
1.023
1.028
1.033
1.037
1.042
1.047
1.051
1.056
1.06
1.065
1.069
1.074
1.078
1.083
1.087
1.091
1.095
1.1
1.104
1.108
1.112
1.116
1.12
1.124
1.128
1.132
1.136
1.14
1.144
1.148
1.152
1.156
1.16
1.163
1.167
1.171
1.174
1.178
1.182
1.185
1.189
1.193
1.196
1.2
1.2
1.21
1.21
1.21
1.22
1.22
1.22
1.23
1.23
1.23
1.24
1.24
1.24
1.25
1.25
1.25
1.26
1.26
1.26
1.27
1.27
1.27
1.27
1.28
1.28
1.28
1.29
1.29
1.29
1.3
1.3
1.3
1.3
1.31
1.31
1.31
1.31
1.32
1.32
1.32
1.33
1.33
1.33
1.33
1.34
1.34
1.34
1.34
0.8956376
0.886664
0.9166321
0.9827118
1.0036
1.0085
1.0133
1.018
1.023
1.028
1.032
1.037
1.042
1.046
1.051
1.055
1.06
1.064
1.068
1.073
1.077
1.082
1.086
1.09
1.094
1.098
1.103
1.107
1.111
1.115
1.119
1.123
1.127
1.131
1.135
1.138
1.142
1.146
1.15
1.154
1.157
1.161
1.165
1.168
1.172
1.176
1.179
1.183
1.186
1.19
1.193
1.2
1.2
1.2
1.21
1.21
1.21
1.22
1.22
1.22
1.23
1.23
1.23
1.24
1.24
1.24
1.25
1.25
1.25
1.26
1.26
1.26
1.26
1.27
1.27
1.27
1.28
1.28
1.28
1.29
1.29
1.29
1.29
1.3
1.3
1.3
1.3
1.31
1.31
1.31
1.32
1.32
1.32
1.32
1.33
1.33
1.33
1.33
1.34
1.34
0.8956376
0.886664
0.9166321
0.9827118
1.0036
1.0084
1.0132
1.018
1.023
1.027
1.032
1.037
1.041
1.046
1.05
1.055
1.059
1.063
1.068
1.072
1.076
1.08
1.085
1.089
1.093
1.097
1.101
1.105
1.109
1.113
1.117
1.121
1.125
1.129
1.133
1.137
1.14
1.144
1.148
1.152
1.155
1.159
1.163
1.166
1.17
1.173
1.177
1.18
1.184
1.187
1.191
1.194
1.2
1.2
1.2
1.21
1.21
1.21
1.22
1.22
1.22
1.23
1.23
1.23
1.24
1.24
1.24
1.25
1.25
1.25
1.25
1.26
1.26
1.26
1.27
1.27
1.27
1.28
1.28
1.28
1.28
1.29
1.29
1.29
1.3
1.3
1.3
1.3
1.31
1.31
1.31
1.31
1.32
1.32
1.32
1.32
1.33
1.33
1.33
1.33
0.8956376
0.886664
0.9166321
0.9827118
1.0035
1.0083
1.013
1.018
1.022
1.027
1.032
1.036
1.041
1.045
1.049
1.054
1.058
1.063
1.067
1.071
1.075
1.079
1.084
1.088
1.092
1.096
1.1
1.104
1.108
1.112
1.116
1.12
1.124
1.127
1.131
1.135
1.139
1.142
1.146
1.15
1.153
1.157
1.161
1.164
1.168
1.171
1.175
1.178
1.182
1.185
1.188
1.192
1.2
1.2
1.2
1.2
1.21
1.21
1.21
1.22
1.22
1.22
1.23
1.23
1.23
1.24
1.24
1.24
1.25
1.25
1.25
1.25
1.26
1.26
1.26
1.27
1.27
1.27
1.27
1.28
1.28
1.28
1.29
1.29
1.29
1.29
1.3
1.3
1.3
1.3
1.31
1.31
1.31
1.31
1.32
1.32
1.32
1.32
1.33
1.33
0.8956376
0.886664
0.9166321
0.9827118
1.0035
1.0082
1.0129
1.017
1.022
1.027
1.031
1.036
1.04
1.044
1.049
1.053
1.058
1.062
1.066
1.07
1.074
1.079
1.083
1.087
1.091
1.095
1.099
1.103
1.107
1.11
1.114
1.118
1.122
1.126
1.13
1.133
1.137
1.141
1.144
1.148
1.151
1.155
1.159
1.162
1.165
1.169
1.172
1.176
1.179
1.183
1.186
1.189
1.19
1.2
1.2
1.2
1.21
1.21
1.21
1.21
1.22
1.22
1.22
1.23
1.23
1.23
1.24
1.24
1.24
1.25
1.25
1.25
1.25
1.26
1.26
1.26
1.27
1.27
1.27
1.27
1.28
1.28
1.28
1.28
1.29
1.29
1.29
1.29
1.3
1.3
1.3
1.31
1.31
1.31
1.31
1.32
1.32
1.32
1.32
1.33
0.8956376
0.886664
0.9166321
0.9827118
1.0035
1.0081
1.0127
1.017
1.022
1.026
1.031
1.035
1.04
1.044
1.048
1.053
1.057
1.061
1.065
1.069
1.073
1.078
1.082
1.086
1.09
1.094
1.098
1.101
1.105
1.109
1.113
1.117
1.12
1.124
1.128
1.132
1.135
1.139
1.142
1.146
1.15
1.153
1.157
1.16
1.163
1.167
1.17
1.174
1.177
1.18
1.184
1.187
1.19
1.19
1.2
1.2
1.2
1.21
1.21
1.21
1.22
1.22
1.22
1.22
1.23
1.23
1.23
1.24
1.24
1.24
1.24
1.25
1.25
1.25
1.26
1.26
1.26
1.26
1.27
1.27
1.27
1.28
1.28
1.28
1.28
1.29
1.29
1.29
1.29
1.3
1.3
1.3
1.3
1.31
1.31
1.31
1.31
1.32
1.32
1.32
0.8956376
0.886664
0.9166321
0.9827118
1.0034
1.008
1.0126
1.017
1.022
1.026
1.03
1.035
1.039
1.043
1.048
1.052
1.056
1.06
1.064
1.069
1.073
1.077
1.081
1.085
1.089
1.092
1.096
1.1
1.104
1.108
1.112
1.115
1.119
1.123
1.126
1.13
1.134
1.137
1.141
1.144
1.148
1.151
1.155
1.158
1.161
1.165
1.168
1.171
1.175
1.178
1.181
1.184
1.188
1.19
1.19
1.2
1.2
1.2
1.21
1.21
1.21
1.22
1.22
1.22
1.22
1.23
1.23
1.23
1.24
1.24
1.24
1.24
1.25
1.25
1.25
1.26
1.26
1.26
1.26
1.27
1.27
1.27
1.27
1.28
1.28
1.28
1.28
1.29
1.29
1.29
1.29
1.3
1.3
1.3
1.3
1.31
1.31
1.31
1.31
1.32
0.8956376
0.886664
0.9166321
0.9827118
1.0034
1.0079
1.0124
1.017
1.021
1.026
1.03
1.034
1.039
1.043
1.047
1.051
1.056
1.06
1.064
1.068
1.072
1.076
1.08
1.084
1.088
1.091
1.095
1.099
1.103
1.107
1.11
1.114
1.118
1.121
1.125
1.128
1.132
1.135
1.139
1.142
1.146
1.149
1.153
1.156
1.159
1.163
1.166
1.169
1.172
1.176
1.179
1.182
1.185
1.19
1.19
1.19
1.2
1.2
1.2
1.21
1.21
1.21
1.22
1.22
1.22
1.22
1.23
1.23
1.23
1.24
1.24
1.24
1.24
1.25
1.25
1.25
1.25
1.26
1.26
1.26
1.27
1.27
1.27
1.27
1.28
1.28
1.28
1.28
1.29
1.29
1.29
1.29
1.3
1.3
1.3
1.3
1.31
1.31
1.31
1.31
0.8956376
0.886664
0.9166321
0.9827118
1.0033
1.0078
1.0123
1.017
1.021
1.025
1.03
1.034
1.038
1.042
1.047
1.051
1.055
1.059
1.063
1.067
1.071
1.075
1.079
1.083
1.086
1.09
1.094
1.098
1.102
1.105
1.109
1.113
1.116
1.12
1.123
1.127
1.13
1.134
1.137
1.141
1.144
1.147
1.151
1.154
1.157
1.161
1.164
1.167
1.17
1.174
1.177
1.18
1.183
1.186
1.19
1.19
1.2
1.2
1.2
1.2
1.21
1.21
1.21
1.22
1.22
1.22
1.22
1.23
1.23
1.23
1.24
1.24
1.24
1.24
1.25
1.25
1.25
1.25
1.26
1.26
1.26
1.26
1.27
1.27
1.27
1.27
1.28
1.28
1.28
1.28
1.29
1.29
1.29
1.29
1.3
1.3
1.3
1.3
1.31
1.31
0.8956376
0.886664
0.9166321
0.9827118
1.0033
1.0077
1.0122
1.017
1.021
1.025
1.029
1.034
1.038
1.042
1.046
1.05
1.054
1.058
1.062
1.066
1.07
1.074
1.078
1.082
1.085
1.089
1.093
1.097
1.1
1.104
1.108
1.111
1.115
1.118
1.122
1.125
1.129
1.132
1.136
1.139
1.142
1.146
1.149
1.152
1.156
1.159
1.162
1.165
1.168
1.171
1.175
1.178
1.181
1.184
1.19
1.19
1.19
1.2
1.2
1.2
1.2
1.21
1.21
1.21
1.22
1.22
1.22
1.22
1.23
1.23
1.23
1.24
1.24
1.24
1.24
1.25
1.25
1.25
1.25
1.26
1.26
1.26
1.26
1.27
1.27
1.27
1.27
1.28
1.28
1.28
1.28
1.29
1.29
1.29
1.29
1.29
1.3
1.3
1.3
1.3
0.8956376
0.886664
0.9166321
0.9827118
1.0033
1.0077
1.012
1.016
1.021
1.025
1.029
1.033
1.037
1.042
1.046
1.05
1.054
1.058
1.062
1.065
1.069
1.073
1.077
1.081
1.085
1.088
1.092
1.096
1.099
1.103
1.106
1.11
1.113
1.117
1.12
1.124
1.127
1.131
1.134
1.137
1.141
1.144
1.147
1.15
1.154
1.157
1.16
1.163
1.166
1.169
1.172
1.175
1.179
1.182
1.18
1.19
1.19
1.19
1.2
1.2
1.2
1.2
1.21
1.21
1.21
1.22
1.22
1.22
1.22
1.23
1.23
1.23
1.23
1.24
1.24
1.24
1.25
1.25
1.25
1.25
1.26
1.26
1.26
1.26
1.27
1.27
1.27
1.27
1.27
1.28
1.28
1.28
1.28
1.29
1.29
1.29
1.29
1.3
1.3
1.3
0.8956376
0.886664
0.9166321
0.9827118
1.0032
1.0076
1.0119
1.016
1.02
1.025
1.029
1.033
1.037
1.041
1.045
1.049
1.053
1.057
1.061
1.065
1.069
1.072
1.076
1.08
1.084
1.087
1.091
1.094
1.098
1.102
1.105
1.109
1.112
1.116
1.119
1.122
1.126
1.129
1.132
1.136
1.139
1.142
1.145
1.149
1.152
1.155
1.158
1.161
1.164
1.167
1.17
1.173
1.176
1.179
1.182
1.19
1.19
1.19
1.19
1.2
1.2
1.2
1.21
1.21
1.21
1.21
1.22
1.22
1.22
1.22
1.23
1.23
1.23
1.23
1.24
1.24
1.24
1.24
1.25
1.25
1.25
1.25
1.26
1.26
1.26
1.26
1.27
1.27
1.27
1.27
1.28
1.28
1.28
1.28
1.29
1.29
1.29
1.29
1.29
1.3
0.8956376
0.886664
0.9166321
0.9827118
1.0032
1.0075
1.0118
1.016
1.02
1.024
1.028
1.033
1.037
1.041
1.045
1.049
1.052
1.056
1.06
1.064
1.068
1.072
1.075
1.079
1.083
1.086
1.09
1.093
1.097
1.1
1.104
1.107
1.111
1.114
1.118
1.121
1.124
1.128
1.131
1.134
1.137
1.141
1.144
1.147
1.15
1.153
1.156
1.159
1.162
1.165
1.168
1.171
1.174
1.177
1.18
1.18
1.19
1.19
1.19
1.19
1.2
1.2
1.2
1.21
1.21
1.21
1.21
1.22
1.22
1.22
1.22
1.23
1.23
1.23
1.23
1.24
1.24
1.24
1.24
1.25
1.25
1.25
1.25
1.26
1.26
1.26
1.26
1.27
1.27
1.27
1.27
1.27
1.28
1.28
1.28
1.28
1.29
1.29
1.29
1.29
0.8956376
0.886664
0.9166321
0.9827118
1.0032
1.0074
1.0116
1.016
1.02
1.024
1.028
1.032
1.036
1.04
1.044
1.048
1.052
1.056
1.06
1.063
1.067
1.071
1.074
1.078
1.082
1.085
1.089
1.092
1.096
1.099
1.103
1.106
1.11
1.113
1.116
1.12
1.123
1.126
1.129
1.133
1.136
1.139
1.142
1.145
1.148
1.151
1.154
1.157
1.16
1.163
1.166
1.169
1.172
1.175
1.178
1.18
1.18
1.19
1.19
1.19
1.19
1.2
1.2
1.2
1.21
1.21
1.21
1.21
1.22
1.22
1.22
1.22
1.23
1.23
1.23
1.23
1.24
1.24
1.24
1.24
1.25
1.25
1.25
1.25
1.26
1.26
1.26
1.26
1.26
1.27
1.27
1.27
1.27
1.28
1.28
1.28
1.28
1.28
1.29
1.29
0.8956376
0.886664
0.9166321
0.9827118
1.0031
1.0073
1.0115
1.016
1.02
1.024
1.028
1.032
1.036
1.04
1.044
1.047
1.051
1.055
1.059
1.063
1.066
1.07
1.074
1.077
1.081
1.084
1.088
1.091
1.095
1.098
1.102
1.105
1.108
1.112
1.115
1.118
1.122
1.125
1.128
1.131
1.134
1.137
1.14
1.144
1.147
1.15
1.153
1.156
1.159
1.162
1.164
1.167
1.17
1.173
1.176
1.179
1.18
1.18
1.19
1.19
1.19
1.2
1.2
1.2
1.2
1.21
1.21
1.21
1.21
1.22
1.22
1.22
1.22
1.23
1.23
1.23
1.23
1.24
1.24
1.24
1.24
1.25
1.25
1.25
1.25
1.25
1.26
1.26
1.26
1.26
1.27
1.27
1.27
1.27
1.27
1.28
1.28
1.28
1.28
1.29
0.8956376
0.886664
0.9166321
0.9827118
1.0031
1.0073
1.0114
1.015
1.02
1.024
1.028
1.032
1.035
1.039
1.043
1.047
1.051
1.055
1.058
1.062
1.066
1.069
1.073
1.076
1.08
1.083
1.087
1.09
1.094
1.097
1.101
1.104
1.107
1.11
1.114
1.117
1.12
1.123
1.127
1.13
1.133
1.136
1.139
1.142
1.145
1.148
1.151
1.154
1.157
1.16
1.163
1.165
1.168
1.171
1.174
1.177
1.18
1.18
1.18
1.19
1.19
1.19
1.2
1.2
1.2
1.2
1.21
1.21
1.21
1.21
1.22
1.22
1.22
1.22
1.23
1.23
1.23
1.23
1.24
1.24
1.24
1.24
1.24
1.25
1.25
1.25
1.25
1.26
1.26
1.26
1.26
1.26
1.27
1.27
1.27
1.27
1.28
1.28
1.28
1.28
0.8956376
0.886664
0.9166321
0.9827118
1.0031
1.0072
1.0113
1.015
1.019
1.023
1.027
1.031
1.035
1.039
1.043
1.046
1.05
1.054
1.058
1.061
1.065
1.068
1.072
1.076
1.079
1.083
1.086
1.089
1.093
1.096
1.099
1.103
1.106
1.109
1.112
1.116
1.119
1.122
1.125
1.128
1.131
1.134
1.137
1.14
1.143
1.146
1.149
1.152
1.155
1.158
1.161
1.164
1.166
1.169
1.172
1.175
1.18
1.18
1.18
1.19
1.19
1.19
1.19
1.2
1.2
1.2
1.2
1.21
1.21
1.21
1.21
1.22
1.22
1.22
1.22
1.23
1.23
1.23
1.23
1.23
1.24
1.24
1.24
1.24
1.25
1.25
1.25
1.25
1.26
1.26
1.26
1.26
1.26
1.27
1.27
1.27
1.27
1.27
1.28
1.28
0.8956376
0.886664
0.9166321
0.9827118
1.003
1.0071
1.0112
1.015
1.019
1.023
1.027
1.031
1.035
1.039
1.042
1.046
1.05
1.053
1.057
1.061
1.064
1.068
1.071
1.075
1.078
1.082
1.085
1.088
1.092
1.095
1.098
1.102
1.105
1.108
1.111
1.114
1.118
1.121
1.124
1.127
1.13
1.133
1.136
1.139
1.142
1.145
1.148
1.15
1.153
1.156
1.159
1.162
1.164
1.167
1.17
1.173
1.175
1.18
1.18
1.18
1.19
1.19
1.19
1.19
1.2
1.2
1.2
1.2
1.21
1.21
1.21
1.21
1.22
1.22
1.22
1.22
1.23
1.23
1.23
1.23
1.23
1.24
1.24
1.24
1.24
1.25
1.25
1.25
1.25
1.25
1.26
1.26
1.26
1.26
1.26
1.27
1.27
1.27
1.27
1.27
0.8956376
0.886664
0.9166321
0.9827118
1.003
1.007
1.0111
1.015
1.019
1.023
1.027
1.031
1.034
1.038
1.042
1.046
1.049
1.053
1.056
1.06
1.064
1.067
1.071
1.074
1.077
1.081
1.084
1.087
1.091
1.094
1.097
1.101
1.104
1.107
1.11
1.113
1.116
1.119
1.122
1.125
1.128
1.131
1.134
1.137
1.14
1.143
1.146
1.149
1.152
1.154
1.157
1.16
1.163
1.165
1.168
1.171
1.173
1.18
1.18
1.18
1.18
1.19
1.19
1.19
1.19
1.2
1.2
1.2
1.2
1.21
1.21
1.21
1.21
1.22
1.22
1.22
1.22
1.22
1.23
1.23
1.23
1.23
1.24
1.24
1.24
1.24
1.24
1.25
1.25
1.25
1.25
1.26
1.26
1.26
1.26
1.26
1.27
1.27
1.27
1.27
0.8956376
0.886664
0.9166321
0.9827118
1.003
1.007
1.0109
1.015
1.019
1.023
1.026
1.03
1.034
1.038
1.041
1.045
1.049
1.052
1.056
1.059
1.063
1.066
1.07
1.073
1.077
1.08
1.083
1.087
1.09
1.093
1.096
1.099
1.103
1.106
1.109
1.112
1.115
1.118
1.121
1.124
1.127
1.13
1.133
1.136
1.139
1.142
1.144
1.147
1.15
1.153
1.155
1.158
1.161
1.164
1.166
1.169
1.171
1.17
1.18
1.18
1.18
1.18
1.19
1.19
1.19
1.19
1.2
1.2
1.2
1.2
1.21
1.21
1.21
1.21
1.22
1.22
1.22
1.22
1.22
1.23
1.23
1.23
1.23
1.24
1.24
1.24
1.24
1.24
1.25
1.25
1.25
1.25
1.25
1.26
1.26
1.26
1.26
1.26
1.27
1.27
0.8956376
0.886664
0.9166321
0.9827118
1.0029
1.0069
1.0108
1.015
1.019
1.022
1.026
1.03
1.034
1.037
1.041
1.045
1.048
1.052
1.055
1.059
1.062
1.066
1.069
1.072
1.076
1.079
1.082
1.086
1.089
1.092
1.095
1.098
1.102
1.105
1.108
1.111
1.114
1.117
1.12
1.123
1.126
1.129
1.131
1.134
1.137
1.14
1.143
1.146
1.148
1.151
1.154
1.156
1.159
1.162
1.164
1.167
1.17
1.172
1.17
1.18
1.18
1.18
1.18
1.19
1.19
1.19
1.19
1.2
1.2
1.2
1.2
1.21
1.21
1.21
1.21
1.22
1.22
1.22
1.22
1.22
1.23
1.23
1.23
1.23
1.24
1.24
1.24
1.24
1.24
1.25
1.25
1.25
1.25
1.25
1.26
1.26
1.26
1.26
1.26
1.27
0.8956376
0.886664
0.9166321
0.9827118
1.0029
1.0068
1.0107
1.015
1.018
1.022
1.026
1.03
1.033
1.037
1.041
1.044
1.048
1.051
1.055
1.058
1.062
1.065
1.068
1.072
1.075
1.078
1.082
1.085
1.088
1.091
1.094
1.097
1.101
1.104
1.107
1.11
1.113
1.116
1.119
1.121
1.124
1.127
1.13
1.133
1.136
1.138
1.141
1.144
1.147
1.149
1.152
1.155
1.157
1.16
1.163
1.165
1.168
1.17
1.17
1.18
1.18
1.18
1.18
1.19
1.19
1.19
1.19
1.19
1.2
1.2
1.2
1.2
1.21
1.21
1.21
1.21
1.22
1.22
1.22
1.22
1.22
1.23
1.23
1.23
1.23
1.23
1.24
1.24
1.24
1.24
1.24
1.25
1.25
1.25
1.25
1.25
1.26
1.26
1.26
1.26
0.8956376
0.886664
0.9166321
0.9827118
1.0029
1.0068
1.0106
1.014
1.018
1.022
1.026
1.029
1.033
1.037
1.04
1.044
1.047
1.051
1.054
1.058
1.061
1.064
1.068
1.071
1.074
1.078
1.081
1.084
1.087
1.09
1.093
1.096
1.099
1.103
1.106
1.108
1.111
1.114
1.117
1.12
1.123
1.126
1.129
1.132
1.134
1.137
1.14
1.142
1.145
1.148
1.15
1.153
1.156
1.158
1.161
1.163
1.166
1.168
1.17
1.17
1.18
1.18
1.18
1.18
1.19
1.19
1.19
1.19
1.19
1.2
1.2
1.2
1.2
1.21
1.21
1.21
1.21
1.21
1.22
1.22
1.22
1.22
1.23
1.23
1.23
1.23
1.23
1.24
1.24
1.24
1.24
1.24
1.25
1.25
1.25
1.25
1.25
1.26
1.26
1.26
0.8956376
0.886664
0.9166321
0.9827118
1.0029
1.0067
1.0105
1.014
1.018
1.022
1.025
1.029
1.033
1.036
1.04
1.043
1.047
1.05
1.054
1.057
1.06
1.064
1.067
1.07
1.074
1.077
1.08
1.083
1.086
1.089
1.092
1.095
1.098
1.101
1.104
1.107
1.11
1.113
1.116
1.119
1.122
1.125
1.127
1.13
1.133
1.136
1.138
1.141
1.144
1.146
1.149
1.151
1.154
1.157
1.159
1.162
1.164
1.167
1.169
1.17
1.17
1.18
1.18
1.18
1.18
1.19
1.19
1.19
1.19
1.2
1.2
1.2
1.2
1.2
1.21
1.21
1.21
1.21
1.21
1.22
1.22
1.22
1.22
1.23
1.23
1.23
1.23
1.23
1.24
1.24
1.24
1.24
1.24
1.24
1.25
1.25
1.25
1.25
1.25
1.26
0.8956376
0.886664
0.9166321
0.9827118
1.0028
1.0066
1.0104
1.014
1.018
1.022
1.025
1.029
1.032
1.036
1.039
1.043
1.046
1.05
1.053
1.056
1.06
1.063
1.066
1.07
1.073
1.076
1.079
1.082
1.085
1.088
1.091
1.094
1.097
1.1
1.103
1.106
1.109
1.112
1.115
1.118
1.121
1.123
1.126
1.129
1.132
1.134
1.137
1.14
1.142
1.145
1.147
1.15
1.152
1.155
1.157
1.16
1.162
1.165
1.167
1.17
1.17
1.17
1.18
1.18
1.18
1.18
1.19
1.19
1.19
1.19
1.2
1.2
1.2
1.2
1.2
1.21
1.21
1.21
1.21
1.21
1.22
1.22
1.22
1.22
1.22
1.23
1.23
1.23
1.23
1.23
1.24
1.24
1.24
1.24
1.24
1.25
1.25
1.25
1.25
1.25
0.8956376
0.886664
0.9166321
0.9827118
1.0028
1.0066
1.0103
1.014
1.018
1.021
1.025
1.029
1.032
1.036
1.039
1.042
1.046
1.049
1.053
1.056
1.059
1.062
1.066
1.069
1.072
1.075
1.078
1.081
1.084
1.088
1.091
1.094
1.096
1.099
1.102
1.105
1.108
1.111
1.114
1.117
1.119
1.122
1.125
1.127
1.13
1.133
1.135
1.138
1.141
1.143
1.146
1.148
1.151
1.153
1.156
1.158
1.161
1.163
1.166
1.17
1.17
1.17
1.17
1.18
1.18
1.18
1.18
1.19
1.19
1.19
1.19
1.2
1.2
1.2
1.2
1.2
1.21
1.21
1.21
1.21
1.21
1.22
1.22
1.22
1.22
1.22
1.23
1.23
1.23
1.23
1.23
1.24
1.24
1.24
1.24
1.24
1.25
1.25
1.25
1.25
