0.8956379
0.8866664
0.9349577
0.997623
0.9602
0.96031
0.961
0.962
0.9634
0.965
0.9668
0.9687
0.9707
0.9728
0.9749
0.977
0.9791
0.9812
0.9833
0.9853
0.9873
0.9893
0.9913
0.9932
0.995
0.9968
0.9986
1.0003
1.0019
1.0036
1.0051
1.0067
1.0082
1.0096
1.011
1.0124
1.0137
1.015
1.0163
1.0175
1.0187
1.0198
1.0209
1.022
1.0231
1.0241
1.0251
1.0261
1.027
1.0279
1.0288
1.0297
1.0305
1.0314
1.0322
1.033
1.0337
1.0345
1.0352
1.0359
1.0366
1.0373
1.0379
1.0386
1.0392
1.0398
1.0404
1.041
1.0415
1.0421
1.0426
1.0432
1.0437
1.0442
1.0447
1.0452
1.0456
1.0461
1.0466
1.047
1.0474
1.0479
1.0483
1.049
1.049
1.049
1.05
1.05
1.051
1.051
1.051
1.052
1.052
1.052
1.053
1.053
1.053
1.054
1.054
1.054
0.8956379
0.8866664
0.93496
0.997622
0.96021
0.9602
0.9607
0.9615
0.9626
0.9639
0.9655
0.9671
0.9688
0.9707
0.9725
0.9744
0.9763
0.9782
0.9802
0.9821
0.9839
0.9858
0.9876
0.9894
0.9912
0.9929
0.9946
0.9963
0.9979
0.9994
1.001
1.0025
1.0039
1.0054
1.0067
1.0081
1.0094
1.0107
1.0119
1.0131
1.0143
1.0155
1.0166
1.018
1.019
1.02
1.021
1.022
1.023
1.024
1.025
1.025
1.026
1.027
1.028
1.029
1.029
1.03
1.031
1.032
1.032
1.033
1.034
1.034
1.035
1.036
1.036
1.037
1.037
1.038
1.039
1.039
1.04
1.04
1.041
1.041
1.042
1.042
1.043
1.043
1.044
1.044
1.044
1.045
1.045
1.046
1.046
1.046
1.047
1.047
1.047
1.048
1.048
1.049
1.049
1.049
1.05
1.05
1.05
1.05
0.8956379
0.8866664
0.9349612
0.99762
0.96023
0.9602
0.9605
0.9611
0.962
0.9631
0.9644
0.9658
0.9673
0.9689
0.9706
0.9723
0.974
0.9757
0.9775
0.9792
0.981
0.9827
0.9844
0.9861
0.9878
0.9894
0.991
0.9926
0.9942
0.9957
0.997
0.999
1
1.001
1.003
1.004
1.005
1.007
1.008
1.009
1.01
1.011
1.012
1.014
1.015
1.016
1.017
1.018
1.019
1.02
1.02
1.021
1.022
1.023
1.024
1.025
1.025
1.026
1.027
1.028
1.028
1.029
1.03
1.03
1.031
1.032
1.032
1.033
1.034
1.034
1.035
1.035
1.036
1.036
1.037
1.037
1.038
1.038
1.039
1.039
1.04
1.04
1.041
1.041
1.041
1.042
1.042
1.043
1.043
1.043
1.044
1.044
1.044
1.045
1.045
1.046
1.046
1.046
1.046
1.047
0.8956379
0.8866664
0.9349619
0.997618
0.96025
0.9601
0.9603
0.9608
0.9616
0.9625
0.9636
0.9648
0.9661
0.9675
0.9689
0.9705
0.972
0.9736
0.9752
0.9768
0.9784
0.98
0.9816
0.9832
0.985
0.986
0.988
0.989
0.991
0.992
0.994
0.995
0.996
0.998
0.999
1
1.002
1.003
1.004
1.005
1.006
1.008
1.009
1.01
1.011
1.012
1.013
1.014
1.015
1.016
1.017
1.017
1.018
1.019
1.02
1.021
1.022
1.022
1.023
1.024
1.024
1.025
1.026
1.027
1.027
1.028
1.028
1.029
1.03
1.03
1.031
1.031
1.032
1.032
1.033
1.034
1.034
1.035
1.035
1.035
1.036
1.036
1.037
1.037
1.038
1.038
1.039
1.039
1.039
1.04
1.04
1.04
1.041
1.041
1.042
1.042
1.042
1.043
1.043
1.043
0.8956379
0.8866664
0.9349624
0.997616
0.96027
0.9601
0.9602
0.9606
0.9612
0.962
0.9629
0.9639
0.9651
0.9663
0.9676
0.9689
0.9703
0.9718
0.9732
0.9747
0.9762
0.978
0.979
0.981
0.982
0.984
0.985
0.986
0.988
0.989
0.991
0.992
0.993
0.994
0.996
0.997
0.998
0.999
1.001
1.002
1.003
1.004
1.005
1.006
1.007
1.008
1.009
1.01
1.011
1.012
1.013
1.014
1.015
1.015
1.016
1.017
1.018
1.019
1.019
1.02
1.021
1.021
1.022
1.023
1.023
1.024
1.025
1.025
1.026
1.027
1.027
1.028
1.028
1.029
1.029
1.03
1.03
1.031
1.031
1.032
1.032
1.033
1.033
1.034
1.034
1.035
1.035
1.035
1.036
1.036
1.037
1.037
1.037
1.038
1.038
1.038
1.039
1.039
1.039
1.04
0.8956379
0.8866664
0.9349627
0.997614
0.96029
0.9601
0.9602
0.9605
0.9609
0.9616
0.9623
0.9632
0.9642
0.9653
0.9664
0.9676
0.9689
0.9702
0.9715
0.973
0.974
0.976
0.977
0.978
0.98
0.981
0.982
0.984
0.985
0.986
0.988
0.989
0.99
0.991
0.993
0.994
0.995
0.996
0.997
0.998
0.999
1.001
1.002
1.003
1.004
1.005
1.006
1.007
1.007
1.008
1.009
1.01
1.011
1.012
1.013
1.013
1.014
1.015
1.016
1.016
1.017
1.018
1.019
1.019
1.02
1.021
1.021
1.022
1.022
1.023
1.024
1.024
1.025
1.025
1.026
1.026
1.027
1.027
1.028
1.028
1.029
1.029
1.03
1.03
1.031
1.031
1.031
1.032
1.032
1.033
1.033
1.034
1.034
1.034
1.035
1.035
1.035
1.036
1.036
1.036
0.8956379
0.8866664
0.934963
0.997613
0.96031
0.9601
0.9601
0.9603
0.9607
0.9612
0.9619
0.9627
0.9635
0.9645
0.9655
0.9666
0.9677
0.969
0.97
0.971
0.972
0.974
0.975
0.976
0.978
0.979
0.98
0.981
0.983
0.984
0.985
0.986
0.987
0.989
0.99
0.991
0.992
0.993
0.994
0.995
0.996
0.997
0.998
0.999
1
1.001
1.002
1.003
1.004
1.005
1.006
1.007
1.008
1.008
1.009
1.01
1.011
1.012
1.012
1.013
1.014
1.014
1.015
1.016
1.016
1.017
1.018
1.018
1.019
1.02
1.02
1.021
1.021
1.022
1.022
1.023
1.023
1.024
1.024
1.025
1.025
1.026
1.026
1.027
1.027
1.028
1.028
1.029
1.029
1.029
1.03
1.03
1.031
1.031
1.031
1.032
1.032
1.032
1.033
1.033
0.8956379
0.8866664
0.9349632
0.997612
0.96033
0.9601
0.9601
0.9602
0.9605
0.961
0.9615
0.9622
0.963
0.9638
0.9647
0.9656
0.967
0.968
0.969
0.97
0.971
0.972
0.973
0.974
0.976
0.977
0.978
0.979
0.98
0.982
0.983
0.984
0.985
0.986
0.987
0.988
0.989
0.99
0.991
0.993
0.994
0.995
0.996
0.996
0.997
0.998
0.999
1
1.001
1.002
1.003
1.004
1.004
1.005
1.006
1.007
1.008
1.008
1.009
1.01
1.011
1.011
1.012
1.013
1.013
1.014
1.014
1.015
1.016
1.016
1.017
1.017
1.018
1.019
1.019
1.02
1.02
1.021
1.021
1.022
1.022
1.023
1.023
1.024
1.024
1.024
1.025
1.025
1.026
1.026
1.026
1.027
1.027
1.028
1.028
1.028
1.029
1.029
1.029
1.03
0.8956379
0.8866664
0.9349633
0.997611
0.9603
0.9601
0.9601
0.9602
0.9604
0.9608
0.9612
0.9618
0.9625
0.9632
0.964
0.965
0.966
0.967
0.968
0.969
0.97
0.971
0.972
0.973
0.974
0.975
0.976
0.977
0.978
0.979
0.981
0.982
0.983
0.984
0.985
0.986
0.987
0.988
0.989
0.99
0.991
0.992
0.993
0.994
0.995
0.996
0.996
0.997
0.998
0.999
1
1.001
1.002
1.002
1.003
1.004
1.005
1.005
1.006
1.007
1.007
1.008
1.009
1.009
1.01
1.011
1.011
1.012
1.013
1.013
1.014
1.014
1.015
1.015
1.016
1.016
1.017
1.018
1.018
1.019
1.019
1.019
1.02
1.02
1.021
1.021
1.022
1.022
1.023
1.023
1.023
1.024
1.024
1.025
1.025
1.025
1.026
1.026
1.026
1.027
0.8956379
0.8866664
0.9349635
0.99761
0.9604
0.9601
0.96
0.9601
0.9603
0.9606
0.961
0.9615
0.9621
0.9627
0.9634
0.964
0.965
0.966
0.967
0.968
0.969
0.97
0.971
0.972
0.973
0.974
0.975
0.976
0.977
0.978
0.979
0.98
0.981
0.982
0.983
0.984
0.985
0.986
0.987
0.988
0.988
0.989
0.99
0.991
0.992
0.993
0.994
0.995
0.996
0.996
0.997
0.998
0.999
0.999
1
1.001
1.002
1.002
1.003
1.004
1.005
1.005
1.006
1.006
1.007
1.008
1.008
1.009
1.01
1.01
1.011
1.011
1.012
1.012
1.013
1.013
1.014
1.014
1.015
1.015
1.016
1.016
1.017
1.017
1.018
1.018
1.019
1.019
1.02
1.02
1.02
1.021
1.021
1.022
1.022
1.022
1.023
1.023
1.023
1.024
0.8956379
0.8866664
0.9349636
0.997609
0.9604
0.9601
0.96
0.9601
0.9602
0.9604
0.9608
0.9612
0.9617
0.9623
0.963
0.964
0.964
0.965
0.966
0.967
0.968
0.968
0.969
0.97
0.971
0.972
0.973
0.974
0.975
0.976
0.977
0.978
0.979
0.98
0.981
0.982
0.983
0.984
0.984
0.985
0.986
0.987
0.988
0.989
0.99
0.991
0.991
0.992
0.993
0.994
0.995
0.995
0.996
0.997
0.998
0.998
0.999
1
1
1.001
1.002
1.002
1.003
1.004
1.004
1.005
1.006
1.006
1.007
1.007
1.008
1.008
1.009
1.01
1.01
1.011
1.011
1.012
1.012
1.013
1.013
1.014
1.014
1.014
1.015
1.015
1.016
1.016
1.017
1.017
1.017
1.018
1.018
1.019
1.019
1.019
1.02
1.02
1.02
1.021
0.8956379
0.8866664
0.9349637
0.997608
0.9604
0.9601
0.96
0.96
0.9601
0.9603
0.9606
0.961
0.9614
0.9619
0.962
0.963
0.964
0.964
0.965
0.966
0.967
0.968
0.968
0.969
0.97
0.971
0.972
0.973
0.974
0.974
0.975
0.976
0.977
0.978
0.979
0.98
0.981
0.982
0.982
0.983
0.984
0.985
0.986
0.987
0.987
0.988
0.989
0.99
0.991
0.991
0.992
0.993
0.994
0.994
0.995
0.996
0.996
0.997
0.998
0.999
0.999
1
1
1.001
1.002
1.002
1.003
1.003
1.004
1.005
1.005
1.006
1.006
1.007
1.007
1.008
1.008
1.009
1.009
1.01
1.01
1.011
1.011
1.012
1.012
1.013
1.013
1.013
1.014
1.014
1.015
1.015
1.015
1.016
1.016
1.016
1.017
1.017
1.018
1.018
0.8956379
0.8866664
0.9349637
0.997607
0.9604
0.9601
0.96
0.96
0.9601
0.9602
0.9605
0.9608
0.9612
0.9616
0.962
0.963
0.963
0.964
0.965
0.965
0.966
0.967
0.967
0.968
0.969
0.97
0.971
0.971
0.972
0.973
0.974
0.975
0.976
0.976
0.977
0.978
0.979
0.98
0.981
0.981
0.982
0.983
0.984
0.985
0.985
0.986
0.987
0.988
0.988
0.989
0.99
0.991
0.991
0.992
0.993
0.993
0.994
0.995
0.995
0.996
0.997
0.997
0.998
0.999
0.999
1
1
1.001
1.001
1.002
1.003
1.003
1.004
1.004
1.005
1.005
1.006
1.006
1.007
1.007
1.008
1.008
1.009
1.009
1.009
1.01
1.01
1.011
1.011
1.011
1.012
1.012
1.013
1.013
1.013
1.014
1.014
1.015
1.015
1.015
0.8956379
0.8866664
0.9349638
0.997607
0.9604
0.9602
0.96
0.96
0.96
0.9601
0.9603
0.9606
0.9609
0.961
0.962
0.962
0.963
0.963
0.964
0.965
0.965
0.966
0.967
0.967
0.968
0.969
0.97
0.97
0.971
0.972
0.973
0.973
0.974
0.975
0.976
0.977
0.977
0.978
0.979
0.98
0.98
0.981
0.982
0.983
0.983
0.984
0.985
0.986
0.986
0.987
0.988
0.989
0.989
0.99
0.991
0.991
0.992
0.992
0.993
0.994
0.994
0.995
0.996
0.996
0.997
0.997
0.998
0.998
0.999
1
1
1.001
1.001
1.002
1.002
1.003
1.003
1.004
1.004
1.005
1.005
1.005
1.006
1.006
1.007
1.007
1.008
1.008
1.008
1.009
1.009
1.01
1.01
1.01
1.011
1.011
1.012
1.012
1.012
1.013
0.8956379
0.8866664
0.9349639
0.997606
0.9604
0.9602
0.96
0.96
0.96
0.9601
0.9602
0.9605
0.9608
0.961
0.961
0.962
0.962
0.963
0.963
0.964
0.965
0.965
0.966
0.967
0.967
0.968
0.969
0.969
0.97
0.971
0.971
0.972
0.973
0.974
0.974
0.975
0.976
0.977
0.977
0.978
0.979
0.98
0.98
0.981
0.982
0.982
0.983
0.984
0.985
0.985
0.986
0.987
0.987
0.988
0.988
0.989
0.99
0.99
0.991
0.992
0.992
0.993
0.993
0.994
0.995
0.995
0.996
0.996
0.997
0.997
0.998
0.998
0.999
0.999
1
1
1.001
1.001
1.002
1.002
1.003
1.003
1.003
1.004
1.004
1.005
1.005
1.006
1.006
1.006
1.007
1.007
1.008
1.008
1.008
1.009
1.009
1.009
1.01
1.01
0.8956379
0.8866664
0.9349639
0.997605
0.9604
0.9602
0.96
0.9599
0.9599
0.96
0.9601
0.9603
0.9606
0.961
0.961
0.962
0.962
0.963
0.963
0.964
0.964
0.965
0.965
0.966
0.966
0.967
0.968
0.968
0.969
0.97
0.97
0.971
0.972
0.972
0.973
0.974
0.975
0.975
0.976
0.977
0.977
0.978
0.979
0.979
0.98
0.981
0.981
0.982
0.983
0.983
0.984
0.985
0.985
0.986
0.987
0.987
0.988
0.988
0.989
0.99
0.99
0.991
0.991
0.992
0.992
0.993
0.993
0.994
0.995
0.995
0.996
0.996
0.997
0.997
0.998
0.998
0.998
0.999
0.999
1
1
1.001
1.001
1.002
1.002
1.002
1.003
1.003
1.004
1.004
1.004
1.005
1.005
1.005
1.006
1.006
1.007
1.007
1.007
1.008
0.8956379
0.8866664
0.934964
0.997605
0.9604
0.9602
0.96
0.9599
0.9599
0.96
0.9601
0.9602
0.9605
0.961
0.961
0.961
0.962
0.962
0.963
0.963
0.964
0.964
0.965
0.965
0.966
0.966
0.967
0.968
0.968
0.969
0.969
0.97
0.971
0.971
0.972
0.973
0.973
0.974
0.975
0.975
0.976
0.977
0.977
0.978
0.979
0.979
0.98
0.98
0.981
0.982
0.982
0.983
0.984
0.984
0.985
0.985
0.986
0.987
0.987
0.988
0.988
0.989
0.989
0.99
0.99
0.991
0.991
0.992
0.992
0.993
0.993
0.994
0.994
0.995
0.995
0.996
0.996
0.997
0.997
0.998
0.998
0.998
0.999
0.999
1
1
1.001
1.001
1.001
1.002
1.002
1.002
1.003
1.003
1.004
1.004
1.004
1.005
1.005
1.005
0.8956379
0.8866664
0.934964
0.997604
0.9604
0.9602
0.96
0.9599
0.9599
0.9599
0.96
0.9601
0.96
0.961
0.961
0.961
0.961
0.962
0.962
0.963
0.963
0.964
0.964
0.965
0.965
0.966
0.966
0.967
0.967
0.968
0.969
0.969
0.97
0.97
0.971
0.972
0.972
0.973
0.973
0.974
0.975
0.975
0.976
0.977
0.977
0.978
0.978
0.979
0.98
0.98
0.981
0.981
0.982
0.983
0.983
0.984
0.984
0.985
0.985
0.986
0.986
0.987
0.987
0.988
0.988
0.989
0.989
0.99
0.99
0.991
0.991
0.992
0.992
0.993
0.993
0.994
0.994
0.995
0.995
0.995
0.996
0.996
0.997
0.997
0.998
0.998
0.998
0.999
0.999
0.999
1
1
1.001
1.001
1.001
1.002
1.002
1.002
1.003
1.003
0.8956379
0.8866664
0.934964
0.997604
0.9605
0.9602
0.96
0.9599
0.9599
0.9599
0.96
0.9601
0.96
0.96
0.961
0.961
0.961
0.962
0.962
0.962
0.963
0.963
0.964
0.964
0.965
0.965
0.966
0.966
0.967
0.967
0.968
0.968
0.969
0.969
0.97
0.971
0.971
0.972
0.972
0.973
0.974
0.974
0.975
0.975
0.976
0.976
0.977
0.978
0.978
0.979
0.979
0.98
0.98
0.981
0.981
0.982
0.983
0.983
0.984
0.984
0.985
0.985
0.986
0.986
0.987
0.987
0.988
0.988
0.989
0.989
0.99
0.99
0.99
0.991
0.991
0.992
0.992
0.993
0.993
0.994
0.994
0.994
0.995
0.995
0.996
0.996
0.996
0.997
0.997
0.997
0.998
0.998
0.998
0.999
0.999
1
1
1
1.001
1.001
0.8956379
0.8866664
0.9349641
0.997604
0.9605
0.9602
0.96
0.9599
0.9599
0.9599
0.9599
0.96
0.96
0.96
0.961
0.961
0.961
0.961
0.962
0.962
0.962
0.963
0.963
0.964
0.964
0.965
0.965
0.966
0.966
0.967
0.967
0.968
0.968
0.969
0.969
0.97
0.97
0.971
0.971
0.972
0.972
0.973
0.974
0.974
0.975
0.975
0.976
0.976
0.977
0.977
0.978
0.978
0.979
0.979
0.98
0.981
0.981
0.982
0.982
0.983
0.983
0.984
0.984
0.985
0.985
0.985
0.986
0.986
0.987
0.987
0.988
0.988
0.989
0.989
0.99
0.99
0.99
0.991
0.991
0.992
0.992
0.992
0.993
0.993
0.994
0.994
0.994
0.995
0.995
0.995
0.996
0.996
0.996
0.997
0.997
0.997
0.998
0.998
0.998
0.999
0.8956379
0.8866664
0.9349641
0.997603
0.9605
0.9602
0.96
0.9599
0.9599
0.9598
0.9599
0.9599
0.96
0.96
0.96
0.961
0.961
0.961
0.961
0.962
0.962
0.962
0.963
0.963
0.964
0.964
0.965
0.965
0.965
0.966
0.966
0.967
0.967
0.968
0.968
0.969
0.969
0.97
0.97
0.971
0.971
0.972
0.972
0.973
0.974
0.974
0.975
0.975
0.976
0.976
0.977
0.977
0.978
0.978
0.979
0.979
0.98
0.98
0.981
0.981
0.982
0.982
0.982
0.983
0.983
0.984
0.984
0.985
0.985
0.986
0.986
0.987
0.987
0.987
0.988
0.988
0.989
0.989
0.989
0.99
0.99
0.991
0.991
0.991
0.992
0.992
0.992
0.993
0.993
0.993
0.994
0.994
0.995
0.995
0.995
0.995
0.996
0.996
0.996
0.997
0.8956379
0.8866664
0.9349641
0.997603
0.9605
0.9602
0.9601
0.9599
0.9598
0.9598
0.9598
0.9599
0.96
0.96
0.96
0.96
0.961
0.961
0.961
0.961
0.962
0.962
0.962
0.963
0.963
0.964
0.964
0.964
0.965
0.965
0.966
0.966
0.967
0.967
0.968
0.968
0.969
0.969
0.97
0.97
0.971
0.971
0.972
0.972
0.972
0.973
0.973
0.974
0.974
0.975
0.975
0.976
0.976
0.977
0.977
0.978
0.978
0.979
0.979
0.98
0.98
0.981
0.981
0.981
0.982
0.982
0.983
0.983
0.984
0.984
0.984
0.985
0.985
0.986
0.986
0.987
0.987
0.987
0.988
0.988
0.988
0.989
0.989
0.99
0.99
0.99
0.991
0.991
0.991
0.992
0.992
0.992
0.993
0.993
0.993
0.994
0.994
0.994
0.995
0.995
0.8956379
0.8866664
0.9349642
0.997603
0.9605
0.9602
0.9601
0.9599
0.9598
0.9598
0.9598
0.9598
0.96
0.96
0.96
0.96
0.961
0.961
0.961
0.961
0.962
0.962
0.962
0.962
0.963
0.963
0.964
0.964
0.964
0.965
0.965
0.966
0.966
0.966
0.967
0.967
0.968
0.968
0.969
0.969
0.97
0.97
0.971
0.971
0.972
0.972
0.972
0.973
0.973
0.974
0.974
0.975
0.975
0.976
0.976
0.977
0.977
0.977
0.978
0.978
0.979
0.979
0.98
0.98
0.98
0.981
0.981
0.982
0.982
0.983
0.983
0.983
0.984
0.984
0.985
0.985
0.985
0.986
0.986
0.986
0.987
0.987
0.988
0.988
0.988
0.989
0.989
0.989
0.99
0.99
0.99
0.991
0.991
0.991
0.992
0.992
0.992
0.992
0.993
0.993
0.8956379
0.8866664
0.9349642
0.997602
0.9605
0.9603
0.9601
0.9599
0.9598
0.9598
0.9598
0.9598
0.96
0.96
0.96
0.96
0.96
0.961
0.961
0.961
0.961
0.962
0.962
0.962
0.962
0.963
0.963
0.964
0.964
0.964
0.965
0.965
0.965
0.966
0.966
0.967
0.967
0.968
0.968
0.968
0.969
0.969
0.97
0.97
0.971
0.971
0.971
0.972
0.972
0.973
0.973
0.974
0.974
0.975
0.975
0.975
0.976
0.976
0.977
0.977
0.978
0.978
0.978
0.979
0.979
0.98
0.98
0.98
0.981
0.981
0.982
0.982
0.982
0.983
0.983
0.983
0.984
0.984
0.985
0.985
0.985
0.986
0.986
0.986
0.987
0.987
0.987
0.988
0.988
0.988
0.989
0.989
0.989
0.99
0.99
0.99
0.99
0.991
0.991
0.991
0.8956379
0.8866664
0.9349642
0.997602
0.9605
0.9603
0.9601
0.9599
0.9598
0.9598
0.9597
0.9598
0.96
0.96
0.96
0.96
0.96
0.96
0.961
0.961
0.961
0.961
0.962
0.962
0.962
0.962
0.963
0.963
0.963
0.964
0.964
0.965
0.965
0.965
0.966
0.966
0.966
0.967
0.967
0.968
0.968
0.969
0.969
0.969
0.97
0.97
0.971
0.971
0.971
0.972
0.972
0.973
0.973
0.974
0.974
0.974
0.975
0.975
0.976
0.976
0.976
0.977
0.977
0.978
0.978
0.978
0.979
0.979
0.979
0.98
0.98
0.981
0.981
0.981
0.982
0.982
0.982
0.983
0.983
0.983
0.984
0.984
0.984
0.985
0.985
0.985
0.986
0.986
0.986
0.987
0.987
0.987
0.988
0.988
0.988
0.988
0.989
0.989
0.989
0.99
0.8956379
0.8866664
0.9349642
0.997602
0.9605
0.9603
0.9601
0.9599
0.9598
0.9598
0.9597
0.9597
0.96
0.96
0.96
0.96
0.96
0.96
0.96
0.961
0.961
0.961
0.961
0.962
0.962
0.962
0.962
0.963
0.963
0.963
0.964
0.964
0.964
0.965
0.965
0.966
0.966
0.966
0.967
0.967
0.967
0.968
0.968
0.969
0.969
0.969
0.97
0.97
0.971
0.971
0.971
0.972
0.972
0.973
0.973
0.973
0.974
0.974
0.974
0.975
0.975
0.976
0.976
0.976
0.977
0.977
0.977
0.978
0.978
0.979
0.979
0.979
0.98
0.98
0.98
0.981
0.981
0.981
0.982
0.982
0.982
0.983
0.983
0.983
0.984
0.984
0.984
0.985
0.985
0.985
0.985
0.986
0.986
0.986
0.987
0.987
0.987
0.987
0.988
0.988
0.8956379
0.8866664
0.9349642
0.997601
0.9605
0.9603
0.9601
0.9599
0.9598
0.9597
0.9597
0.9597
0.96
0.96
0.96
0.96
0.96
0.96
0.96
0.961
0.961
0.961
0.961
0.961
0.962
0.962
0.962
0.962
0.963
0.963
0.963
0.964
0.964
0.964
0.965
0.965
0.965
0.966
0.966
0.966
0.967
0.967
0.968
0.968
0.968
0.969
0.969
0.969
0.97
0.97
0.97
0.971
0.971
0.972
0.972
0.972
0.973
0.973
0.973
0.974
0.974
0.975
0.975
0.975
0.976
0.976
0.976
0.977
0.977
0.977
0.978
0.978
0.978
0.979
0.979
0.979
0.98
0.98
0.98
0.981
0.981
0.981
0.982
0.982
0.982
0.983
0.983
0.983
0.983
0.984
0.984
0.984
0.985
0.985
0.985
0.985
0.986
0.986
0.986
0.986
0.8956379
0.8866664
0.9349643
0.997601
0.9605
0.9603
0.9601
0.9599
0.9598
0.9597
0.9597
0.9597
0.96
0.96
0.96
0.96
0.96
0.96
0.96
0.96
0.961
0.961
0.961
0.961
0.961
0.962
0.962
0.962
0.962
0.963
0.963
0.963
0.964
0.964
0.964
0.965
0.965
0.965
0.965
0.966
0.966
0.967
0.967
0.967
0.968
0.968
0.968
0.969
0.969
0.969
0.97
0.97
0.97
0.971
0.971
0.971
0.972
0.972
0.972
0.973
0.973
0.974
0.974
0.974
0.975
0.975
0.975
0.976
0.976
0.976
0.977
0.977
0.977
0.978
0.978
0.978
0.978
0.979
0.979
0.979
0.98
0.98
0.98
0.981
0.981
0.981
0.981
0.982
0.982
0.982
0.983
0.983
0.983
0.983
0.984
0.984
0.984
0.984
0.985
0.985
0.8956379
0.8866664
0.9349643
0.997601
0.9605
0.9603
0.9601
0.9599
0.9598
0.9597
0.9597
0.96
0.96
0.96
0.96
0.96
0.96
0.96
0.96
0.96
0.96
0.961
0.961
0.961
0.961
0.961
0.962
0.962
0.962
0.962
0.963
0.963
0.963
0.963
0.964
0.964
0.964
0.965
0.965
0.965
0.966
0.966
0.966
0.967
0.967
0.967
0.968
0.968
0.968
0.969
0.969
0.969
0.97
0.97
0.97
0.971
0.971
0.971
0.972
0.972
0.972
0.973
0.973
0.973
0.974
0.974
0.974
0.975
0.975
0.975
0.975
0.976
0.976
0.976
0.977
0.977
0.977
0.978
0.978
0.978
0.978
0.979
0.979
0.979
0.98
0.98
0.98
0.98
0.981
0.981
0.981
0.982
0.982
0.982
0.982
0.983
0.983
0.983
0.983
0.984
0.8956379
0.8866664
0.9349643
0.997601
0.9605
0.9603
0.9601
0.9599
0.9598
0.9597
0.9597
0.96
0.96
0.96
0.96
0.96
0.96
0.96
0.96
0.96
0.96
0.96
0.961
0.961
0.961
0.961
0.961
0.962
0.962
0.962
0.962
0.963
0.963
0.963
0.963
0.964
0.964
0.964
0.965
0.965
0.965
0.965
0.966
0.966
0.966
0.967
0.967
0.967
0.968
0.968
0.968
0.969
0.969
0.969
0.969
0.97
0.97
0.97
0.971
0.971
0.971
0.972
0.972
0.972
0.973
0.973
0.973
0.974
0.974
0.974
0.974
0.975
0.975
0.975
0.976
0.976
0.976
0.976
0.977
0.977
0.977
0.978
0.978
0.978
0.978
0.979
0.979
0.979
0.98
0.98
0.98
0.98
0.981
0.981
0.981
0.981
0.982
0.982
0.982
0.982
0.8956379
0.8866664
0.9349643
0.997601
0.9605
0.9603
0.9601
0.96
0.9598
0.9597
0.9597
0.96
0.96
0.96
0.96
0.96
0.96
0.96
0.96
0.96
0.96
0.96
0.96
0.961
0.961
0.961
0.961
0.961
0.962
0.962
0.962
0.962
0.962
0.963
0.963
0.963
0.964
0.964
0.964
0.964
0.965
0.965
0.965
0.965
0.966
0.966
0.966
0.967
0.967
0.967
0.968
0.968
0.968
0.968
0.969
0.969
0.969
0.97
0.97
0.97
0.971
0.971
0.971
0.971
0.972
0.972
0.972
0.973
0.973
0.973
0.973
0.974
0.974
0.974
0.975
0.975
0.975
0.975
0.976
0.976
0.976
0.977
0.977
0.977
0.977
0.978
0.978
0.978
0.978
0.979
0.979
0.979
0.979
0.98
0.98
0.98
0.98
0.981
0.981
0.981
0.8956379
0.8866664
0.9349643
0.9976
0.9605
0.9603
0.9601
0.96
0.9598
0.9597
0.9597
0.96
0.96
0.96
0.96
0.96
0.96
0.96
0.96
0.96
0.96
0.96
0.96
0.96
0.961
0.961
0.961
0.961
0.961
0.961
0.962
0.962
0.962
0.962
0.963
0.963
0.963
0.963
0.964
0.964
0.964
0.964
0.965
0.965
0.965
0.965
0.966
0.966
0.966
0.967
0.967
0.967
0.967
0.968
0.968
0.968
0.969
0.969
0.969
0.969
0.97
0.97
0.97
0.971
0.971
0.971
0.971
0.972
0.972
0.972
0.973
0.973
0.973
0.973
0.974
0.974
0.974
0.974
0.975
0.975
0.975
0.975
0.976
0.976
0.976
0.976
0.977
0.977
0.977
0.977
0.978
0.978
0.978
0.978
0.979
0.979
0.979
0.979
0.98
0.98
0.8956379
0.8866664
0.9349643
0.9976
0.9605
0.9603
0.9601
0.96
0.9598
0.9597
0.9597
0.96
0.96
0.96
0.96
0.96
0.96
0.96
0.96
0.96
0.96
0.96
0.96
0.96
0.96
0.961
0.961
0.961
0.961
0.961
0.961
0.962
0.962
0.962
0.962
0.963
0.963
0.963
0.963
0.963
0.964
0.964
0.964
0.964
0.965
0.965
0.965
0.966
0.966
0.966
0.966
0.967
0.967
0.967
0.967
0.968
0.968
0.968
0.968
0.969
0.969
0.969
0.97
0.97
0.97
0.97
0.971
0.971
0.971
0.971
0.972
0.972
0.972
0.972
0.973
0.973
0.973
0.973
0.974
0.974
0.974
0.974
0.975
0.975
0.975
0.975
0.976
0.976
0.976
0.976
0.977
0.977
0.977
0.977
0.977
0.978
0.978
0.978
0.978
0.979
0.8956379
0.8866664
0.9349643
0.9976
0.9605
0.9603
0.9601
0.96
0.9598
0.9597
0.9596
0.96
0.96
0.96
0.96
0.96
0.96
0.96
0.96
0.96
0.96
0.96
0.96
0.96
0.96
0.96
0.961
0.961
0.961
0.961
0.961
0.961
0.962
0.962
0.962
0.962
0.962
0.963
0.963
0.963
0.963
0.964
0.964
0.964
0.964
0.965
0.965
0.965
0.965
0.965
0.966
0.966
0.966
0.967
0.967
0.967
0.967
0.968
0.968
0.968
0.968
0.969
0.969
0.969
0.969
0.97
0.97
0.97
0.97
0.971
0.971
0.971
0.971
0.972
0.972
0.972
0.972
0.973
0.973
0.973
0.973
0.973
0.974
0.974
0.974
0.974
0.975
0.975
0.975
0.975
0.976
0.976
0.976
0.976
0.976
0.977
0.977
0.977
0.977
0.977
0.8956379
0.8866664
0.9349644
0.9976
0.9605
0.9603
0.9601
0.96
0.9598
0.9597
0.9596
0.96
0.96
0.959
0.959
0.959
0.959
0.96
0.96
0.96
0.96
0.96
0.96
0.96
0.96
0.96
0.96
0.961
0.961
0.961
0.961
0.961
0.961
0.962
0.962
0.962
0.962
0.962
0.963
0.963
0.963
0.963
0.963
0.964
0.964
0.964
0.964
0.965
0.965
0.965
0.965
0.965
0.966
0.966
0.966
0.966
0.967
0.967
0.967
0.967
0.968
0.968
0.968
0.968
0.969
0.969
0.969
0.969
0.97
0.97
0.97
0.97
0.97
0.971
0.971
0.971
0.971
0.972
0.972
0.972
0.972
0.973
0.973
0.973
0.973
0.973
0.974
0.974
0.974
0.974
0.975
0.975
0.975
0.975
0.975
0.976
0.976
0.976
0.976
0.976
0.8956379
0.8866664
0.9349644
0.9976
0.9605
0.9603
0.9601
0.96
0.9598
0.9597
0.9596
0.96
0.96
0.959
0.959
0.959
0.959
0.959
0.96
0.96
0.96
0.96
0.96
0.96
0.96
0.96
0.96
0.96
0.96
0.961
0.961
0.961
0.961
0.961
0.961
0.962
0.962
0.962
0.962
0.962
0.963
0.963
0.963
0.963
0.963
0.964
0.964
0.964
0.964
0.965
0.965
0.965
0.965
0.965
0.966
0.966
0.966
0.966
0.967
0.967
0.967
0.967
0.967
0.968
0.968
0.968
0.968
0.969
0.969
0.969
0.969
0.969
0.97
0.97
0.97
0.97
0.971
0.971
0.971
0.971
0.971
0.972
0.972
0.972
0.972
0.973
0.973
0.973
0.973
0.973
0.974
0.974
0.974
0.974
0.974
0.975
0.975
0.975
0.975
0.975
0.8956379
0.8866664
0.9349644
0.997599
0.9605
0.9603
0.9602
0.96
0.9598
0.9597
0.9596
0.96
0.959
0.959
0.959
0.959
0.959
0.959
0.959
0.959
0.96
0.96
0.96
0.96
0.96
0.96
0.96
0.96
0.96
0.96
0.961
0.961
0.961
0.961
0.961
0.961
0.962
0.962
0.962
0.962
0.962
0.962
0.963
0.963
0.963
0.963
0.963
0.964
0.964
0.964
0.964
0.964
0.965
0.965
0.965
0.965
0.966
0.966
0.966
0.966
0.966
0.967
0.967
0.967
0.967
0.967
0.968
0.968
0.968
0.968
0.969
0.969
0.969
0.969
0.969
0.97
0.97
0.97
0.97
0.97
0.971
0.971
0.971
0.971
0.971
0.972
0.972
0.972
0.972
0.972
0.973
0.973
0.973
0.973
0.973
0.974
0.974
0.974
0.974
0.974
0.8956379
0.8866664
0.9349644
0.997599
0.9605
0.9603
0.9602
0.96
0.9599
0.9597
0.9596
0.96
0.959
0.959
0.959
0.959
0.959
0.959
0.959
0.959
0.959
0.96
0.96
0.96
0.96
0.96
0.96
0.96
0.96
0.96
0.96
0.961
0.961
0.961
0.961
0.961
0.961
0.961
0.962
0.962
0.962
0.962
0.962
0.962
0.963
0.963
0.963
0.963
0.963
0.964
0.964
0.964
0.964
0.964
0.965
0.965
0.965
0.965
0.965
0.966
0.966
0.966
0.966
0.966
0.967
0.967
0.967
0.967
0.967
0.968
0.968
0.968
0.968
0.968
0.969
0.969
0.969
0.969
0.969
0.97
0.97
0.97
0.97
0.97
0.971
0.971
0.971
0.971
0.971
0.972
0.972
0.972
0.972
0.972
0.972
0.973
0.973
0.973
0.973
0.973
0.8956379
0.8866664
0.9349644
0.997599
0.9606
0.9603
0.9602
0.96
0.9599
0.9597
0.9596
0.96
0.959
0.959
0.959
0.959
0.959
0.959
0.959
0.959
0.959
0.959
0.959
0.96
0.96
0.96
0.96
0.96
0.96
0.96
0.96
0.96
0.96
0.961
0.961
0.961
0.961
0.961
0.961
0.961
0.962
0.962
0.962
0.962
0.962
0.962
0.963
0.963
0.963
0.963
0.963
0.964
0.964
0.964
0.964
0.964
0.965
0.965
0.965
0.965
0.965
0.965
0.966
0.966
0.966
0.966
0.966
0.967
0.967
0.967
0.967
0.967
0.968
0.968
0.968
0.968
0.968
0.969
0.969
0.969
0.969
0.969
0.969
0.97
0.97
0.97
0.97
0.97
0.971
0.971
0.971
0.971
0.971
0.971
0.972
0.972
0.972
0.972
0.972
0.972
0.8956379
0.8866664
0.9349644
0.997599
0.9606
0.9603
0.9602
0.96
0.9599
0.9597
0.9596
0.96
0.959
0.959
0.959
0.959
0.959
0.959
0.959
0.959
0.959
0.959
0.959
0.959
0.96
0.96
0.96
0.96
0.96
0.96
0.96
0.96
0.96
0.96
0.961
0.961
0.961
0.961
0.961
0.961
0.961
0.962
0.962
0.962
0.962
0.962
0.962
0.962
0.963
0.963
0.963
0.963
0.963
0.964
0.964
0.964
0.964
0.964
0.964
0.965
0.965
0.965
0.965
0.965
0.965
0.966
0.966
0.966
0.966
0.966
0.967
0.967
0.967
0.967
0.967
0.967
0.968
0.968
0.968
0.968
0.968
0.969
0.969
0.969
0.969
0.969
0.969
0.97
0.97
0.97
0.97
0.97
0.97
0.971
0.971
0.971
0.971
0.971
0.971
0.972
0.8956379
0.8866664
0.9349644
0.997599
0.9606
0.9604
0.9602
0.96
0.9599
0.9597
0.9596
0.96
0.959
0.959
0.959
0.959
0.959
0.959
0.959
0.959
0.959
0.959
0.959
0.959
0.959
0.959
0.96
0.96
0.96
0.96
0.96
0.96
0.96
0.96
0.96
0.96
0.961
0.961
0.961
0.961
0.961
0.961
0.961
0.962
0.962
0.962
0.962
0.962
0.962
0.962
0.963
0.963
0.963
0.963
0.963
0.963
0.964
0.964
0.964
0.964
0.964
0.964
0.965
0.965
0.965
0.965
0.965
0.965
0.966
0.966
0.966
0.966
0.966
0.967
0.967
0.967
0.967
0.967
0.967
0.968
0.968
0.968
0.968
0.968
0.968
0.969
0.969
0.969
0.969
0.969
0.969
0.97
0.97
0.97
0.97
0.97
0.97
0.97
0.971
0.971
0.8956379
0.8866664
0.9349644
0.997599
0.9606
0.9604
0.9602
0.96
0.9599
0.9597
0.9596
0.96
0.959
0.959
0.959
0.959
0.959
0.959
0.959
0.959
0.959
0.959
0.959
0.959
0.959
0.959
0.959
0.96
0.96
0.96
0.96
0.96
0.96
0.96
0.96
0.96
0.96
0.96
0.961
0.961
0.961
0.961
0.961
0.961
0.961
0.962
0.962
0.962
0.962
0.962
0.962
0.962
0.963
0.963
0.963
0.963
0.963
0.963
0.963
0.964
0.964
0.964
0.964
0.964
0.964
0.965
0.965
0.965
0.965
0.965
0.965
0.966
0.966
0.966
0.966
0.966
0.966
0.967
0.967
0.967
0.967
0.967
0.967
0.968
0.968
0.968
0.968
0.968
0.968
0.968
0.969
0.969
0.969
0.969
0.969
0.969
0.97
0.97
0.97
0.97
0.8956379
0.8866664
0.9349644
0.997599
0.9606
0.9604
0.9602
0.96
0.9599
0.9597
0.9596
0.96
0.959
0.959
0.959
0.959
0.959
0.959
0.959
0.959
0.959
0.959
0.959
0.959
0.959
0.959
0.959
0.959
0.959
0.96
0.96
0.96
0.96
0.96
0.96
0.96
0.96
0.96
0.96
0.96
0.961
0.961
0.961
0.961
0.961
0.961
0.961
0.961
0.962
0.962
0.962
0.962
0.962
0.962
0.962
0.963
0.963
0.963
0.963
0.963
0.963
0.964
0.964
0.964
0.964
0.964
0.964
0.964
0.965
0.965
0.965
0.965
0.965
0.965
0.966
0.966
0.966
0.966
0.966
0.966
0.966
0.967
0.967
0.967
0.967
0.967
0.967
0.967
0.968
0.968
0.968
0.968
0.968
0.968
0.968
0.969
0.969
0.969
0.969
0.969
0.8956379
0.8866664
0.9349644
0.997599
0.9606
0.9604
0.9602
0.96
0.9599
0.9597
0.9596
0.96
0.959
0.959
0.959
0.959
0.959
0.959
0.959
0.959
0.959
0.959
0.959
0.959
0.959
0.959
0.959
0.959
0.959
0.959
0.959
0.96
0.96
0.96
0.96
0.96
0.96
0.96
0.96
0.96
0.96
0.96
0.961
0.961
0.961
0.961
0.961
0.961
0.961
0.961
0.962
0.962
0.962
0.962
0.962
0.962
0.962
0.963
0.963
0.963
0.963
0.963
0.963
0.963
0.964
0.964
0.964
0.964
0.964
0.964
0.964
0.965
0.965
0.965
0.965
0.965
0.965
0.965
0.966
0.966
0.966
0.966
0.966
0.966
0.966
0.967
0.967
0.967
0.967
0.967
0.967
0.967
0.968
0.968
0.968
0.968
0.968
0.968
0.968
0.968
0.8956379
0.8866664
0.9349644
0.997598
0.9606
0.9604
0.9602
0.96
0.9599
0.9597
0.9596
0.96
0.959
0.959
0.959
0.959
0.959
0.959
0.959
0.959
0.959
0.959
0.959
0.959
0.959
0.959
0.959
0.959
0.959
0.959
0.959
0.959
0.959
0.96
0.96
0.96
0.96
0.96
0.96
0.96
0.96
0.96
0.96
0.96
0.961
0.961
0.961
0.961
0.961
0.961
0.961
0.961
0.962
0.962
0.962
0.962
0.962
0.962
0.962
0.962
0.963
0.963
0.963
0.963
0.963
0.963
0.963
0.963
0.964
0.964
0.964
0.964
0.964
0.964
0.964
0.965
0.965
0.965
0.965
0.965
0.965
0.965
0.966
0.966
0.966
0.966
0.966
0.966
0.966
0.966
0.967
0.967
0.967
0.967
0.967
0.967
0.967
0.967
0.968
0.968
0.8956379
0.8866664
0.9349644
0.997598
0.9606
0.9604
0.9602
0.96
0.9599
0.9597
0.9596
0.96
0.959
0.959
0.959
0.959
0.959
0.959
0.959
0.959
0.959
0.959
0.959
0.959
0.959
0.959
0.959
0.959
0.959
0.959
0.959
0.959
0.959
0.959
0.959
0.96
0.96
0.96
0.96
0.96
0.96
0.96
0.96
0.96
0.96
0.96
0.961
0.961
0.961
0.961
0.961
0.961
0.961
0.961
0.961
0.962
0.962
0.962
0.962
0.962
0.962
0.962
0.962
0.963
0.963
0.963
0.963
0.963
0.963
0.963
0.963
0.964
0.964
0.964
0.964
0.964
0.964
0.964
0.964
0.965
0.965
0.965
0.965
0.965
0.965
0.965
0.965
0.966
0.966
0.966
0.966
0.966
0.966
0.966
0.966
0.967
0.967
0.967
0.967
0.967
0.8956379
0.8866664
0.9349644
0.997598
0.9606
0.9604
0.9602
0.96
0.9599
0.9598
0.9596
0.96
0.959
0.959
0.959
0.959
0.959
0.959
0.959
0.959
0.959
0.959
0.959
0.959
0.959
0.959
0.959
0.959
0.959
0.959
0.959
0.959
0.959
0.959
0.959
0.959
0.959
0.96
0.96
0.96
0.96
0.96
0.96
0.96
0.96
0.96
0.96
0.96
0.961
0.961
0.961
0.961
0.961
0.961
0.961
0.961
0.961
0.961
0.962
0.962
0.962
0.962
0.962
0.962
0.962
0.962
0.963
0.963
0.963
0.963
0.963
0.963
0.963
0.963
0.963
0.964
0.964
0.964
0.964
0.964
0.964
0.964
0.964
0.965
0.965
0.965
0.965
0.965
0.965
0.965
0.965
0.965
0.966
0.966
0.966
0.966
0.966
0.966
0.966
0.966
0.8956379
0.8866664
0.9349645
0.997598
0.9606
0.9604
0.9602
0.96
0.9599
0.9598
0.9596
0.96
0.959
0.959
0.959
0.959
0.959
0.959
0.959
0.959
0.959
0.959
0.959
0.959
0.959
0.959
0.959
0.959
0.959
0.959
0.959
0.959
0.959
0.959
0.959
0.959
0.959
0.959
0.959
0.96
0.96
0.96
0.96
0.96
0.96
0.96
0.96
0.96
0.96
0.96
0.96
0.961
0.961
0.961
0.961
0.961
0.961
0.961
0.961
0.961
0.961
0.962
0.962
0.962
0.962
0.962
0.962
0.962
0.962
0.962
0.963
0.963
0.963
0.963
0.963
0.963
0.963
0.963
0.963
0.964
0.964
0.964
0.964
0.964
0.964
0.964
0.964
0.964
0.965
0.965
0.965
0.965
0.965
0.965
0.965
0.965
0.965
0.966
0.966
0.966
0.8956379
0.8866664
0.9349645
0.997598
0.9606
0.9604
0.9602
0.96
0.9599
0.9598
0.9596
0.96
0.959
0.959
0.959
0.959
0.959
0.959
0.959
0.959
0.959
0.959
0.959
0.959
0.959
0.959
0.959
0.959
0.959
0.959
0.959
0.959
0.959
0.959
0.959
0.959
0.959
0.959
0.959
0.959
0.959
0.959
0.96
0.96
0.96
0.96
0.96
0.96
0.96
0.96
0.96
0.96
0.96
0.96
0.961
0.961
0.961
0.961
0.961
0.961
0.961
0.961
0.961
0.961
0.962
0.962
0.962
0.962
0.962
0.962
0.962
0.962
0.962
0.962
0.963
0.963
0.963
0.963
0.963
0.963
0.963
0.963
0.963
0.964
0.964
0.964
0.964
0.964
0.964
0.964
0.964
0.964
0.964
0.965
0.965
0.965
0.965
0.965
0.965
0.965
0.8956379
0.8866664
0.9349645
0.997598
0.9606
0.9604
0.9602
0.96
0.9599
0.9598
0.9596
0.96
0.959
0.959
0.959
0.959
0.959
0.959
0.959
0.959
0.959
0.959
0.959
0.959
0.959
0.959
0.959
0.959
0.959
0.959
0.959
0.959
0.959
0.959
0.959
0.959
0.959
0.959
0.959
0.959
0.959
0.959
0.959
0.959
0.96
0.96
0.96
0.96
0.96
0.96
0.96
0.96
0.96
0.96
0.96
0.96
0.96
0.961
0.961
0.961
0.961
0.961
0.961
0.961
0.961
0.961
0.961
0.961
0.962
0.962
0.962
0.962
0.962
0.962
0.962
0.962
0.962
0.962
0.963
0.963
0.963
0.963
0.963
0.963
0.963
0.963
0.963
0.963
0.964
0.964
0.964
0.964
0.964
0.964
0.964
0.964
0.964
0.964
0.964
0.965
0.8956379
0.8866664
0.9349645
0.997598
0.9606
0.9604
0.9602
0.9601
0.9599
0.9598
0.9596
0.96
0.959
0.959
0.959
0.959
0.959
0.959
0.959
0.959
0.959
0.959
0.959
0.959
0.959
0.959
0.959
0.959
0.959
0.959
0.959
0.959
0.959
0.959
0.959
0.959
0.959
0.959
0.959
0.959
0.959
0.959
0.959
0.959
0.959
0.959
0.959
0.96
0.96
0.96
0.96
0.96
0.96
0.96
0.96
0.96
0.96
0.96
0.96
0.96
0.961
0.961
0.961
0.961
0.961
0.961
0.961
0.961
0.961
0.961
0.961
0.961
0.962
0.962
0.962
0.962
0.962
0.962
0.962
0.962
0.962
0.962
0.962
0.963
0.963
0.963
0.963
0.963
0.963
0.963
0.963
0.963
0.963
0.963
0.964
0.964
0.964
0.964
0.964
0.964
0.8956379
0.8866664
0.9349645
0.997598
0.9606
0.9604
0.9602
0.9601
0.9599
0.9598
0.9596
0.96
0.959
0.959
0.959
0.959
0.959
0.959
0.959
0.959
0.959
0.959
0.959
0.959
0.959
0.959
0.959
0.959
0.959
0.959
0.959
0.959
0.959
0.959
0.959
0.959
0.959
0.959
0.959
0.959
0.959
0.959
0.959
0.959
0.959
0.959
0.959
0.959
0.959
0.959
0.96
0.96
0.96
0.96
0.96
0.96
0.96
0.96
0.96
0.96
0.96
0.96
0.96
0.96
0.961
0.961
0.961
0.961
0.961
0.961
0.961
0.961
0.961
0.961
0.961
0.961
0.962
0.962
0.962
0.962
0.962
0.962
0.962
0.962
0.962
0.962
0.962
0.962
0.963
0.963
0.963
0.963
0.963
0.963
0.963
0.963
0.963
0.963
0.963
0.963
0.8956379
0.8866664
0.9349645
0.997598
0.9606
0.9604
0.9602
0.9601
0.9599
0.9598
0.9596
0.96
0.959
0.959
0.959
0.959
0.959
0.959
0.959
0.959
0.959
0.959
0.959
0.959
0.959
0.959
0.959
0.959
0.959
0.959
0.959
0.959
0.959
0.959
0.959
0.959
0.959
0.959
0.959
0.959
0.959
0.959
0.959
0.959
0.959
0.959
0.959
0.959
0.959
0.959
0.959
0.959
0.959
0.959
0.96
0.96
0.96
0.96
0.96
0.96
0.96
0.96
0.96
0.96
0.96
0.96
0.96
0.96
0.961
0.961
0.961
0.961
0.961
0.961
0.961
0.961
0.961
0.961
0.961
0.961
0.961
0.962
0.962
0.962
0.962
0.962
0.962
0.962
0.962
0.962
0.962
0.962
0.962
0.962
0.963
0.963
0.963
0.963
0.963
0.963
0.8956379
0.8866664
0.9349645
0.997598
0.9606
0.9604
0.9602
0.9601
0.9599
0.9598
0.9596
0.96
0.959
0.959
0.959
0.959
0.959
0.959
0.959
0.959
0.959
0.959
0.959
0.959
0.959
0.959
0.959
0.959
0.959
0.959
0.959
0.959
0.959
0.959
0.959
0.959
0.959
0.959
0.959
0.959
0.959
0.959
0.959
0.959
0.959
0.959
0.959
0.959
0.959
0.959
0.959
0.959
0.959
0.959
0.959
0.959
0.959
0.96
0.96
0.96
0.96
0.96
0.96
0.96
0.96
0.96
0.96
0.96
0.96
0.96
0.96
0.96
0.961
0.961
0.961
0.961
0.961
0.961
0.961
0.961
0.961
0.961
0.961
0.961
0.961
0.961
0.962
0.962
0.962
0.962
0.962
0.962
0.962
0.962
0.962
0.962
0.962
0.962
0.962
0.962
0.8956379
0.8866664
0.9349645
0.997597
0.9606
0.9604
0.9602
0.9601
0.9599
0.9598
0.9596
0.96
0.959
0.959
0.959
0.959
0.959
0.959
0.959
0.959
0.959
0.959
0.959
0.959
0.959
0.959
0.959
0.959
0.959
0.958
0.958
0.958
0.958
0.958
0.958
0.958
0.958
0.959
0.959
0.959
0.959
0.959
0.959
0.959
0.959
0.959
0.959
0.959
0.959
0.959
0.959
0.959
0.959
0.959
0.959
0.959
0.959
0.959
0.959
0.959
0.959
0.959
0.96
0.96
0.96
0.96
0.96
0.96
0.96
0.96
0.96
0.96
0.96
0.96
0.96
0.96
0.96
0.96
0.961
0.961
0.961
0.961
0.961
0.961
0.961
0.961
0.961
0.961
0.961
0.961
0.961
0.961
0.962
0.962
0.962
0.962
0.962
0.962
0.962
0.962
0.8956379
0.8866664
0.9349645
0.997597
0.9606
0.9604
0.9602
0.9601
0.9599
0.9598
0.9596
0.96
0.959
0.959
0.959
0.959
0.959
0.959
0.959
0.959
0.959
0.959
0.959
0.959
0.959
0.959
0.958
0.958
0.958
0.958
0.958
0.958
0.958
0.958
0.958
0.958
0.958
0.958
0.958
0.958
0.958
0.958
0.958
0.959
0.959
0.959
0.959
0.959
0.959
0.959
0.959
0.959
0.959
0.959
0.959
0.959
0.959
0.959
0.959
0.959
0.959
0.959
0.959
0.959
0.959
0.959
0.96
0.96
0.96
0.96
0.96
0.96
0.96
0.96
0.96
0.96
0.96
0.96
0.96
0.96
0.96
0.96
0.96
0.961
0.961
0.961
0.961
0.961
0.961
0.961
0.961
0.961
0.961
0.961
0.961
0.961
0.961
0.961
0.961
0.962
0.8956379
0.8866664
0.9349645
0.997597
0.9606
0.9604
0.9602
0.9601
0.9599
0.9598
0.9596
0.96
0.959
0.959
0.959
0.959
0.959
0.959
0.959
0.959
0.959
0.959
0.959
0.959
0.959
0.958
0.958
0.958
0.958
0.958
0.958
0.958
0.958
0.958
0.958
0.958
0.958
0.958
0.958
0.958
0.958
0.958
0.958
0.958
0.958
0.958
0.958
0.958
0.959
0.959
0.959
0.959
0.959
0.959
0.959
0.959
0.959
0.959
0.959
0.959
0.959
0.959
0.959
0.959
0.959
0.959
0.959
0.959
0.959
0.959
0.959
0.959
0.96
0.96
0.96
0.96
0.96
0.96
0.96
0.96
0.96
0.96
0.96
0.96
0.96
0.96
0.96
0.96
0.96
0.961
0.961
0.961
0.961
0.961
0.961
0.961
0.961
0.961
0.961
0.961
0.8956379
0.8866664
0.9349645
0.997597
0.9606
0.9604
0.9602
0.9601
0.9599
0.9598
0.9597
0.96
0.959
0.959
0.959
0.959
0.959
0.959
0.959
0.959
0.959
0.959
0.959
0.959
0.958
0.958
0.958
0.958
0.958
0.958
0.958
0.958
0.958
0.958
0.958
0.958
0.958
0.958
0.958
0.958
0.958
0.958
0.958
0.958
0.958
0.958
0.958
0.958
0.958
0.958
0.958
0.958
0.958
0.958
0.959
0.959
0.959
0.959
0.959
0.959
0.959
0.959
0.959
0.959
0.959
0.959
0.959
0.959
0.959
0.959
0.959
0.959
0.959
0.959
0.959
0.959
0.959
0.96
0.96
0.96
0.96
0.96
0.96
0.96
0.96
0.96
0.96
0.96
0.96
0.96
0.96
0.96
0.96
0.96
0.96
0.96
0.96
0.961
0.961
0.961
0.8956379
0.8866663
0.9349645
0.997597
0.9606
0.9604
0.9602
0.9601
0.9599
0.9598
0.9597
0.96
0.959
0.959
0.959
0.959
0.959
0.959
0.959
0.959
0.959
0.959
0.959
0.959
0.958
0.958
0.958
0.958
0.958
0.958
0.958
0.958
0.958
0.958
0.958
0.958
0.958
0.958
0.958
0.958
0.958
0.958
0.958
0.958
0.958
0.958
0.958
0.958
0.958
0.958
0.958
0.958
0.958
0.958
0.958
0.958
0.958
0.958
0.958
0.958
0.959
0.959
0.959
0.959
0.959
0.959
0.959
0.959
0.959
0.959
0.959
0.959
0.959
0.959
0.959
0.959
0.959
0.959
0.959
0.959
0.959
0.959
0.959
0.959
0.96
0.96
0.96
0.96
0.96
0.96
0.96
0.96
0.96
0.96
0.96
0.96
0.96
0.96
0.96
0.96
0.8956379
0.8866663
0.9349645
0.997597
0.9606
0.9604
0.9603
0.9601
0.9599
0.9598
0.9597
0.96
0.959
0.959
0.959
0.959
0.959
0.959
0.959
0.959
0.959
0.959
0.959
0.958
0.958
0.958
0.958
0.958
0.958
0.958
0.958
0.958
0.958
0.958
0.958
0.958
0.958
0.958
0.958
0.958
0.958
0.958
0.958
0.958
0.958
0.958
0.958
0.958
0.958
0.958
0.958
0.958
0.958
0.958
0.958
0.958
0.958
0.958
0.958
0.958
0.958
0.958
0.958
0.958
0.958
0.958
0.959
0.959
0.959
0.959
0.959
0.959
0.959
0.959
0.959
0.959
0.959
0.959
0.959
0.959
0.959
0.959
0.959
0.959
0.959
0.959
0.959
0.959
0.959
0.959
0.959
0.959
0.96
0.96
0.96
0.96
0.96
0.96
0.96
0.96
0.8956379
0.8866663
0.9349645
0.997597
0.9606
0.9604
0.9603
0.9601
0.9599
0.9598
0.9597
0.96
0.959
0.959
0.959
0.959
0.959
0.959
0.959
0.959
0.959
0.959
0.959
0.958
0.958
0.958
0.958
0.958
0.958
0.958
0.958
0.958
0.958
0.958
0.958
0.958
0.958
0.958
0.958
0.958
0.958
0.958
0.958
0.958
0.958
0.958
0.958
0.958
0.958
0.958
0.958
0.958
0.958
0.958
0.958
0.958
0.958
0.958
0.958
0.958
0.958
0.958
0.958
0.958
0.958
0.958
0.958
0.958
0.958
0.958
0.958
0.958
0.958
0.958
0.959
0.959
0.959
0.959
0.959
0.959
0.959
0.959
0.959
0.959
0.959
0.959
0.959
0.959
0.959
0.959
0.959
0.959
0.959
0.959
0.959
0.959
0.959
0.959
0.959
0.959
0.8956379
0.8866663
0.9349645
0.997597
0.9606
0.9604
0.9603
0.9601
0.9599
0.9598
0.9597
0.96
0.959
0.959
0.959
0.959
0.959
0.959
0.959
0.959
0.959
0.959
0.958
0.958
0.958
0.958
0.958
0.958
0.958
0.958
0.958
0.958
0.958
0.958
0.958
0.958
0.958
0.958
0.958
0.958
0.958
0.958
0.958
0.958
0.958
0.958
0.958
0.958
0.958
0.958
0.958
0.958
0.958
0.958
0.958
0.958
0.958
0.958
0.958
0.958
0.958
0.958
0.958
0.958
0.958
0.958
0.958
0.958
0.958
0.958
0.958
0.958
0.958
0.958
0.958
0.958
0.958
0.958
0.958
0.958
0.958
0.958
0.958
0.959
0.959
0.959
0.959
0.959
0.959
0.959
0.959
0.959
0.959
0.959
0.959
0.959
0.959
0.959
0.959
0.959
0.8956379
0.8866663
0.9349645
0.997597
0.9606
0.9604
0.9603
0.9601
0.96
0.9598
0.9597
0.96
0.959
0.959
0.959
0.959
0.959
0.959
0.959
0.959
0.959
0.959
0.958
0.958
0.958
0.958
0.958
0.958
0.958
0.958
0.958
0.958
0.958
0.958
0.958
0.958
0.958
0.958
0.958
0.958
0.958
0.958
0.958
0.958
0.958
0.958
0.958
0.958
0.958
0.958
0.958
0.958
0.958
0.958
0.958
0.958
0.958
0.958
0.958
0.958
0.958
0.958
0.958
0.958
0.958
0.958
0.958
0.958
0.958
0.958
0.958
0.958
0.958
0.958
0.958
0.958
0.958
0.958
0.958
0.958
0.958
0.958
0.958
0.958
0.958
0.958
0.958
0.958
0.958
0.958
0.958
0.958
0.958
0.959
0.959
0.959
0.959
0.959
0.959
0.959
0.8956379
0.8866663
0.9349645
0.997597
0.9606
0.9604
0.9603
0.9601
0.96
0.9598
0.9597
0.96
0.959
0.959
0.959
0.959
0.959
0.959
0.959
0.959
0.959
0.959
0.958
0.958
0.958
0.958
0.958
0.958
0.958
0.958
0.958
0.958
0.958
0.958
0.958
0.958
0.958
0.958
0.958
0.958
0.958
0.958
0.958
0.958
0.958
0.958
0.958
0.958
0.958
0.958
0.958
0.958
0.958
0.958
0.958
0.958
0.958
0.958
0.958
0.958
0.958
0.958
0.958
0.958
0.958
0.958
0.958
0.958
0.958
0.958
0.958
0.958
0.958
0.958
0.958
0.958
0.958
0.958
0.958
0.958
0.958
0.958
0.958
0.958
0.958
0.958
0.958
0.958
0.958
0.958
0.958
0.958
0.958
0.958
0.958
0.958
0.958
0.958
0.958
0.958
0.8956379
0.8866663
0.9349645
0.997597
0.9606
0.9604
0.9603
0.9601
0.96
0.9598
0.9597
0.96
0.959
0.959
0.959
0.959
0.959
0.959
0.959
0.959
0.959
0.959
0.958
0.958
0.958
0.958
0.958
0.958
0.958
0.958
0.958
0.958
0.958
0.958
0.958
0.958
0.958
0.958
0.958
0.958
0.958
0.958
0.958
0.958
0.957
0.957
0.957
0.957
0.957
0.957
0.957
0.957
0.957
0.957
0.957
0.957
0.957
0.957
0.957
0.957
0.957
0.957
0.957
0.957
0.957
0.957
0.957
0.957
0.957
0.957
0.957
0.957
0.958
0.958
0.958
0.958
0.958
0.958
0.958
0.958
0.958
0.958
0.958
0.958
0.958
0.958
0.958
0.958
0.958
0.958
0.958
0.958
0.958
0.958
0.958
0.958
0.958
0.958
0.958
0.958
0.8956379
0.8866663
0.9349645
0.997597
0.9606
0.9604
0.9603
0.9601
0.96
0.9598
0.9597
0.96
0.959
0.959
0.959
0.959
0.959
0.959
0.959
0.959
0.959
0.959
0.958
0.958
0.958
0.958
0.958
0.958
0.958
0.958
0.958
0.958
0.958
0.958
0.958
0.958
0.958
0.958
0.958
0.958
0.958
0.957
0.957
0.957
0.957
0.957
0.957
0.957
0.957
0.957
0.957
0.957
0.957
0.957
0.957
0.957
0.957
0.957
0.957
0.957
0.957
0.957
0.957
0.957
0.957
0.957
0.957
0.957
0.957
0.957
0.957
0.957
0.957
0.957
0.957
0.957
0.957
0.957
0.957
0.957
0.957
0.957
0.957
0.957
0.957
0.957
0.957
0.957
0.957
0.958
0.958
0.958
0.958
0.958
0.958
0.958
0.958
0.958
0.958
0.958
0.8956379
0.8866663
0.9349645
0.997597
0.9606
0.9604
0.9603
0.9601
0.96
0.9598
0.9597
0.96
0.959
0.959
0.959
0.959
0.959
0.959
0.959
0.959
0.959
0.958
0.958
0.958
0.958
0.958
0.958
0.958
0.958
0.958
0.958
0.958
0.958
0.958
0.958
0.958
0.958
0.958
0.957
0.957
0.957
0.957
0.957
0.957
0.957
0.957
0.957
0.957
0.957
0.957
0.957
0.957
0.957
0.957
0.957
0.957
0.957
0.957
0.957
0.957
0.957
0.957
0.957
0.957
0.957
0.957
0.957
0.957
0.957
0.957
0.957
0.957
0.957
0.957
0.957
0.957
0.957
0.957
0.957
0.957
0.957
0.957
0.957
0.957
0.957
0.957
0.957
0.957
0.957
0.957
0.957
0.957
0.957
0.957
0.957
0.957
0.957
0.957
0.957
0.957
0.8956379
0.8866663
0.9349645
0.997597
0.9606
0.9604
0.9603
0.9601
0.96
0.9598
0.9597
0.96
0.959
0.959
0.959
0.959
0.959
0.959
0.959
0.959
0.959
0.958
0.958
0.958
0.958
0.958
0.958
0.958
0.958
0.958
0.958
0.958
0.958
0.958
0.958
0.958
0.958
0.957
0.957
0.957
0.957
0.957
0.957
0.957
0.957
0.957
0.957
0.957
0.957
0.957
0.957
0.957
0.957
0.957
0.957
0.957
0.957
0.957
0.957
0.957
0.957
0.957
0.957
0.957
0.957
0.957
0.957
0.957
0.957
0.957
0.957
0.957
0.957
0.957
0.957
0.957
0.957
0.957
0.957
0.957
0.957
0.957
0.957
0.957
0.957
0.957
0.957
0.957
0.957
0.957
0.957
0.957
0.957
0.957
0.957
0.957
0.957
0.957
0.957
0.957
0.8956379
0.8866663
0.9349646
0.997597
0.9606
0.9604
0.9603
0.9601
0.96
0.9598
0.9597
0.96
0.959
0.959
0.959
0.959
0.959
0.959
0.959
0.959
0.959
0.958
0.958
0.958
0.958
0.958
0.958
0.958
0.958
0.958
0.958
0.958
0.958
0.958
0.958
0.958
0.957
0.957
0.957
0.957
0.957
0.957
0.957
0.957
0.957
0.957
0.957
0.957
0.957
0.957
0.957
0.957
0.957
0.957
0.957
0.957
0.957
0.957
0.957
0.957
0.957
0.957
0.957
0.957
0.957
0.957
0.957
0.957
0.957
0.957
0.957
0.957
0.957
0.957
0.957
0.957
0.957
0.957
0.957
0.957
0.957
0.957
0.957
0.957
0.957
0.957
0.957
0.957
0.957
0.957
0.957
0.957
0.957
0.957
0.957
0.957
0.957
0.957
0.957
0.957
0.8956379
0.8866663
0.9349646
0.997596
0.9606
0.9604
0.9603
0.9601
0.96
0.9598
0.9597
0.96
0.959
0.959
0.959
0.959
0.959
0.959
0.959
0.959
0.959
0.958
0.958
0.958
0.958
0.958
0.958
0.958
0.958
0.958
0.958
0.958
0.958
0.958
0.958
0.957
0.957
0.957
0.957
0.957
0.957
0.957
0.957
0.957
0.957
0.957
0.957
0.957
0.957
0.957
0.957
0.957
0.957
0.957
0.957
0.957
0.957
0.957
0.957
0.957
0.957
0.957
0.957
0.957
0.957
0.957
0.957
0.957
0.957
0.957
0.957
0.957
0.957
0.957
0.956
0.956
0.956
0.956
0.956
0.956
0.956
0.956
0.956
0.956
0.956
0.956
0.956
0.956
0.956
0.956
0.956
0.956
0.956
0.956
0.956
0.956
0.956
0.956
0.956
0.956
0.8956379
0.8866663
0.9349646
0.997596
0.9606
0.9604
0.9603
0.9601
0.96
0.9598
0.9597
0.96
0.959
0.959
0.959
0.959
0.959
0.959
0.959
0.959
0.959
0.958
0.958
0.958
0.958
0.958
0.958
0.958
0.958
0.958
0.958
0.958
0.958
0.958
0.957
0.957
0.957
0.957
0.957
0.957
0.957
0.957
0.957
0.957
0.957
0.957
0.957
0.957
0.957
0.957
0.957
0.957
0.957
0.957
0.957
0.957
0.957
0.957
0.957
0.957
0.957
0.956
0.956
0.956
0.956
0.956
0.956
0.956
0.956
0.956
0.956
0.956
0.956
0.956
0.956
0.956
0.956
0.956
0.956
0.956
0.956
0.956
0.956
0.956
0.956
0.956
0.956
0.956
0.956
0.956
0.956
0.956
0.956
0.956
0.956
0.956
0.956
0.956
0.956
0.956
0.8956379
0.8866663
0.9349646
0.997596
0.9606
0.9604
0.9603
0.9601
0.96
0.9598
0.96
0.96
0.959
0.959
0.959
0.959
0.959
0.959
0.959
0.959
0.959
0.958
0.958
0.958
0.958
0.958
0.958
0.958
0.958
0.958
0.958
0.958
0.958
0.958
0.957
0.957
0.957
0.957
0.957
0.957
0.957
0.957
0.957
0.957
0.957
0.957
0.957
0.957
0.957
0.957
0.957
0.957
0.957
0.957
0.957
0.957
0.956
0.956
0.956
0.956
0.956
0.956
0.956
0.956
0.956
0.956
0.956
0.956
0.956
0.956
0.956
0.956
0.956
0.956
0.956
0.956
0.956
0.956
0.956
0.956
0.956
0.956
0.956
0.956
0.956
0.956
0.956
0.956
0.956
0.956
0.956
0.956
0.956
0.956
0.956
0.956
0.956
0.956
0.956
0.956
0.8956379
0.8866663
0.9349646
0.997596
0.9606
0.9604
0.9603
0.9601
0.96
0.9598
0.96
0.96
0.959
0.959
0.959
0.959
0.959
0.959
0.959
0.959
0.959
0.958
0.958
0.958
0.958
0.958
0.958
0.958
0.958
0.958
0.958
0.958
0.958
0.957
0.957
0.957
0.957
0.957
0.957
0.957
0.957
0.957
0.957
0.957
0.957
0.957
0.957
0.957
0.957
0.957
0.957
0.957
0.957
0.956
0.956
0.956
0.956
0.956
0.956
0.956
0.956
0.956
0.956
0.956
0.956
0.956
0.956
0.956
0.956
0.956
0.956
0.956
0.956
0.956
0.956
0.956
0.956
0.956
0.956
0.956
0.956
0.956
0.956
0.956
0.956
0.956
0.956
0.956
0.956
0.956
0.956
0.956
0.956
0.956
0.956
0.956
0.956
0.956
0.956
0.956
0.8956379
0.8866663
0.9349646
0.997596
0.9606
0.9604
0.9603
0.9601
0.96
0.9598
0.96
0.96
0.959
0.959
0.959
0.959
0.959
0.959
0.959
0.959
0.959
0.958
0.958
0.958
0.958
0.958
0.958
0.958
0.958
0.958
0.958
0.958
0.957
0.957
0.957
0.957
0.957
0.957
0.957
0.957
0.957
0.957
0.957
0.957
0.957
0.957
0.957
0.957
0.957
0.957
0.957
0.956
0.956
0.956
0.956
0.956
0.956
0.956
0.956
0.956
0.956
0.956
0.956
0.956
0.956
0.956
0.956
0.956
0.956
0.956
0.956
0.956
0.956
0.956
0.956
0.956
0.956
0.956
0.956
0.956
0.956
0.956
0.956
0.956
0.956
0.956
0.956
0.956
0.956
0.956
0.956
0.956
0.955
0.955
0.955
0.955
0.955
0.955
0.955
0.955
0.8956379
0.8866663
0.9349646
0.997596
0.9606
0.9605
0.9603
0.9601
0.96
0.9598
0.96
0.96
0.959
0.959
0.959
0.959
0.959
0.959
0.959
0.959
0.959
0.958
0.958
0.958
0.958
0.958
0.958
0.958
0.958
0.958
0.958
0.958
0.957
0.957
0.957
0.957
0.957
0.957
0.957
0.957
0.957
0.957
0.957
0.957
0.957
0.957
0.957
0.957
0.957
0.956
0.956
0.956
0.956
0.956
0.956
0.956
0.956
0.956
0.956
0.956
0.956
0.956
0.956
0.956
0.956
0.956
0.956
0.956
0.956
0.956
0.956
0.956
0.956
0.956
0.956
0.956
0.956
0.956
0.956
0.956
0.955
0.955
0.955
0.955
0.955
0.955
0.955
0.955
0.955
0.955
0.955
0.955
0.955
0.955
0.955
0.955
0.955
0.955
0.955
0.955
0.8956379
0.8866663
0.9349646
0.997596
0.9606
0.9605
0.9603
0.9601
0.96
0.9599
0.96
0.96
0.959
0.959
0.959
0.959
0.959
0.959
0.959
0.959
0.959
0.958
0.958
0.958
0.958
0.958
0.958
0.958
0.958
0.958
0.958
0.958
0.957
0.957
0.957
0.957
0.957
0.957
0.957
0.957
0.957
0.957
0.957
0.957
0.957
0.957
0.957
0.956
0.956
0.956
0.956
0.956
0.956
0.956
0.956
0.956
0.956
0.956
0.956
0.956
0.956
0.956
0.956
0.956
0.956
0.956
0.956
0.956
0.956
0.956
0.956
0.956
0.956
0.955
0.955
0.955
0.955
0.955
0.955
0.955
0.955
0.955
0.955
0.955
0.955
0.955
0.955
0.955
0.955
0.955
0.955
0.955
0.955
0.955
0.955
0.955
0.955
0.955
0.955
0.955
0.8956379
0.8866663
0.9349646
0.997596
0.9606
0.9605
0.9603
0.9601
0.96
0.9599
0.96
0.96
0.959
0.959
0.959
0.959
0.959
0.959
0.959
0.959
0.958
0.958
0.958
0.958
0.958
0.958
0.958
0.958
0.958
0.958
0.958
0.957
0.957
0.957
0.957
0.957
0.957
0.957
0.957
0.957
0.957
0.957
0.957
0.957
0.957
0.957
0.956
0.956
0.956
0.956
0.956
0.956
0.956
0.956
0.956
0.956
0.956
0.956
0.956
0.956
0.956
0.956
0.956
0.956
0.956
0.956
0.956
0.956
0.956
0.955
0.955
0.955
0.955
0.955
0.955
0.955
0.955
0.955
0.955
0.955
0.955
0.955
0.955
0.955
0.955
0.955
0.955
0.955
0.955
0.955
0.955
0.955
0.955
0.955
0.955
0.955
0.955
0.955
0.955
0.955
0.8956379
0.8866663
0.9349646
0.997596
0.9606
0.9605
0.9603
0.9601
0.96
0.9599
0.96
0.96
0.959
0.959
0.959
0.959
0.959
0.959
0.959
0.959
0.958
0.958
0.958
0.958
0.958
0.958
0.958
0.958
0.958
0.958
0.958
0.957
0.957
0.957
0.957
0.957
0.957
0.957
0.957
0.957
0.957
0.957
0.957
0.957
0.957
0.956
0.956
0.956
0.956
0.956
0.956
0.956
0.956
0.956
0.956
0.956
0.956
0.956
0.956
0.956
0.956
0.956
0.956
0.956
0.956
0.955
0.955
0.955
0.955
0.955
0.955
0.955
0.955
0.955
0.955
0.955
0.955
0.955
0.955
0.955
0.955
0.955
0.955
0.955
0.955
0.955
0.955
0.955
0.955
0.955
0.955
0.955
0.955
0.955
0.955
0.955
0.955
0.955
0.955
0.954
0.8956379
0.8866663
0.9349646
0.997596
0.9606
0.9605
0.9603
0.9601
0.96
0.9599
0.96
0.96
0.959
0.959
0.959
0.959
0.959
0.959
0.959
0.959
0.958
0.958
0.958
0.958
0.958
0.958
0.958
0.958
0.958
0.958
0.958
0.957
0.957
0.957
0.957
0.957
0.957
0.957
0.957
0.957
0.957
0.957
0.957
0.957
0.956
0.956
0.956
0.956
0.956
0.956
0.956
0.956
0.956
0.956
0.956
0.956
0.956
0.956
0.956
0.956
0.956
0.956
0.956
0.955
0.955
0.955
0.955
0.955
0.955
0.955
0.955
0.955
0.955
0.955
0.955
0.955
0.955
0.955
0.955
0.955
0.955
0.955
0.955
0.955
0.955
0.955
0.955
0.955
0.955
0.955
0.955
0.954
0.954
0.954
0.954
0.954
0.954
0.954
0.954
0.954
0.8956379
0.8866663
0.9349646
0.997596
0.9606
0.9605
0.9603
0.9601
0.96
0.9599
0.96
0.96
0.959
0.959
0.959
0.959
0.959
0.959
0.959
0.959
0.958
0.958
0.958
0.958
0.958
0.958
0.958
0.958
0.958
0.958
0.958
0.957
0.957
0.957
0.957
0.957
0.957
0.957
0.957
0.957
0.957
0.957
0.957
0.956
0.956
0.956
0.956
0.956
0.956
0.956
0.956
0.956
0.956
0.956
0.956
0.956
0.956
0.956
0.956
0.956
0.956
0.955
0.955
0.955
0.955
0.955
0.955
0.955
0.955
0.955
0.955
0.955
0.955
0.955
0.955
0.955
0.955
0.955
0.955
0.955
0.955
0.955
0.955
0.955
0.955
0.954
0.954
0.954
0.954
0.954
0.954
0.954
0.954
0.954
0.954
0.954
0.954
0.954
0.954
0.954
0.8956379
0.8866663
0.9349646
0.997596
0.9606
0.9605
0.9603
0.9602
0.96
0.9599
0.96
0.96
0.959
0.959
0.959
0.959
0.959
0.959
0.959
0.959
0.958
0.958
0.958
0.958
0.958
0.958
0.958
0.958
0.958
0.958
0.957
0.957
0.957
0.957
0.957
0.957
0.957
0.957
0.957
0.957
0.957
0.957
0.957
0.956
0.956
0.956
0.956
0.956
0.956
0.956
0.956
0.956
0.956
0.956
0.956
0.956
0.956
0.956
0.956
0.955
0.955
0.955
0.955
0.955
0.955
0.955
0.955
0.955
0.955
0.955
0.955
0.955
0.955
0.955
0.955
0.955
0.955
0.955
0.955
0.955
0.955
0.954
0.954
0.954
0.954
0.954
0.954
0.954
0.954
0.954
0.954
0.954
0.954
0.954
0.954
0.954
0.954
0.954
0.954
0.954
0.8956379
0.8866663
0.9349646
0.997596
0.9606
0.9605
0.9603
0.9602
0.96
0.9599
0.96
0.96
0.959
0.959
0.959
0.959
0.959
0.959
0.959
0.959
0.958
0.958
0.958
0.958
0.958
0.958
0.958
0.958
0.958
0.958
0.957
0.957
0.957
0.957
0.957
0.957
0.957
0.957
0.957
0.957
0.957
0.957
0.956
0.956
0.956
0.956
0.956
0.956
0.956
0.956
0.956
0.956
0.956
0.956
0.956
0.956
0.956
0.955
0.955
0.955
0.955
0.955
0.955
0.955
0.955
0.955
0.955
0.955
0.955
0.955
0.955
0.955
0.955
0.955
0.955
0.955
0.955
0.954
0.954
0.954
0.954
0.954
0.954
0.954
0.954
0.954
0.954
0.954
0.954
0.954
0.954
0.954
0.954
0.954
0.954
0.954
0.954
0.954
0.954
0.954
0.8956379
0.8866663
0.9349646
0.997596
0.9606
0.9605
0.9603
0.9602
0.96
0.9599
0.96
0.96
0.959
0.959
0.959
0.959
0.959
0.959
0.959
0.959
0.958
0.958
0.958
0.958
0.958
0.958
0.958
0.958
0.958
0.958
0.957
0.957
0.957
0.957
0.957
0.957
0.957
0.957
0.957
0.957
0.957
0.957
0.956
0.956
0.956
0.956
0.956
0.956
0.956
0.956
0.956
0.956
0.956
0.956
0.956
0.956
0.955
0.955
0.955
0.955
0.955
0.955
0.955
0.955
0.955
0.955
0.955
0.955
0.955
0.955
0.955
0.955
0.955
0.955
0.954
0.954
0.954
0.954
0.954
0.954
0.954
0.954
0.954
0.954
0.954
0.954
0.954
0.954
0.954
0.954
0.954
0.954
0.954
0.954
0.954
0.954
0.954
0.954
0.954
0.953
0.8956379
0.8866663
0.9349646
0.997596
0.9606
0.9605
0.9603
0.9602
0.96
0.9599
0.96
0.96
0.959
0.959
0.959
0.959
0.959
0.959
0.959
0.959
0.958
0.958
0.958
0.958
0.958
0.958
0.958
0.958
0.958
0.958
0.957
0.957
0.957
0.957
0.957
0.957
0.957
0.957
0.957
0.957
0.957
0.956
0.956
0.956
0.956
0.956
0.956
0.956
0.956
0.956
0.956
0.956
0.956
0.956
0.956
0.955
0.955
0.955
0.955
0.955
0.955
0.955
0.955
0.955
0.955
0.955
0.955
0.955
0.955
0.955
0.955
0.955
0.954
0.954
0.954
0.954
0.954
0.954
0.954
0.954
0.954
0.954
0.954
0.954
0.954
0.954
0.954
0.954
0.954
0.954
0.954
0.954
0.954
0.954
0.953
0.953
0.953
0.953
0.953
0.953
0.8956379
0.8866663
0.9349646
0.997596
0.9606
0.9605
0.9603
0.9602
0.96
0.9599
0.96
0.96
0.959
0.959
0.959
0.959
0.959
0.959
0.959
0.959
0.958
0.958
0.958
0.958
0.958
0.958
0.958
0.958
0.958
0.957
0.957
0.957
0.957
0.957
0.957
0.957
0.957
0.957
0.957
0.957
0.957
0.956
0.956
0.956
0.956
0.956
0.956
0.956
0.956
0.956
0.956
0.956
0.956
0.956
0.955
0.955
0.955
0.955
0.955
0.955
0.955
0.955
0.955
0.955
0.955
0.955
0.955
0.955
0.955
0.955
0.954
0.954
0.954
0.954
0.954
0.954
0.954
0.954
0.954
0.954
0.954
0.954
0.954
0.954
0.954
0.954
0.954
0.954
0.954
0.954
0.953
0.953
0.953
0.953
0.953
0.953
0.953
0.953
0.953
0.953
0.8956379
0.8866663
0.9349646
0.997596
0.9606
0.9605
0.9603
0.9602
0.96
0.9599
0.96
0.96
0.959
0.959
0.959
0.959
0.959
0.959
0.959
0.959
0.958
0.958
0.958
0.958
0.958
0.958
0.958
0.958
0.958
0.957
0.957
0.957
0.957
0.957
0.957
0.957
0.957
0.957
0.957
0.957
0.956
0.956
0.956
0.956
0.956
0.956
0.956
0.956
0.956
0.956
0.956
0.956
0.956
0.955
0.955
0.955
0.955
0.955
0.955
0.955
0.955
0.955
0.955
0.955
0.955
0.955
0.955
0.955
0.954
0.954
0.954
0.954
0.954
0.954
0.954
0.954
0.954
0.954
0.954
0.954
0.954
0.954
0.954
0.954
0.954
0.954
0.954
0.953
0.953
0.953
0.953
0.953
0.953
0.953
0.953
0.953
0.953
0.953
0.953
0.953
0.8956379
0.8866663
0.9349646
0.997596
0.9606
0.9605
0.9603
0.9602
0.96
0.9599
0.96
0.96
0.959
0.959
0.959
0.959
0.959
0.959
0.959
0.959
0.958
0.958
0.958
0.958
0.958
0.958
0.958
0.958
0.958
0.957
0.957
0.957
0.957
0.957
0.957
0.957
0.957
0.957
0.957
0.957
0.956
0.956
0.956
0.956
0.956
0.956
0.956
0.956
0.956
0.956
0.956
0.956
0.955
0.955
0.955
0.955
0.955
0.955
0.955
0.955
0.955
0.955
0.955
0.955
0.955
0.955
0.955
0.954
0.954
0.954
0.954
0.954
0.954
0.954
0.954
0.954
0.954
0.954
0.954
0.954
0.954
0.954
0.954
0.954
0.953
0.953
0.953
0.953
0.953
0.953
0.953
0.953
0.953
0.953
0.953
0.953
0.953
0.953
0.953
0.953
0.8956379
0.8866663
0.9349646
0.997596
0.9606
0.9605
0.9603
0.9602
0.96
0.9599
0.96
0.96
0.959
0.959
0.959
0.959
0.959
0.959
0.959
0.959
0.958
0.958
0.958
0.958
0.958
0.958
0.958
0.958
0.958
0.957
0.957
0.957
0.957
0.957
0.957
0.957
0.957
0.957
0.957
0.956
0.956
0.956
0.956
0.956
0.956
0.956
0.956
0.956
0.956
0.956
0.956
0.955
0.955
0.955
0.955
0.955
0.955
0.955
0.955
0.955
0.955
0.955
0.955
0.955
0.955
0.954
0.954
0.954
0.954
0.954
0.954
0.954
0.954
0.954
0.954
0.954
0.954
0.954
0.954
0.954
0.954
0.954
0.953
0.953
0.953
0.953
0.953
0.953
0.953
0.953
0.953
0.953
0.953
0.953
0.953
0.953
0.953
0.953
0.953
0.953
0.8956379
0.8866663
0.9349646
0.997596
0.9606
0.9605
0.9603
0.9602
0.96
0.9599
0.96
0.96
0.959
0.959
0.959
0.959
0.959
0.959
0.959
0.959
0.958
0.958
0.958
0.958
0.958
0.958
0.958
0.958
0.958
0.957
0.957
0.957
0.957
0.957
0.957
0.957
0.957
0.957
0.957
0.956
0.956
0.956
0.956
0.956
0.956
0.956
0.956
0.956
0.956
0.956
0.956
0.955
0.955
0.955
0.955
0.955
0.955
0.955
0.955
0.955
0.955
0.955
0.955
0.955
0.954
0.954
0.954
0.954
0.954
0.954
0.954
0.954
0.954
0.954
0.954
0.954
0.954
0.954
0.954
0.954
0.953
0.953
0.953
0.953
0.953
0.953
0.953
0.953
0.953
0.953
0.953
0.953
0.953
0.953
0.953
0.953
0.953
0.953
0.952
0.952
0.8956379
0.8866663
0.9349646
0.997596
0.9606
0.9605
0.9603
0.9602
0.96
0.9599
0.96
0.96
0.959
0.959
0.959
0.959
0.959
0.959
0.959
0.959
0.958
0.958
0.958
0.958
0.958
0.958
0.958
0.958
0.958
0.957
0.957
0.957
0.957
0.957
0.957
0.957
0.957
0.957
0.957
0.956
0.956
0.956
0.956
0.956
0.956
0.956
0.956
0.956
0.956
0.956
0.955
0.955
0.955
0.955
0.955
0.955
0.955
0.955
0.955
0.955
0.955
0.955
0.955
0.954
0.954
0.954
0.954
0.954
0.954
0.954
0.954
0.954
0.954
0.954
0.954
0.954
0.954
0.954
0.953
0.953
0.953
0.953
0.953
0.953
0.953
0.953
0.953
0.953
0.953
0.953
0.953
0.953
0.953
0.953
0.953
0.952
0.952
0.952
0.952
0.952
0.8956379
0.8866663
0.9349646
0.997596
0.9606
0.9605
0.9603
0.9602
0.96
0.9599
0.96
0.96
0.959
0.959
0.959
0.959
0.959
0.959
0.959
0.959
0.958
0.958
0.958
0.958
0.958
0.958
0.958
0.958
0.958
0.957
0.957
0.957
0.957
0.957
0.957
0.957
0.957
0.957
0.956
0.956
0.956
0.956
0.956
0.956
0.956
0.956
0.956
0.956
0.956
0.956
0.955
0.955
0.955
0.955
0.955
0.955
0.955
0.955
0.955
0.955
0.955
0.955
0.954
0.954
0.954
0.954
0.954
0.954
0.954
0.954
0.954
0.954
0.954
0.954
0.954
0.954
0.953
0.953
0.953
0.953
0.953
0.953
0.953
0.953
0.953
0.953
0.953
0.953
0.953
0.953
0.953
0.953
0.952
0.952
0.952
0.952
0.952
0.952
0.952
0.952
0.8956379
0.8866663
0.9349646
0.997596
0.9606
0.9605
0.9603
0.9602
0.96
0.9599
0.96
0.96
0.959
0.959
0.959
0.959
0.959
0.959
0.959
0.959
0.958
0.958
0.958
0.958
0.958
0.958
0.958
0.958
0.958
0.957
0.957
0.957
0.957
0.957
0.957
0.957
0.957
0.957
0.956
0.956
0.956
0.956
0.956
0.956
0.956
0.956
0.956
0.956
0.956
0.955
0.955
0.955
0.955
0.955
0.955
0.955
0.955
0.955
0.955
0.955
0.955
0.954
0.954
0.954
0.954
0.954
0.954
0.954
0.954
0.954
0.954
0.954
0.954
0.954
0.954
0.953
0.953
0.953
0.953
0.953
0.953
0.953
0.953
0.953
0.953
0.953
0.953
0.953
0.953
0.953
0.952
0.952
0.952
0.952
0.952
0.952
0.952
0.952
0.952
0.952
0.8956379
0.8866663
0.9349646
0.997596
0.9606
0.9605
0.9603
0.9602
0.96
0.9599
0.96
0.96
0.959
0.959
0.959
0.959
0.959
0.959
0.959
0.959
0.958
0.958
0.958
0.958
0.958
0.958
0.958
0.958
0.958
0.957
0.957
0.957
0.957
0.957
0.957
0.957
0.957
0.957
0.956
0.956
0.956
0.956
0.956
0.956
0.956
0.956
0.956
0.956
0.956
0.955
0.955
0.955
0.955
0.955
0.955
0.955
0.955
0.955
0.955
0.955
0.954
0.954
0.954
0.954
0.954
0.954
0.954
0.954
0.954
0.954
0.954
0.954
0.954
0.953
0.953
0.953
0.953
0.953
0.953
0.953
0.953
0.953
0.953
0.953
0.953
0.953
0.953
0.953
0.952
0.952
0.952
0.952
0.952
0.952
0.952
0.952
0.952
0.952
0.952
0.952
0.8956379
0.8866663
0.9349646
0.997596
0.9606
0.9605
0.9603
0.9602
0.96
0.9599
0.96
0.96
0.959
0.959
0.959
0.959
0.959
0.959
0.959
0.959
0.958
0.958
0.958
0.958
0.958
0.958
0.958
0.958
0.957
0.957
0.957
0.957
0.957
0.957
0.957
0.957
0.957
0.957
0.956
0.956
0.956
0.956
0.956
0.956
0.956
0.956
0.956
0.956
0.955
0.955
0.955
0.955
0.955
0.955
0.955
0.955
0.955
0.955
0.955
0.955
0.954
0.954
0.954
0.954
0.954
0.954
0.954
0.954
0.954
0.954
0.954
0.954
0.953
0.953
0.953
0.953
0.953
0.953
0.953
0.953
0.953
0.953
0.953
0.953
0.953
0.953
0.952
0.952
0.952
0.952
0.952
0.952
0.952
0.952
0.952
0.952
0.952
0.952
0.952
0.952
0.8956379
0.8866663
0.9349646
0.997596
0.9606
0.9605
0.9603
0.9602
0.96
0.9599
0.96
0.96
0.959
0.959
0.959
0.959
0.959
0.959
0.959
0.959
0.958
0.958
0.958
0.958
0.958
0.958
0.958
0.958
0.957
0.957
0.957
0.957
0.957
0.957
0.957
0.957
0.957
0.957
0.956
0.956
0.956
0.956
0.956
0.956
0.956
0.956
0.956
0.956
0.955
0.955
0.955
0.955
0.955
0.955
0.955
0.955
0.955
0.955
0.955
0.954
0.954
0.954
0.954
0.954
0.954
0.954
0.954
0.954
0.954
0.954
0.954
0.953
0.953
0.953
0.953
0.953
0.953
0.953
0.953
0.953
0.953
0.953
0.953
0.953
0.953
0.952
0.952
0.952
0.952
0.952
0.952
0.952
0.952
0.952
0.952
0.952
0.952
0.952
0.952
0.952
0.8956379
0.8866663
0.9349646
0.997595
0.9606
0.9605
0.9603
0.9602
0.96
0.9599
0.96
0.96
0.959
0.959
0.959
0.959
0.959
0.959
0.959
0.959
0.958
0.958
0.958
0.958
0.958
0.958
0.958
0.958
0.957
0.957
0.957
0.957
0.957
0.957
0.957
0.957
0.957
0.956
0.956
0.956
0.956
0.956
0.956
0.956
0.956
0.956
0.956
0.955
0.955
0.955
0.955
0.955
0.955
0.955
0.955
0.955
0.955
0.955
0.954
0.954
0.954
0.954
0.954
0.954
0.954
0.954
0.954
0.954
0.954
0.954
0.953
0.953
0.953
0.953
0.953
0.953
0.953
0.953
0.953
0.953
0.953
0.953
0.953
0.952
0.952
0.952
0.952
0.952
0.952
0.952
0.952
0.952
0.952
0.952
0.952
0.952
0.952
0.952
0.951
0.951
0.8956379
0.8866663
0.9349646
0.997595
0.9606
0.9605
0.9603
0.9602
0.96
0.9599
0.96
0.96
0.959
0.959
0.959
0.959
0.959
0.959
0.959
0.959
0.958
0.958
0.958
0.958
0.958
0.958
0.958
0.958
0.957
0.957
0.957
0.957
0.957
0.957
0.957
0.957
0.957
0.956
0.956
0.956
0.956
0.956
0.956
0.956
0.956
0.956
0.956
0.955
0.955
0.955
0.955
0.955
0.955
0.955
0.955
0.955
0.955
0.955
0.954
0.954
0.954
0.954
0.954
0.954
0.954
0.954
0.954
0.954
0.954
0.953
0.953
0.953
0.953
0.953
0.953
0.953
0.953
0.953
0.953
0.953
0.953
0.953
0.952
0.952
0.952
0.952
0.952
0.952
0.952
0.952
0.952
0.952
0.952
0.952
0.952
0.952
0.951
0.951
0.951
0.951
0.8956379
0.8866663
0.9349646
0.997595
0.9606
0.9605
0.9603
0.9602
0.96
0.9599
0.96
0.96
0.959
0.959
0.959
0.959
0.959
0.959
0.959
0.959
0.958
0.958
0.958
0.958
0.958
0.958
0.958
0.958
0.957
0.957
0.957
0.957
0.957
0.957
0.957
0.957
0.957
0.956
0.956
0.956
0.956
0.956
0.956
0.956
0.956
0.956
0.956
0.955
0.955
0.955
0.955
0.955
0.955
0.955
0.955
0.955
0.955
0.954
0.954
0.954
0.954
0.954
0.954
0.954
0.954
0.954
0.954
0.954
0.953
0.953
0.953
0.953
0.953
0.953
0.953
0.953
0.953
0.953
0.953
0.953
0.953
0.952
0.952
0.952
0.952
0.952
0.952
0.952
0.952
0.952
0.952
0.952
0.952
0.952
0.951
0.951
0.951
0.951
0.951
0.951
0.8956379
0.8866663
0.9349646
0.997595
0.9606
0.9605
0.9603
0.9602
0.9601
0.9599
0.96
0.96
0.959
0.959
0.959
0.959
0.959
0.959
0.959
0.959
0.958
0.958
0.958
0.958
0.958
0.958
0.958
0.958
0.957
0.957
0.957
0.957
0.957
0.957
0.957
0.957
0.957
0.956
0.956
0.956
0.956
0.956
0.956
0.956
0.956
0.956
0.955
0.955
0.955
0.955
0.955
0.955
0.955
0.955
0.955
0.955
0.954
0.954
0.954
0.954
0.954
0.954
0.954
0.954
0.954
0.954
0.954
0.954
0.953
0.953
0.953
0.953
0.953
0.953
0.953
0.953
0.953
0.953
0.953
0.953
0.952
0.952
0.952
0.952
0.952
0.952
0.952
0.952
0.952
0.952
0.952
0.952
0.952
0.951
0.951
0.951
0.951
0.951
0.951
0.951
0.8956379
0.8866663
0.9349646
0.997595
0.9606
0.9605
0.9603
0.9602
0.9601
0.9599
0.96
0.96
0.959
0.959
0.959
0.959
0.959
0.959
0.959
0.959
0.958
0.958
0.958
0.958
0.958
0.958
0.958
0.958
0.957
0.957
0.957
0.957
0.957
0.957
0.957
0.957
0.957
0.956
0.956
0.956
0.956
0.956
0.956
0.956
0.956
0.956
0.955
0.955
0.955
0.955
0.955
0.955
0.955
0.955
0.955
0.955
0.954
0.954
0.954
0.954
0.954
0.954
0.954
0.954
0.954
0.954
0.954
0.953
0.953
0.953
0.953
0.953
0.953
0.953
0.953
0.953
0.953
0.953
0.953
0.952
0.952
0.952
0.952
0.952
0.952
0.952
0.952
0.952
0.952
0.952
0.952
0.951
0.951
0.951
0.951
0.951
0.951
0.951
0.951
0.951
