0.8956376
0.886664
0.9166252
0.9827044
1.0002
1.00107
1.0025
1.0042
1.0063
1.0087
1.0111
1.0137
1.0164
1.0191
1.0218
1.0245
1.0273
1.0299
1.0326
1.0352
1.0377
1.0402
1.0426
1.045
1.0473
1.0496
1.0518
1.054
1.056
1.0581
1.06
1.062
1.0638
1.0656
1.0674
1.0691
1.0708
1.0724
1.0739
1.0755
1.077
1.0784
1.0798
1.0812
1.0825
1.0838
1.085
1.0863
1.0875
1.0886
1.0897
1.0908
1.0919
1.093
1.094
1.095
1.0959
1.0969
1.0978
1.0987
1.0996
1.1004
1.1013
1.1021
1.1029
1.1036
1.1044
1.1052
1.1059
1.1066
1.1073
1.108
1.1086
1.1093
1.1099
1.1105
1.111
1.112
1.112
1.113
1.113
1.114
1.115
1.115
1.116
1.116
1.117
1.117
1.118
1.118
1.118
1.119
1.119
1.12
1.12
1.121
1.121
1.121
1.122
1.122
0.8956376
0.886664
0.9166275
0.9827069
1.00016
1.00087
1.002
1.0035
1.0053
1.0073
1.0094
1.0117
1.0141
1.0165
1.019
1.0215
1.0239
1.0264
1.0289
1.0313
1.0337
1.0361
1.0384
1.0406
1.0429
1.045
1.0472
1.0492
1.0513
1.0532
1.0552
1.057
1.0589
1.0606
1.0624
1.0641
1.0657
1.0673
1.0689
1.0704
1.072
1.073
1.075
1.076
1.077
1.079
1.08
1.081
1.082
1.084
1.085
1.086
1.087
1.088
1.089
1.09
1.091
1.092
1.093
1.094
1.095
1.096
1.096
1.097
1.098
1.099
1.1
1.1
1.101
1.102
1.103
1.103
1.104
1.105
1.105
1.106
1.107
1.107
1.108
1.108
1.109
1.109
1.11
1.111
1.111
1.112
1.112
1.113
1.113
1.114
1.114
1.115
1.115
1.115
1.116
1.116
1.117
1.117
1.118
1.118
0.8956376
0.886664
0.9166286
0.9827081
1.00013
1.0007
1.0017
1.003
1.0045
1.0062
1.0081
1.0101
1.0122
1.0144
1.0166
1.0188
1.0211
1.0234
1.0257
1.0279
1.0302
1.0324
1.0346
1.0367
1.0388
1.0409
1.0429
1.0449
1.047
1.049
1.051
1.052
1.054
1.056
1.058
1.059
1.061
1.063
1.064
1.066
1.067
1.069
1.07
1.071
1.073
1.074
1.075
1.076
1.078
1.079
1.08
1.081
1.082
1.083
1.084
1.085
1.086
1.087
1.088
1.089
1.09
1.091
1.092
1.093
1.093
1.094
1.095
1.096
1.097
1.097
1.098
1.099
1.099
1.1
1.101
1.101
1.102
1.103
1.103
1.104
1.105
1.105
1.106
1.106
1.107
1.107
1.108
1.108
1.109
1.109
1.11
1.11
1.111
1.111
1.112
1.112
1.113
1.113
1.113
1.114
0.8956376
0.886664
0.9166293
0.9827088
1.00011
1.0006
1.0014
1.0025
1.0038
1.0053
1.007
1.0088
1.0106
1.0126
1.0146
1.0166
1.0187
1.0208
1.0229
1.025
1.0271
1.0291
1.0312
1.033
1.035
1.037
1.039
1.041
1.043
1.045
1.047
1.048
1.05
1.052
1.053
1.055
1.057
1.058
1.06
1.061
1.063
1.064
1.065
1.067
1.068
1.069
1.071
1.072
1.073
1.074
1.075
1.077
1.078
1.079
1.08
1.081
1.082
1.083
1.084
1.085
1.086
1.086
1.087
1.088
1.089
1.09
1.091
1.091
1.092
1.093
1.094
1.094
1.095
1.096
1.096
1.097
1.098
1.098
1.099
1.1
1.1
1.101
1.101
1.102
1.102
1.103
1.104
1.104
1.105
1.105
1.106
1.106
1.107
1.107
1.107
1.108
1.108
1.109
1.109
1.11
0.8956376
0.886664
0.9166298
0.9827093
1.00009
1.0005
1.0012
1.0022
1.0033
1.0046
1.0061
1.0077
1.0093
1.0111
1.0129
1.0147
1.0166
1.0186
1.0205
1.0224
1.024
1.026
1.028
1.03
1.032
1.034
1.036
1.038
1.039
1.041
1.043
1.045
1.046
1.048
1.049
1.051
1.053
1.054
1.056
1.057
1.058
1.06
1.061
1.063
1.064
1.065
1.066
1.068
1.069
1.07
1.071
1.072
1.073
1.074
1.075
1.076
1.077
1.078
1.079
1.08
1.081
1.082
1.083
1.084
1.085
1.085
1.086
1.087
1.088
1.089
1.089
1.09
1.091
1.091
1.092
1.093
1.094
1.094
1.095
1.095
1.096
1.097
1.097
1.098
1.098
1.099
1.099
1.1
1.1
1.101
1.102
1.102
1.102
1.103
1.103
1.104
1.104
1.105
1.105
1.106
0.8956376
0.886664
0.9166301
0.9827097
1.00008
1.0004
1.001
1.0019
1.0029
1.004
1.0053
1.0067
1.0082
1.0098
1.0114
1.0131
1.0149
1.0166
1.018
1.02
1.022
1.024
1.026
1.027
1.029
1.031
1.033
1.034
1.036
1.038
1.039
1.041
1.043
1.044
1.046
1.047
1.049
1.05
1.052
1.053
1.055
1.056
1.057
1.059
1.06
1.061
1.062
1.063
1.065
1.066
1.067
1.068
1.069
1.07
1.071
1.072
1.073
1.074
1.075
1.076
1.077
1.078
1.079
1.08
1.08
1.081
1.082
1.083
1.084
1.084
1.085
1.086
1.087
1.087
1.088
1.089
1.089
1.09
1.091
1.091
1.092
1.093
1.093
1.094
1.094
1.095
1.095
1.096
1.096
1.097
1.098
1.098
1.099
1.099
1.099
1.1
1.1
1.101
1.101
1.102
0.8956376
0.886664
0.9166304
0.98271
1.00007
1.0004
1.0009
1.0016
1.0025
1.0035
1.0047
1.006
1.0073
1.0087
1.0102
1.0118
1.0133
1.015
1.017
1.018
1.02
1.022
1.023
1.025
1.027
1.028
1.03
1.032
1.033
1.035
1.036
1.038
1.039
1.041
1.042
1.044
1.045
1.047
1.048
1.05
1.051
1.052
1.053
1.055
1.056
1.057
1.058
1.06
1.061
1.062
1.063
1.064
1.065
1.066
1.067
1.068
1.069
1.07
1.071
1.072
1.073
1.074
1.075
1.076
1.077
1.077
1.078
1.079
1.08
1.08
1.081
1.082
1.083
1.083
1.084
1.085
1.085
1.086
1.087
1.087
1.088
1.089
1.089
1.09
1.09
1.091
1.092
1.092
1.093
1.093
1.094
1.094
1.095
1.095
1.096
1.096
1.097
1.097
1.098
1.098
0.8956376
0.886664
0.9166306
0.9827102
1.00006
1.0003
1.0008
1.0014
1.0022
1.0031
1.0042
1.0053
1.0065
1.0078
1.0092
1.0106
1.012
1.013
1.015
1.017
1.018
1.02
1.021
1.023
1.024
1.026
1.027
1.029
1.03
1.032
1.034
1.035
1.036
1.038
1.039
1.041
1.042
1.044
1.045
1.046
1.047
1.049
1.05
1.051
1.052
1.054
1.055
1.056
1.057
1.058
1.059
1.06
1.061
1.063
1.064
1.065
1.066
1.066
1.067
1.068
1.069
1.07
1.071
1.072
1.073
1.074
1.074
1.075
1.076
1.077
1.077
1.078
1.079
1.08
1.08
1.081
1.082
1.082
1.083
1.084
1.084
1.085
1.085
1.086
1.087
1.087
1.088
1.088
1.089
1.089
1.09
1.09
1.091
1.091
1.092
1.092
1.093
1.093
1.094
1.094
0.8956376
0.886664
0.9166307
0.9827103
1.00005
1.0003
1.0007
1.0013
1.002
1.0028
1.0037
1.0048
1.0059
1.007
1.0083
1.01
1.011
1.012
1.014
1.015
1.016
1.018
1.019
1.021
1.022
1.024
1.025
1.027
1.028
1.03
1.031
1.032
1.034
1.035
1.037
1.038
1.039
1.041
1.042
1.043
1.044
1.046
1.047
1.048
1.049
1.05
1.052
1.053
1.054
1.055
1.056
1.057
1.058
1.059
1.06
1.061
1.062
1.063
1.064
1.065
1.066
1.067
1.067
1.068
1.069
1.07
1.071
1.071
1.072
1.073
1.074
1.075
1.075
1.076
1.077
1.077
1.078
1.079
1.079
1.08
1.081
1.081
1.082
1.082
1.083
1.084
1.084
1.085
1.085
1.086
1.086
1.087
1.087
1.088
1.088
1.089
1.089
1.09
1.09
1.091
0.8956376
0.886664
0.9166308
0.9827105
1.00005
1.0003
1.0006
1.0011
1.0018
1.0025
1.0033
1.0043
1.0053
1.0063
1.007
1.009
1.01
1.011
1.012
1.014
1.015
1.016
1.018
1.019
1.02
1.022
1.023
1.025
1.026
1.027
1.029
1.03
1.031
1.033
1.034
1.035
1.037
1.038
1.039
1.04
1.041
1.043
1.044
1.045
1.046
1.047
1.048
1.049
1.051
1.052
1.053
1.054
1.055
1.056
1.057
1.058
1.059
1.06
1.06
1.061
1.062
1.063
1.064
1.065
1.066
1.066
1.067
1.068
1.069
1.07
1.07
1.071
1.072
1.072
1.073
1.074
1.074
1.075
1.076
1.076
1.077
1.078
1.078
1.079
1.079
1.08
1.081
1.081
1.082
1.082
1.083
1.083
1.084
1.084
1.085
1.085
1.086
1.086
1.087
1.087
0.8956376
0.886664
0.916631
0.9827106
1.00004
1.0002
1.0006
1.001
1.0016
1.0023
1.003
1.0039
1.0048
1.0057
1.007
1.008
1.009
1.01
1.011
1.013
1.014
1.015
1.016
1.018
1.019
1.02
1.021
1.023
1.024
1.025
1.027
1.028
1.029
1.03
1.032
1.033
1.034
1.035
1.036
1.038
1.039
1.04
1.041
1.042
1.043
1.044
1.045
1.047
1.048
1.049
1.05
1.051
1.052
1.053
1.054
1.054
1.055
1.056
1.057
1.058
1.059
1.06
1.061
1.062
1.062
1.063
1.064
1.065
1.065
1.066
1.067
1.068
1.068
1.069
1.07
1.07
1.071
1.072
1.072
1.073
1.074
1.074
1.075
1.075
1.076
1.077
1.077
1.078
1.078
1.079
1.079
1.08
1.08
1.081
1.081
1.082
1.082
1.083
1.083
1.084
0.8956376
0.886664
0.916631
0.9827107
1.00004
1.0002
1.0005
1.0009
1.0014
1.002
1.0027
1.0035
1.0043
1.0052
1.006
1.007
1.008
1.009
1.01
1.011
1.013
1.014
1.015
1.016
1.017
1.019
1.02
1.021
1.022
1.023
1.025
1.026
1.027
1.028
1.029
1.031
1.032
1.033
1.034
1.035
1.036
1.037
1.039
1.04
1.041
1.042
1.043
1.044
1.045
1.046
1.047
1.048
1.049
1.05
1.051
1.052
1.052
1.053
1.054
1.055
1.056
1.057
1.058
1.058
1.059
1.06
1.061
1.062
1.062
1.063
1.064
1.064
1.065
1.066
1.067
1.067
1.068
1.069
1.069
1.07
1.07
1.071
1.072
1.072
1.073
1.073
1.074
1.074
1.075
1.076
1.076
1.077
1.077
1.078
1.078
1.079
1.079
1.08
1.08
1.081
0.8956376
0.886664
0.9166311
0.9827108
1.00003
1.0002
1.0005
1.0008
1.0013
1.0019
1.0025
1.0032
1.004
1.005
1.006
1.007
1.008
1.008
1.01
1.011
1.012
1.013
1.014
1.015
1.016
1.017
1.018
1.019
1.021
1.022
1.023
1.024
1.025
1.026
1.027
1.029
1.03
1.031
1.032
1.033
1.034
1.035
1.036
1.037
1.038
1.039
1.04
1.041
1.042
1.043
1.044
1.045
1.046
1.047
1.048
1.049
1.05
1.05
1.051
1.052
1.053
1.054
1.055
1.055
1.056
1.057
1.058
1.059
1.059
1.06
1.061
1.061
1.062
1.063
1.063
1.064
1.065
1.065
1.066
1.067
1.067
1.068
1.068
1.069
1.07
1.07
1.071
1.071
1.072
1.072
1.073
1.073
1.074
1.074
1.075
1.075
1.076
1.076
1.077
1.077
0.8956376
0.886664
0.9166312
0.9827108
1.00003
1.0002
1.0004
1.0008
1.0012
1.0017
1.0023
1.0029
1.0036
1.004
1.005
1.006
1.007
1.008
1.009
1.01
1.011
1.012
1.013
1.014
1.015
1.016
1.017
1.018
1.019
1.02
1.021
1.022
1.023
1.025
1.026
1.027
1.028
1.029
1.03
1.031
1.032
1.033
1.034
1.035
1.036
1.037
1.038
1.039
1.04
1.041
1.042
1.043
1.043
1.044
1.045
1.046
1.047
1.048
1.049
1.049
1.05
1.051
1.052
1.053
1.053
1.054
1.055
1.056
1.056
1.057
1.058
1.058
1.059
1.06
1.061
1.061
1.062
1.062
1.063
1.064
1.064
1.065
1.065
1.066
1.067
1.067
1.068
1.068
1.069
1.069
1.07
1.07
1.071
1.071
1.072
1.072
1.073
1.073
1.074
1.074
0.8956376
0.886664
0.9166312
0.9827109
1.00003
1.0002
1.0004
1.0007
1.0011
1.0015
1.0021
1.0027
1.0033
1.004
1.005
1.006
1.006
1.007
1.008
1.009
1.01
1.011
1.012
1.013
1.014
1.015
1.016
1.017
1.018
1.019
1.02
1.021
1.022
1.023
1.024
1.025
1.026
1.027
1.028
1.029
1.03
1.031
1.032
1.033
1.034
1.035
1.036
1.037
1.038
1.038
1.039
1.04
1.041
1.042
1.043
1.044
1.044
1.045
1.046
1.047
1.048
1.048
1.049
1.05
1.051
1.051
1.052
1.053
1.054
1.054
1.055
1.056
1.056
1.057
1.058
1.058
1.059
1.06
1.06
1.061
1.061
1.062
1.063
1.063
1.064
1.064
1.065
1.065
1.066
1.066
1.067
1.067
1.068
1.068
1.069
1.069
1.07
1.07
1.071
1.071
0.8956376
0.886664
0.9166313
0.9827109
1.00003
1.0001
1.0003
1.0006
1.001
1.0014
1.0019
1.0025
1.0031
1.004
1.004
1.005
1.006
1.007
1.007
1.008
1.009
1.01
1.011
1.012
1.013
1.014
1.015
1.016
1.017
1.018
1.019
1.02
1.02
1.021
1.022
1.023
1.024
1.025
1.026
1.027
1.028
1.029
1.03
1.031
1.032
1.033
1.034
1.035
1.035
1.036
1.037
1.038
1.039
1.04
1.04
1.041
1.042
1.043
1.044
1.044
1.045
1.046
1.047
1.048
1.048
1.049
1.05
1.05
1.051
1.052
1.052
1.053
1.054
1.054
1.055
1.056
1.056
1.057
1.058
1.058
1.059
1.059
1.06
1.06
1.061
1.062
1.062
1.063
1.063
1.064
1.064
1.065
1.065
1.066
1.066
1.067
1.067
1.068
1.068
1.068
0.8956376
0.886664
0.9166313
0.982711
1.00002
1.0001
1.0003
1.0006
1.0009
1.0013
1.0018
1.0023
1.003
1.003
1.004
1.005
1.005
1.006
1.007
1.008
1.009
1.009
1.01
1.011
1.012
1.013
1.014
1.015
1.016
1.016
1.017
1.018
1.019
1.02
1.021
1.022
1.023
1.024
1.025
1.026
1.026
1.027
1.028
1.029
1.03
1.031
1.032
1.033
1.033
1.034
1.035
1.036
1.037
1.038
1.038
1.039
1.04
1.041
1.041
1.042
1.043
1.044
1.044
1.045
1.046
1.047
1.047
1.048
1.049
1.049
1.05
1.051
1.051
1.052
1.052
1.053
1.054
1.054
1.055
1.056
1.056
1.057
1.057
1.058
1.058
1.059
1.059
1.06
1.06
1.061
1.061
1.062
1.062
1.063
1.063
1.064
1.064
1.065
1.065
1.066
0.8956376
0.886664
0.9166314
0.982711
1.00002
1.0001
1.0003
1.0005
1.0008
1.0012
1.0016
1.0021
1.003
1.003
1.004
1.004
1.005
1.006
1.006
1.007
1.008
1.009
1.009
1.01
1.011
1.012
1.013
1.014
1.015
1.015
1.016
1.017
1.018
1.019
1.02
1.021
1.021
1.022
1.023
1.024
1.025
1.026
1.027
1.027
1.028
1.029
1.03
1.031
1.032
1.032
1.033
1.034
1.035
1.036
1.036
1.037
1.038
1.039
1.039
1.04
1.041
1.041
1.042
1.043
1.044
1.044
1.045
1.046
1.046
1.047
1.048
1.048
1.049
1.049
1.05
1.051
1.051
1.052
1.052
1.053
1.054
1.054
1.055
1.055
1.056
1.056
1.057
1.057
1.058
1.058
1.059
1.059
1.06
1.06
1.061
1.061
1.062
1.062
1.063
1.063
0.8956376
0.886664
0.9166314
0.9827111
1.00002
1.0001
1.0003
1.0005
1.0008
1.0011
1.0015
1.0019
1.002
1.003
1.003
1.004
1.005
1.005
1.006
1.007
1.007
1.008
1.009
1.01
1.01
1.011
1.012
1.013
1.014
1.014
1.015
1.016
1.017
1.018
1.019
1.019
1.02
1.021
1.022
1.023
1.023
1.024
1.025
1.026
1.027
1.027
1.028
1.029
1.03
1.031
1.031
1.032
1.033
1.034
1.034
1.035
1.036
1.037
1.037
1.038
1.039
1.039
1.04
1.041
1.041
1.042
1.043
1.043
1.044
1.045
1.045
1.046
1.047
1.047
1.048
1.048
1.049
1.05
1.05
1.051
1.051
1.052
1.052
1.053
1.053
1.054
1.054
1.055
1.055
1.056
1.056
1.057
1.057
1.058
1.058
1.059
1.059
1.06
1.06
1.061
0.8956376
0.886664
0.9166315
0.9827111
1.00002
1.0001
1.0003
1.0005
1.0007
1.001
1.0014
1.0018
1.002
1.003
1.003
1.004
1.004
1.005
1.006
1.006
1.007
1.008
1.008
1.009
1.01
1.01
1.011
1.012
1.013
1.013
1.014
1.015
1.016
1.017
1.017
1.018
1.019
1.02
1.021
1.021
1.022
1.023
1.024
1.024
1.025
1.026
1.027
1.028
1.028
1.029
1.03
1.03
1.031
1.032
1.033
1.033
1.034
1.035
1.035
1.036
1.037
1.037
1.038
1.039
1.039
1.04
1.041
1.041
1.042
1.043
1.043
1.044
1.044
1.045
1.046
1.046
1.047
1.047
1.048
1.048
1.049
1.05
1.05
1.051
1.051
1.052
1.052
1.053
1.053
1.054
1.054
1.055
1.055
1.055
1.056
1.056
1.057
1.057
1.058
1.058
0.8956376
0.886664
0.9166315
0.9827111
1
1.0001
1.0002
1.0004
1.0007
1.001
1.0013
1.0017
1.002
1.003
1.003
1.004
1.004
1.005
1.005
1.006
1.006
1.007
1.008
1.008
1.009
1.01
1.011
1.011
1.012
1.013
1.013
1.014
1.015
1.016
1.016
1.017
1.018
1.019
1.019
1.02
1.021
1.022
1.022
1.023
1.024
1.025
1.025
1.026
1.027
1.027
1.028
1.029
1.03
1.03
1.031
1.032
1.032
1.033
1.034
1.034
1.035
1.036
1.036
1.037
1.038
1.038
1.039
1.039
1.04
1.041
1.041
1.042
1.042
1.043
1.044
1.044
1.045
1.045
1.046
1.046
1.047
1.047
1.048
1.048
1.049
1.049
1.05
1.05
1.051
1.051
1.052
1.052
1.053
1.053
1.054
1.054
1.055
1.055
1.055
1.056
0.8956376
0.886664
0.9166315
0.9827112
1
1.0001
1.0002
1.0004
1.0006
1.0009
1.0012
1.0016
1.002
1.002
1.003
1.003
1.004
1.004
1.005
1.005
1.006
1.007
1.007
1.008
1.009
1.009
1.01
1.011
1.011
1.012
1.013
1.013
1.014
1.015
1.015
1.016
1.017
1.018
1.018
1.019
1.02
1.02
1.021
1.022
1.023
1.023
1.024
1.025
1.025
1.026
1.027
1.027
1.028
1.029
1.029
1.03
1.031
1.031
1.032
1.033
1.033
1.034
1.035
1.035
1.036
1.036
1.037
1.038
1.038
1.039
1.039
1.04
1.04
1.041
1.042
1.042
1.043
1.043
1.044
1.044
1.045
1.045
1.046
1.046
1.047
1.047
1.048
1.048
1.049
1.049
1.05
1.05
1.051
1.051
1.051
1.052
1.052
1.053
1.053
1.054
0.8956376
0.886664
0.9166315
0.9827112
1
1.0001
1.0002
1.0004
1.0006
1.0008
1.0011
1.0015
1.002
1.002
1.003
1.003
1.004
1.004
1.005
1.005
1.006
1.006
1.007
1.007
1.008
1.009
1.009
1.01
1.011
1.011
1.012
1.013
1.013
1.014
1.015
1.015
1.016
1.017
1.017
1.018
1.019
1.019
1.02
1.021
1.021
1.022
1.023
1.023
1.024
1.025
1.025
1.026
1.027
1.027
1.028
1.029
1.029
1.03
1.03
1.031
1.032
1.032
1.033
1.033
1.034
1.035
1.035
1.036
1.036
1.037
1.038
1.038
1.039
1.039
1.04
1.04
1.041
1.041
1.042
1.042
1.043
1.043
1.044
1.044
1.045
1.045
1.046
1.046
1.047
1.047
1.048
1.048
1.048
1.049
1.049
1.05
1.05
1.051
1.051
1.051
0.8956376
0.886664
0.9166315
0.9827112
1
1.0001
1.0002
1.0003
1.0005
1.0008
1.0011
1.0014
1.002
1.002
1.002
1.003
1.003
1.004
1.004
1.005
1.005
1.006
1.006
1.007
1.008
1.008
1.009
1.009
1.01
1.011
1.011
1.012
1.012
1.013
1.014
1.014
1.015
1.016
1.016
1.017
1.018
1.018
1.019
1.02
1.02
1.021
1.022
1.022
1.023
1.023
1.024
1.025
1.025
1.026
1.027
1.027
1.028
1.028
1.029
1.03
1.03
1.031
1.031
1.032
1.032
1.033
1.034
1.034
1.035
1.035
1.036
1.036
1.037
1.037
1.038
1.038
1.039
1.039
1.04
1.04
1.041
1.041
1.042
1.042
1.043
1.043
1.044
1.044
1.045
1.045
1.046
1.046
1.046
1.047
1.047
1.048
1.048
1.049
1.049
1.049
0.8956376
0.886664
0.9166316
0.9827113
1
1.0001
1.0002
1.0003
1.0005
1.0007
1.001
1.001
1.002
1.002
1.002
1.003
1.003
1.004
1.004
1.005
1.005
1.006
1.006
1.007
1.007
1.008
1.008
1.009
1.009
1.01
1.011
1.011
1.012
1.012
1.013
1.014
1.014
1.015
1.015
1.016
1.017
1.017
1.018
1.019
1.019
1.02
1.02
1.021
1.022
1.022
1.023
1.023
1.024
1.025
1.025
1.026
1.026
1.027
1.028
1.028
1.029
1.029
1.03
1.03
1.031
1.031
1.032
1.033
1.033
1.034
1.034
1.035
1.035
1.036
1.036
1.037
1.037
1.038
1.038
1.039
1.039
1.04
1.04
1.041
1.041
1.041
1.042
1.042
1.043
1.043
1.044
1.044
1.045
1.045
1.045
1.046
1.046
1.047
1.047
1.047
0.8956376
0.886664
0.9166316
0.9827113
1
1.0001
1.0002
1.0003
1.0005
1.0007
1.0009
1.001
1.001
1.002
1.002
1.003
1.003
1.003
1.004
1.004
1.005
1.005
1.006
1.006
1.007
1.007
1.008
1.008
1.009
1.009
1.01
1.011
1.011
1.012
1.012
1.013
1.013
1.014
1.015
1.015
1.016
1.016
1.017
1.018
1.018
1.019
1.019
1.02
1.021
1.021
1.022
1.022
1.023
1.023
1.024
1.025
1.025
1.026
1.026
1.027
1.027
1.028
1.028
1.029
1.03
1.03
1.031
1.031
1.032
1.032
1.033
1.033
1.034
1.034
1.035
1.035
1.036
1.036
1.037
1.037
1.037
1.038
1.038
1.039
1.039
1.04
1.04
1.041
1.041
1.041
1.042
1.042
1.043
1.043
1.044
1.044
1.044
1.045
1.045
1.046
0.8956376
0.886664
0.9166316
0.9827113
1
1.0001
1.0002
1.0003
1.0004
1.0006
1.0009
1.001
1.001
1.002
1.002
1.002
1.003
1.003
1.004
1.004
1.004
1.005
1.005
1.006
1.006
1.007
1.007
1.008
1.008
1.009
1.009
1.01
1.011
1.011
1.012
1.012
1.013
1.013
1.014
1.014
1.015
1.016
1.016
1.017
1.017
1.018
1.018
1.019
1.02
1.02
1.021
1.021
1.022
1.022
1.023
1.023
1.024
1.024
1.025
1.026
1.026
1.027
1.027
1.028
1.028
1.029
1.029
1.03
1.03
1.031
1.031
1.032
1.032
1.033
1.033
1.034
1.034
1.034
1.035
1.035
1.036
1.036
1.037
1.037
1.038
1.038
1.038
1.039
1.039
1.04
1.04
1.041
1.041
1.041
1.042
1.042
1.043
1.043
1.043
1.044
0.8956376
0.886664
0.9166316
0.9827113
1
1.0001
1.0001
1.0003
1.0004
1.0006
1.0008
1.001
1.001
1.002
1.002
1.002
1.003
1.003
1.003
1.004
1.004
1.005
1.005
1.006
1.006
1.006
1.007
1.007
1.008
1.008
1.009
1.009
1.01
1.01
1.011
1.012
1.012
1.013
1.013
1.014
1.014
1.015
1.015
1.016
1.016
1.017
1.017
1.018
1.019
1.019
1.02
1.02
1.021
1.021
1.022
1.022
1.023
1.023
1.024
1.024
1.025
1.025
1.026
1.026
1.027
1.027
1.028
1.028
1.029
1.029
1.03
1.03
1.031
1.031
1.032
1.032
1.033
1.033
1.033
1.034
1.034
1.035
1.035
1.036
1.036
1.036
1.037
1.037
1.038
1.038
1.039
1.039
1.039
1.04
1.04
1.04
1.041
1.041
1.042
1.042
0.8956376
0.886664
0.9166316
0.9827113
1
1.0001
1.0001
1.0003
1.0004
1.0006
1.0008
1.001
1.001
1.002
1.002
1.002
1.002
1.003
1.003
1.004
1.004
1.004
1.005
1.005
1.006
1.006
1.007
1.007
1.007
1.008
1.008
1.009
1.009
1.01
1.01
1.011
1.011
1.012
1.012
1.013
1.014
1.014
1.015
1.015
1.016
1.016
1.017
1.017
1.018
1.018
1.019
1.019
1.02
1.02
1.021
1.021
1.022
1.022
1.023
1.023
1.024
1.024
1.025
1.025
1.026
1.026
1.027
1.027
1.028
1.028
1.028
1.029
1.029
1.03
1.03
1.031
1.031
1.032
1.032
1.032
1.033
1.033
1.034
1.034
1.035
1.035
1.035
1.036
1.036
1.037
1.037
1.037
1.038
1.038
1.038
1.039
1.039
1.04
1.04
1.04
0.8956376
0.886664
0.9166317
0.9827113
1
1.0001
1.0001
1.0002
1.0004
1.0005
1.0007
1.001
1.001
1.001
1.002
1.002
1.002
1.003
1.003
1.003
1.004
1.004
1.005
1.005
1.005
1.006
1.006
1.007
1.007
1.008
1.008
1.008
1.009
1.009
1.01
1.01
1.011
1.011
1.012
1.012
1.013
1.013
1.014
1.014
1.015
1.015
1.016
1.016
1.017
1.017
1.018
1.018
1.019
1.019
1.02
1.02
1.021
1.021
1.022
1.022
1.023
1.023
1.024
1.024
1.024
1.025
1.025
1.026
1.026
1.027
1.027
1.028
1.028
1.029
1.029
1.029
1.03
1.03
1.031
1.031
1.031
1.032
1.032
1.033
1.033
1.033
1.034
1.034
1.035
1.035
1.035
1.036
1.036
1.037
1.037
1.037
1.038
1.038
1.038
1.039
0.8956376
0.886664
0.9166317
0.9827113
1
1
1.0001
1.0002
1.0004
1.0005
1.0007
1.001
1.001
1.001
1.002
1.002
1.002
1.003
1.003
1.003
1.004
1.004
1.004
1.005
1.005
1.005
1.006
1.006
1.007
1.007
1.008
1.008
1.009
1.009
1.009
1.01
1.01
1.011
1.011
1.012
1.012
1.013
1.013
1.014
1.014
1.015
1.015
1.016
1.016
1.016
1.017
1.017
1.018
1.018
1.019
1.019
1.02
1.02
1.021
1.021
1.022
1.022
1.022
1.023
1.023
1.024
1.024
1.025
1.025
1.026
1.026
1.026
1.027
1.027
1.028
1.028
1.029
1.029
1.029
1.03
1.03
1.031
1.031
1.031
1.032
1.032
1.032
1.033
1.033
1.034
1.034
1.034
1.035
1.035
1.035
1.036
1.036
1.036
1.037
1.037
0.8956376
0.886664
0.9166317
0.9827114
1
1
1.0001
1.0002
1.0003
1.0005
1.0006
1.001
1.001
1.001
1.002
1.002
1.002
1.002
1.003
1.003
1.003
1.004
1.004
1.004
1.005
1.005
1.006
1.006
1.006
1.007
1.007
1.008
1.008
1.009
1.009
1.009
1.01
1.01
1.011
1.011
1.012
1.012
1.013
1.013
1.013
1.014
1.014
1.015
1.015
1.016
1.016
1.017
1.017
1.018
1.018
1.018
1.019
1.019
1.02
1.02
1.021
1.021
1.021
1.022
1.022
1.023
1.023
1.024
1.024
1.024
1.025
1.025
1.026
1.026
1.027
1.027
1.027
1.028
1.028
1.028
1.029
1.029
1.03
1.03
1.03
1.031
1.031
1.032
1.032
1.032
1.033
1.033
1.033
1.034
1.034
1.034
1.035
1.035
1.035
1.036
0.8956376
0.886664
0.9166317
0.9827114
1
1
1.0001
1.0002
1.0003
1.0005
1.0006
1.001
1.001
1.001
1.001
1.002
1.002
1.002
1.003
1.003
1.003
1.004
1.004
1.004
1.005
1.005
1.005
1.006
1.006
1.006
1.007
1.007
1.008
1.008
1.008
1.009
1.009
1.01
1.01
1.011
1.011
1.011
1.012
1.012
1.013
1.013
1.014
1.014
1.015
1.015
1.015
1.016
1.016
1.017
1.017
1.018
1.018
1.018
1.019
1.019
1.02
1.02
1.021
1.021
1.021
1.022
1.022
1.023
1.023
1.023
1.024
1.024
1.025
1.025
1.025
1.026
1.026
1.027
1.027
1.027
1.028
1.028
1.028
1.029
1.029
1.03
1.03
1.03
1.031
1.031
1.031
1.032
1.032
1.032
1.033
1.033
1.033
1.034
1.034
1.034
0.8956376
0.886664
0.9166317
0.9827114
1
1
1.0001
1.0002
1.0003
1.0004
1.0006
1.001
1.001
1.001
1.001
1.002
1.002
1.002
1.002
1.003
1.003
1.003
1.004
1.004
1.004
1.005
1.005
1.005
1.006
1.006
1.007
1.007
1.007
1.008
1.008
1.008
1.009
1.009
1.01
1.01
1.011
1.011
1.011
1.012
1.012
1.013
1.013
1.013
1.014
1.014
1.015
1.015
1.016
1.016
1.016
1.017
1.017
1.018
1.018
1.018
1.019
1.019
1.02
1.02
1.02
1.021
1.021
1.022
1.022
1.022
1.023
1.023
1.024
1.024
1.024
1.025
1.025
1.025
1.026
1.026
1.027
1.027
1.027
1.028
1.028
1.028
1.029
1.029
1.029
1.03
1.03
1.03
1.031
1.031
1.031
1.032
1.032
1.032
1.033
1.033
0.8956376
0.886664
0.9166317
0.9827114
1
1
1.0001
1.0002
1.0003
1.0004
1.0005
1.001
1.001
1.001
1.001
1.002
1.002
1.002
1.002
1.003
1.003
1.003
1.003
1.004
1.004
1.004
1.005
1.005
1.005
1.006
1.006
1.007
1.007
1.007
1.008
1.008
1.008
1.009
1.009
1.01
1.01
1.01
1.011
1.011
1.012
1.012
1.012
1.013
1.013
1.014
1.014
1.014
1.015
1.015
1.016
1.016
1.016
1.017
1.017
1.018
1.018
1.018
1.019
1.019
1.02
1.02
1.02
1.021
1.021
1.021
1.022
1.022
1.023
1.023
1.023
1.024
1.024
1.024
1.025
1.025
1.025
1.026
1.026
1.026
1.027
1.027
1.027
1.028
1.028
1.028
1.029
1.029
1.029
1.03
1.03
1.03
1.031
1.031
1.031
1.032
0.8956376
0.886664
0.9166317
0.9827114
1
1
1.0001
1.0002
1.0003
1.0004
1.0005
1.001
1.001
1.001
1.001
1.001
1.002
1.002
1.002
1.002
1.003
1.003
1.003
1.004
1.004
1.004
1.005
1.005
1.005
1.006
1.006
1.006
1.007
1.007
1.007
1.008
1.008
1.008
1.009
1.009
1.01
1.01
1.01
1.011
1.011
1.011
1.012
1.012
1.013
1.013
1.013
1.014
1.014
1.015
1.015
1.015
1.016
1.016
1.016
1.017
1.017
1.018
1.018
1.018
1.019
1.019
1.019
1.02
1.02
1.021
1.021
1.021
1.022
1.022
1.022
1.023
1.023
1.023
1.024
1.024
1.024
1.025
1.025
1.025
1.026
1.026
1.026
1.027
1.027
1.027
1.028
1.028
1.028
1.029
1.029
1.029
1.029
1.03
1.03
1.03
0.8956376
0.886664
0.9166317
0.9827114
1
1
1.0001
1.0002
1.0003
1.0004
1.0005
1.001
1.001
1.001
1.001
1.001
1.002
1.002
1.002
1.002
1.003
1.003
1.003
1.003
1.004
1.004
1.004
1.005
1.005
1.005
1.006
1.006
1.006
1.007
1.007
1.007
1.008
1.008
1.008
1.009
1.009
1.009
1.01
1.01
1.011
1.011
1.011
1.012
1.012
1.012
1.013
1.013
1.014
1.014
1.014
1.015
1.015
1.015
1.016
1.016
1.016
1.017
1.017
1.018
1.018
1.018
1.019
1.019
1.019
1.02
1.02
1.02
1.021
1.021
1.021
1.022
1.022
1.022
1.023
1.023
1.023
1.024
1.024
1.024
1.025
1.025
1.025
1.026
1.026
1.026
1.027
1.027
1.027
1.027
1.028
1.028
1.028
1.029
1.029
1.029
0.8956376
0.886664
0.9166317
0.9827114
1
1
1.0001
1.0002
1.0002
1.0003
1.0005
1.001
1.001
1.001
1.001
1.001
1.002
1.002
1.002
1.002
1.002
1.003
1.003
1.003
1.004
1.004
1.004
1.004
1.005
1.005
1.005
1.006
1.006
1.006
1.007
1.007
1.007
1.008
1.008
1.008
1.009
1.009
1.009
1.01
1.01
1.01
1.011
1.011
1.011
1.012
1.012
1.013
1.013
1.013
1.014
1.014
1.014
1.015
1.015
1.015
1.016
1.016
1.016
1.017
1.017
1.017
1.018
1.018
1.018
1.019
1.019
1.019
1.02
1.02
1.02
1.021
1.021
1.021
1.022
1.022
1.022
1.023
1.023
1.023
1.024
1.024
1.024
1.025
1.025
1.025
1.025
1.026
1.026
1.026
1.027
1.027
1.027
1.027
1.028
1.028
0.8956376
0.886664
0.9166318
0.9827115
1
1
1.0001
1.0001
1.0002
1.0003
1.0004
1.001
1.001
1.001
1.001
1.001
1.001
1.002
1.002
1.002
1.002
1.003
1.003
1.003
1.003
1.004
1.004
1.004
1.004
1.005
1.005
1.005
1.006
1.006
1.006
1.007
1.007
1.007
1.008
1.008
1.008
1.009
1.009
1.009
1.01
1.01
1.01
1.011
1.011
1.011
1.012
1.012
1.012
1.013
1.013
1.013
1.014
1.014
1.014
1.015
1.015
1.015
1.016
1.016
1.016
1.017
1.017
1.017
1.018
1.018
1.018
1.019
1.019
1.019
1.02
1.02
1.02
1.021
1.021
1.021
1.021
1.022
1.022
1.022
1.023
1.023
1.023
1.024
1.024
1.024
1.024
1.025
1.025
1.025
1.026
1.026
1.026
1.026
1.027
1.027
0.8956376
0.886664
0.9166318
0.9827115
1
1
1.0001
1.0001
1.0002
1.0003
1.0004
1.001
1.001
1.001
1.001
1.001
1.001
1.002
1.002
1.002
1.002
1.002
1.003
1.003
1.003
1.003
1.004
1.004
1.004
1.005
1.005
1.005
1.005
1.006
1.006
1.006
1.007
1.007
1.007
1.008
1.008
1.008
1.009
1.009
1.009
1.01
1.01
1.01
1.01
1.011
1.011
1.011
1.012
1.012
1.012
1.013
1.013
1.013
1.014
1.014
1.014
1.015
1.015
1.015
1.016
1.016
1.016
1.017
1.017
1.017
1.018
1.018
1.018
1.018
1.019
1.019
1.019
1.02
1.02
1.02
1.021
1.021
1.021
1.021
1.022
1.022
1.022
1.023
1.023
1.023
1.023
1.024
1.024
1.024
1.025
1.025
1.025
1.025
1.026
1.026
0.8956376
0.886664
0.9166318
0.9827115
1
1
1.0001
1.0001
1.0002
1.0003
1.0004
1.001
1.001
1.001
1.001
1.001
1.001
1.001
1.002
1.002
1.002
1.002
1.003
1.003
1.003
1.003
1.004
1.004
1.004
1.004
1.005
1.005
1.005
1.005
1.006
1.006
1.006
1.007
1.007
1.007
1.008
1.008
1.008
1.008
1.009
1.009
1.009
1.01
1.01
1.01
1.011
1.011
1.011
1.012
1.012
1.012
1.013
1.013
1.013
1.013
1.014
1.014
1.014
1.015
1.015
1.015
1.016
1.016
1.016
1.017
1.017
1.017
1.017
1.018
1.018
1.018
1.019
1.019
1.019
1.019
1.02
1.02
1.02
1.021
1.021
1.021
1.021
1.022
1.022
1.022
1.023
1.023
1.023
1.023
1.024
1.024
1.024
1.024
1.025
1.025
0.8956376
0.886664
0.9166318
0.9827115
1
1
1.0001
1.0001
1.0002
1.0003
1.0004
1
1.001
1.001
1.001
1.001
1.001
1.001
1.002
1.002
1.002
1.002
1.002
1.003
1.003
1.003
1.003
1.004
1.004
1.004
1.004
1.005
1.005
1.005
1.005
1.006
1.006
1.006
1.007
1.007
1.007
1.008
1.008
1.008
1.008
1.009
1.009
1.009
1.01
1.01
1.01
1.01
1.011
1.011
1.011
1.012
1.012
1.012
1.013
1.013
1.013
1.013
1.014
1.014
1.014
1.015
1.015
1.015
1.016
1.016
1.016
1.016
1.017
1.017
1.017
1.018
1.018
1.018
1.018
1.019
1.019
1.019
1.019
1.02
1.02
1.02
1.021
1.021
1.021
1.021
1.022
1.022
1.022
1.022
1.023
1.023
1.023
1.023
1.024
1.024
0.8956376
0.886664
0.9166318
0.9827115
1
1
1.0001
1.0001
1.0002
1.0003
1.0004
1
1.001
1.001
1.001
1.001
1.001
1.001
1.002
1.002
1.002
1.002
1.002
1.003
1.003
1.003
1.003
1.003
1.004
1.004
1.004
1.004
1.005
1.005
1.005
1.006
1.006
1.006
1.006
1.007
1.007
1.007
1.007
1.008
1.008
1.008
1.009
1.009
1.009
1.009
1.01
1.01
1.01
1.011
1.011
1.011
1.011
1.012
1.012
1.012
1.013
1.013
1.013
1.013
1.014
1.014
1.014
1.015
1.015
1.015
1.015
1.016
1.016
1.016
1.017
1.017
1.017
1.017
1.018
1.018
1.018
1.018
1.019
1.019
1.019
1.019
1.02
1.02
1.02
1.021
1.021
1.021
1.021
1.022
1.022
1.022
1.022
1.022
1.023
1.023
0.8956376
0.886664
0.9166318
0.9827115
1
1
1.0001
1.0001
1.0002
1.0003
1.0003
1
1.001
1.001
1.001
1.001
1.001
1.001
1.001
1.002
1.002
1.002
1.002
1.002
1.003
1.003
1.003
1.003
1.004
1.004
1.004
1.004
1.005
1.005
1.005
1.005
1.006
1.006
1.006
1.006
1.007
1.007
1.007
1.007
1.008
1.008
1.008
1.008
1.009
1.009
1.009
1.01
1.01
1.01
1.01
1.011
1.011
1.011
1.012
1.012
1.012
1.012
1.013
1.013
1.013
1.013
1.014
1.014
1.014
1.015
1.015
1.015
1.015
1.016
1.016
1.016
1.016
1.017
1.017
1.017
1.017
1.018
1.018
1.018
1.018
1.019
1.019
1.019
1.019
1.02
1.02
1.02
1.02
1.021
1.021
1.021
1.021
1.022
1.022
1.022
0.8956376
0.886664
0.9166318
0.9827115
1
1
1.0001
1.0001
1.0002
1.0002
1.0003
1
1.001
1.001
1.001
1.001
1.001
1.001
1.001
1.002
1.002
1.002
1.002
1.002
1.003
1.003
1.003
1.003
1.003
1.004
1.004
1.004
1.004
1.005
1.005
1.005
1.005
1.006
1.006
1.006
1.006
1.007
1.007
1.007
1.007
1.008
1.008
1.008
1.008
1.009
1.009
1.009
1.009
1.01
1.01
1.01
1.011
1.011
1.011
1.011
1.012
1.012
1.012
1.012
1.013
1.013
1.013
1.013
1.014
1.014
1.014
1.014
1.015
1.015
1.015
1.015
1.016
1.016
1.016
1.016
1.017
1.017
1.017
1.017
1.018
1.018
1.018
1.018
1.019
1.019
1.019
1.019
1.02
1.02
1.02
1.02
1.021
1.021
1.021
1.021
0.8956376
0.886664
0.9166318
0.9827115
1
1
1.0001
1.0001
1.0002
1.0002
1.0003
1
1.001
1.001
1.001
1.001
1.001
1.001
1.001
1.001
1.002
1.002
1.002
1.002
1.002
1.003
1.003
1.003
1.003
1.003
1.004
1.004
1.004
1.004
1.005
1.005
1.005
1.005
1.006
1.006
1.006
1.006
1.006
1.007
1.007
1.007
1.008
1.008
1.008
1.008
1.009
1.009
1.009
1.009
1.01
1.01
1.01
1.01
1.011
1.011
1.011
1.011
1.012
1.012
1.012
1.012
1.013
1.013
1.013
1.013
1.014
1.014
1.014
1.014
1.015
1.015
1.015
1.015
1.016
1.016
1.016
1.016
1.017
1.017
1.017
1.017
1.017
1.018
1.018
1.018
1.018
1.019
1.019
1.019
1.019
1.019
1.02
1.02
1.02
1.02
0.8956376
0.886664
0.9166318
0.9827115
1
1
1.0001
1.0001
1.0002
1.0002
1.0003
1
1
1.001
1.001
1.001
1.001
1.001
1.001
1.001
1.002
1.002
1.002
1.002
1.002
1.002
1.003
1.003
1.003
1.003
1.003
1.004
1.004
1.004
1.004
1.005
1.005
1.005
1.005
1.006
1.006
1.006
1.006
1.006
1.007
1.007
1.007
1.007
1.008
1.008
1.008
1.008
1.009
1.009
1.009
1.009
1.01
1.01
1.01
1.01
1.011
1.011
1.011
1.011
1.012
1.012
1.012
1.012
1.013
1.013
1.013
1.013
1.014
1.014
1.014
1.014
1.014
1.015
1.015
1.015
1.015
1.016
1.016
1.016
1.016
1.017
1.017
1.017
1.017
1.017
1.018
1.018
1.018
1.018
1.018
1.019
1.019
1.019
1.019
1.02
0.8956376
0.886664
0.9166318
0.9827115
1
1
1
1.0001
1.0001
1.0002
1.0003
1
1
1.001
1.001
1.001
1.001
1.001
1.001
1.001
1.002
1.002
1.002
1.002
1.002
1.002
1.003
1.003
1.003
1.003
1.003
1.004
1.004
1.004
1.004
1.004
1.005
1.005
1.005
1.005
1.005
1.006
1.006
1.006
1.006
1.007
1.007
1.007
1.007
1.008
1.008
1.008
1.008
1.009
1.009
1.009
1.009
1.009
1.01
1.01
1.01
1.01
1.011
1.011
1.011
1.011
1.012
1.012
1.012
1.012
1.012
1.013
1.013
1.013
1.013
1.014
1.014
1.014
1.014
1.015
1.015
1.015
1.015
1.015
1.016
1.016
1.016
1.016
1.016
1.017
1.017
1.017
1.017
1.018
1.018
1.018
1.018
1.018
1.019
1.019
0.8956376
0.886664
0.9166318
0.9827115
1
1
1
1.0001
1.0001
1.0002
1.0003
1
1
1.001
1.001
1.001
1.001
1.001
1.001
1.001
1.001
1.002
1.002
1.002
1.002
1.002
1.002
1.003
1.003
1.003
1.003
1.003
1.004
1.004
1.004
1.004
1.004
1.005
1.005
1.005
1.005
1.005
1.006
1.006
1.006
1.006
1.007
1.007
1.007
1.007
1.007
1.008
1.008
1.008
1.008
1.009
1.009
1.009
1.009
1.009
1.01
1.01
1.01
1.01
1.011
1.011
1.011
1.011
1.012
1.012
1.012
1.012
1.012
1.013
1.013
1.013
1.013
1.014
1.014
1.014
1.014
1.014
1.015
1.015
1.015
1.015
1.015
1.016
1.016
1.016
1.016
1.016
1.017
1.017
1.017
1.017
1.017
1.018
1.018
1.018
0.8956376
0.886664
0.9166318
0.9827115
1
1
1
1.0001
1.0001
1.0002
1.0003
1
1
1.001
1.001
1.001
1.001
1.001
1.001
1.001
1.001
1.002
1.002
1.002
1.002
1.002
1.002
1.002
1.003
1.003
1.003
1.003
1.003
1.004
1.004
1.004
1.004
1.004
1.005
1.005
1.005
1.005
1.005
1.006
1.006
1.006
1.006
1.006
1.007
1.007
1.007
1.007
1.008
1.008
1.008
1.008
1.008
1.009
1.009
1.009
1.009
1.01
1.01
1.01
1.01
1.01
1.011
1.011
1.011
1.011
1.011
1.012
1.012
1.012
1.012
1.013
1.013
1.013
1.013
1.013
1.014
1.014
1.014
1.014
1.014
1.015
1.015
1.015
1.015
1.015
1.016
1.016
1.016
1.016
1.016
1.017
1.017
1.017
1.017
1.017
0.8956376
0.886664
0.9166318
0.9827115
1
1
1
1.0001
1.0001
1.0002
1.0002
1
1
1
1.001
1.001
1.001
1.001
1.001
1.001
1.001
1.001
1.002
1.002
1.002
1.002
1.002
1.002
1.003
1.003
1.003
1.003
1.003
1.003
1.004
1.004
1.004
1.004
1.004
1.005
1.005
1.005
1.005
1.005
1.006
1.006
1.006
1.006
1.006
1.007
1.007
1.007
1.007
1.007
1.008
1.008
1.008
1.008
1.008
1.009
1.009
1.009
1.009
1.01
1.01
1.01
1.01
1.01
1.011
1.011
1.011
1.011
1.011
1.012
1.012
1.012
1.012
1.012
1.013
1.013
1.013
1.013
1.013
1.014
1.014
1.014
1.014
1.014
1.015
1.015
1.015
1.015
1.015
1.016
1.016
1.016
1.016
1.016
1.016
1.017
0.8956376
0.886664
0.9166318
0.9827115
1
1
1
1.0001
1.0001
1.0002
1.0002
1
1
1
1.001
1.001
1.001
1.001
1.001
1.001
1.001
1.001
1.002
1.002
1.002
1.002
1.002
1.002
1.002
1.003
1.003
1.003
1.003
1.003
1.003
1.004
1.004
1.004
1.004
1.004
1.005
1.005
1.005
1.005
1.005
1.006
1.006
1.006
1.006
1.006
1.007
1.007
1.007
1.007
1.007
1.008
1.008
1.008
1.008
1.008
1.009
1.009
1.009
1.009
1.009
1.01
1.01
1.01
1.01
1.01
1.011
1.011
1.011
1.011
1.011
1.012
1.012
1.012
1.012
1.012
1.012
1.013
1.013
1.013
1.013
1.013
1.014
1.014
1.014
1.014
1.014
1.015
1.015
1.015
1.015
1.015
1.015
1.016
1.016
1.016
0.8956376
0.886664
0.9166319
0.9827115
1
1
1
1.0001
1.0001
1.0002
1.0002
1
1
1
1.001
1.001
1.001
1.001
1.001
1.001
1.001
1.001
1.001
1.002
1.002
1.002
1.002
1.002
1.002
1.002
1.003
1.003
1.003
1.003
1.003
1.003
1.004
1.004
1.004
1.004
1.004
1.005
1.005
1.005
1.005
1.005
1.005
1.006
1.006
1.006
1.006
1.006
1.007
1.007
1.007
1.007
1.007
1.008
1.008
1.008
1.008
1.008
1.009
1.009
1.009
1.009
1.009
1.01
1.01
1.01
1.01
1.01
1.01
1.011
1.011
1.011
1.011
1.011
1.012
1.012
1.012
1.012
1.012
1.013
1.013
1.013
1.013
1.013
1.013
1.014
1.014
1.014
1.014
1.014
1.014
1.015
1.015
1.015
1.015
1.015
0.8956376
0.886664
0.9166319
0.9827115
1
1
1
1.0001
1.0001
1.0002
1.0002
1
1
1
1.001
1.001
1.001
1.001
1.001
1.001
1.001
1.001
1.001
1.002
1.002
1.002
1.002
1.002
1.002
1.002
1.003
1.003
1.003
1.003
1.003
1.003
1.003
1.004
1.004
1.004
1.004
1.004
1.005
1.005
1.005
1.005
1.005
1.005
1.006
1.006
1.006
1.006
1.006
1.007
1.007
1.007
1.007
1.007
1.007
1.008
1.008
1.008
1.008
1.008
1.009
1.009
1.009
1.009
1.009
1.009
1.01
1.01
1.01
1.01
1.01
1.011
1.011
1.011
1.011
1.011
1.011
1.012
1.012
1.012
1.012
1.012
1.013
1.013
1.013
1.013
1.013
1.013
1.014
1.014
1.014
1.014
1.014
1.014
1.015
1.015
0.8956376
0.886664
0.9166319
0.9827115
1
1
1
1.0001
1.0001
1.0001
1.0002
1
1
1
1
1.001
1.001
1.001
1.001
1.001
1.001
1.001
1.001
1.001
1.002
1.002
1.002
1.002
1.002
1.002
1.002
1.003
1.003
1.003
1.003
1.003
1.003
1.004
1.004
1.004
1.004
1.004
1.004
1.005
1.005
1.005
1.005
1.005
1.005
1.006
1.006
1.006
1.006
1.006
1.006
1.007
1.007
1.007
1.007
1.007
1.007
1.008
1.008
1.008
1.008
1.008
1.009
1.009
1.009
1.009
1.009
1.009
1.01
1.01
1.01
1.01
1.01
1.01
1.011
1.011
1.011
1.011
1.011
1.011
1.012
1.012
1.012
1.012
1.012
1.012
1.013
1.013
1.013
1.013
1.013
1.013
1.014
1.014
1.014
1.014
0.8956376
0.886664
0.9166319
0.9827116
1
1
1
1.0001
1.0001
1.0001
1.0002
1
1
1
1
1.001
1.001
1.001
1.001
1.001
1.001
1.001
1.001
1.001
1.002
1.002
1.002
1.002
1.002
1.002
1.002
1.002
1.003
1.003
1.003
1.003
1.003
1.003
1.004
1.004
1.004
1.004
1.004
1.004
1.004
1.005
1.005
1.005
1.005
1.005
1.005
1.006
1.006
1.006
1.006
1.006
1.006
1.007
1.007
1.007
1.007
1.007
1.007
1.008
1.008
1.008
1.008
1.008
1.009
1.009
1.009
1.009
1.009
1.009
1.01
1.01
1.01
1.01
1.01
1.01
1.011
1.011
1.011
1.011
1.011
1.011
1.011
1.012
1.012
1.012
1.012
1.012
1.012
1.013
1.013
1.013
1.013
1.013
1.013
1.014
0.8956376
0.886664
0.9166319
0.9827116
1
1
1
1.0001
1.0001
1.0001
1.0002
1
1
1
1
1.001
1.001
1.001
1.001
1.001
1.001
1.001
1.001
1.001
1.001
1.002
1.002
1.002
1.002
1.002
1.002
1.002
1.002
1.003
1.003
1.003
1.003
1.003
1.003
1.003
1.004
1.004
1.004
1.004
1.004
1.004
1.005
1.005
1.005
1.005
1.005
1.005
1.006
1.006
1.006
1.006
1.006
1.006
1.007
1.007
1.007
1.007
1.007
1.007
1.008
1.008
1.008
1.008
1.008
1.008
1.008
1.009
1.009
1.009
1.009
1.009
1.009
1.01
1.01
1.01
1.01
1.01
1.01
1.011
1.011
1.011
1.011
1.011
1.011
1.011
1.012
1.012
1.012
1.012
1.012
1.012
1.013
1.013
1.013
1.013
0.8956376
0.886664
0.9166319
0.9827116
1
1
1
1.0001
1.0001
1.0001
1
1
1
1
1
1
1.001
1.001
1.001
1.001
1.001
1.001
1.001
1.001
1.001
1.001
1.002
1.002
1.002
1.002
1.002
1.002
1.002
1.002
1.003
1.003
1.003
1.003
1.003
1.003
1.003
1.004
1.004
1.004
1.004
1.004
1.004
1.005
1.005
1.005
1.005
1.005
1.005
1.005
1.006
1.006
1.006
1.006
1.006
1.006
1.007
1.007
1.007
1.007
1.007
1.007
1.007
1.008
1.008
1.008
1.008
1.008
1.008
1.009
1.009
1.009
1.009
1.009
1.009
1.009
1.01
1.01
1.01
1.01
1.01
1.01
1.011
1.011
1.011
1.011
1.011
1.011
1.011
1.012
1.012
1.012
1.012
1.012
1.012
1.012
0.8956376
0.886664
0.9166319
0.9827116
1
1
1
1.0001
1.0001
1.0001
1
1
1
1
1
1
1.001
1.001
1.001
1.001
1.001
1.001
1.001
1.001
1.001
1.001
1.002
1.002
1.002
1.002
1.002
1.002
1.002
1.002
1.003
1.003
1.003
1.003
1.003
1.003
1.003
1.003
1.004
1.004
1.004
1.004
1.004
1.004
1.004
1.005
1.005
1.005
1.005
1.005
1.005
1.006
1.006
1.006
1.006
1.006
1.006
1.006
1.007
1.007
1.007
1.007
1.007
1.007
1.007
1.008
1.008
1.008
1.008
1.008
1.008
1.008
1.009
1.009
1.009
1.009
1.009
1.009
1.01
1.01
1.01
1.01
1.01
1.01
1.01
1.011
1.011
1.011
1.011
1.011
1.011
1.011
1.011
1.012
1.012
1.012
0.8956376
0.886664
0.9166319
0.9827116
1
1
1
1.0001
1.0001
1.0001
1
1
1
1
1
1
1.001
1.001
1.001
1.001
1.001
1.001
1.001
1.001
1.001
1.001
1.001
1.002
1.002
1.002
1.002
1.002
1.002
1.002
1.002
1.003
1.003
1.003
1.003
1.003
1.003
1.003
1.003
1.004
1.004
1.004
1.004
1.004
1.004
1.004
1.005
1.005
1.005
1.005
1.005
1.005
1.005
1.006
1.006
1.006
1.006
1.006
1.006
1.006
1.007
1.007
1.007
1.007
1.007
1.007
1.007
1.008
1.008
1.008
1.008
1.008
1.008
1.008
1.009
1.009
1.009
1.009
1.009
1.009
1.009
1.01
1.01
1.01
1.01
1.01
1.01
1.01
1.01
1.011
1.011
1.011
1.011
1.011
1.011
1.011
0.8956376
0.886664
0.9166319
0.9827116
1
1
1
1
1.0001
1.0001
1
1
1
1
1
1
1
1.001
1.001
1.001
1.001
1.001
1.001
1.001
1.001
1.001
1.001
1.001
1.002
1.002
1.002
1.002
1.002
1.002
1.002
1.002
1.003
1.003
1.003
1.003
1.003
1.003
1.003
1.003
1.004
1.004
1.004
1.004
1.004
1.004
1.004
1.004
1.005
1.005
1.005
1.005
1.005
1.005
1.005
1.006
1.006
1.006
1.006
1.006
1.006
1.006
1.007
1.007
1.007
1.007
1.007
1.007
1.007
1.008
1.008
1.008
1.008
1.008
1.008
1.008
1.008
1.009
1.009
1.009
1.009
1.009
1.009
1.009
1.01
1.01
1.01
1.01
1.01
1.01
1.01
1.01
1.011
1.011
1.011
1.011
0.8956376
0.886664
0.9166319
0.9827116
1
1
1
1
1.0001
1.0001
1
1
1
1
1
1
1
1.001
1.001
1.001
1.001
1.001
1.001
1.001
1.001
1.001
1.001
1.001
1.002
1.002
1.002
1.002
1.002
1.002
1.002
1.002
1.002
1.003
1.003
1.003
1.003
1.003
1.003
1.003
1.003
1.004
1.004
1.004
1.004
1.004
1.004
1.004
1.004
1.005
1.005
1.005
1.005
1.005
1.005
1.005
1.005
1.006
1.006
1.006
1.006
1.006
1.006
1.006
1.007
1.007
1.007
1.007
1.007
1.007
1.007
1.007
1.008
1.008
1.008
1.008
1.008
1.008
1.008
1.008
1.009
1.009
1.009
1.009
1.009
1.009
1.009
1.009
1.01
1.01
1.01
1.01
1.01
1.01
1.01
1.01
0.8956376
0.886664
0.9166319
0.9827116
1
1
1
1
1.0001
1.0001
1
1
1
1
1
1
1
1.001
1.001
1.001
1.001
1.001
1.001
1.001
1.001
1.001
1.001
1.001
1.001
1.002
1.002
1.002
1.002
1.002
1.002
1.002
1.002
1.002
1.003
1.003
1.003
1.003
1.003
1.003
1.003
1.003
1.003
1.004
1.004
1.004
1.004
1.004
1.004
1.004
1.004
1.005
1.005
1.005
1.005
1.005
1.005
1.005
1.005
1.006
1.006
1.006
1.006
1.006
1.006
1.006
1.006
1.007
1.007
1.007
1.007
1.007
1.007
1.007
1.007
1.008
1.008
1.008
1.008
1.008
1.008
1.008
1.008
1.009
1.009
1.009
1.009
1.009
1.009
1.009
1.009
1.01
1.01
1.01
1.01
1.01
0.8956376
0.886664
0.9166319
0.9827116
1
1
1
1
1.0001
1.0001
1
1
1
1
1
1
1
1
1.001
1.001
1.001
1.001
1.001
1.001
1.001
1.001
1.001
1.001
1.001
1.001
1.002
1.002
1.002
1.002
1.002
1.002
1.002
1.002
1.002
1.003
1.003
1.003
1.003
1.003
1.003
1.003
1.003
1.003
1.004
1.004
1.004
1.004
1.004
1.004
1.004
1.004
1.004
1.005
1.005
1.005
1.005
1.005
1.005
1.005
1.005
1.006
1.006
1.006
1.006
1.006
1.006
1.006
1.006
1.007
1.007
1.007
1.007
1.007
1.007
1.007
1.007
1.007
1.008
1.008
1.008
1.008
1.008
1.008
1.008
1.008
1.009
1.009
1.009
1.009
1.009
1.009
1.009
1.009
1.009
1.01
0.8956376
0.886664
0.9166319
0.9827116
1
1
1
1
1.0001
1.0001
1
1
1
1
1
1
1
1
1.001
1.001
1.001
1.001
1.001
1.001
1.001
1.001
1.001
1.001
1.001
1.001
1.001
1.002
1.002
1.002
1.002
1.002
1.002
1.002
1.002
1.002
1.003
1.003
1.003
1.003
1.003
1.003
1.003
1.003
1.003
1.003
1.004
1.004
1.004
1.004
1.004
1.004
1.004
1.004
1.005
1.005
1.005
1.005
1.005
1.005
1.005
1.005
1.005
1.006
1.006
1.006
1.006
1.006
1.006
1.006
1.006
1.006
1.007
1.007
1.007
1.007
1.007
1.007
1.007
1.007
1.007
1.008
1.008
1.008
1.008
1.008
1.008
1.008
1.008
1.008
1.009
1.009
1.009
1.009
1.009
1.009
0.8956376
0.886664
0.9166319
0.9827116
1
1
1
1
1.0001
1.0001
1
1
1
1
1
1
1
1
1.001
1.001
1.001
1.001
1.001
1.001
1.001
1.001
1.001
1.001
1.001
1.001
1.001
1.002
1.002
1.002
1.002
1.002
1.002
1.002
1.002
1.002
1.002
1.002
1.003
1.003
1.003
1.003
1.003
1.003
1.003
1.003
1.003
1.004
1.004
1.004
1.004
1.004
1.004
1.004
1.004
1.004
1.005
1.005
1.005
1.005
1.005
1.005
1.005
1.005
1.005
1.006
1.006
1.006
1.006
1.006
1.006
1.006
1.006
1.006
1.006
1.007
1.007
1.007
1.007
1.007
1.007
1.007
1.007
1.007
1.008
1.008
1.008
1.008
1.008
1.008
1.008
1.008
1.008
1.008
1.009
1.009
0.8956376
0.886664
0.9166319
0.9827116
1
1
1
1
1.0001
1.0001
1
1
1
1
1
1
1
1
1
1.001
1.001
1.001
1.001
1.001
1.001
1.001
1.001
1.001
1.001
1.001
1.001
1.001
1.002
1.002
1.002
1.002
1.002
1.002
1.002
1.002
1.002
1.002
1.002
1.003
1.003
1.003
1.003
1.003
1.003
1.003
1.003
1.003
1.003
1.004
1.004
1.004
1.004
1.004
1.004
1.004
1.004
1.004
1.005
1.005
1.005
1.005
1.005
1.005
1.005
1.005
1.005
1.005
1.006
1.006
1.006
1.006
1.006
1.006
1.006
1.006
1.006
1.006
1.007
1.007
1.007
1.007
1.007
1.007
1.007
1.007
1.007
1.008
1.008
1.008
1.008
1.008
1.008
1.008
1.008
1.008
0.8956376
0.886664
0.9166319
0.9827116
1
1
1
1
1.0001
1.0001
1
1
1
1
1
1
1
1
1
1.001
1.001
1.001
1.001
1.001
1.001
1.001
1.001
1.001
1.001
1.001
1.001
1.001
1.001
1.002
1.002
1.002
1.002
1.002
1.002
1.002
1.002
1.002
1.002
1.002
1.003
1.003
1.003
1.003
1.003
1.003
1.003
1.003
1.003
1.003
1.003
1.004
1.004
1.004
1.004
1.004
1.004
1.004
1.004
1.004
1.004
1.005
1.005
1.005
1.005
1.005
1.005
1.005
1.005
1.005
1.005
1.006
1.006
1.006
1.006
1.006
1.006
1.006
1.006
1.006
1.006
1.007
1.007
1.007
1.007
1.007
1.007
1.007
1.007
1.007
1.007
1.008
1.008
1.008
1.008
1.008
0.8956376
0.886664
0.9166319
0.9827116
1
1
1
1
1.0001
1.0001
1
1
1
1
1
1
1
1
1
1
1.001
1.001
1.001
1.001
1.001
1.001
1.001
1.001
1.001
1.001
1.001
1.001
1.001
1.001
1.002
1.002
1.002
1.002
1.002
1.002
1.002
1.002
1.002
1.002
1.002
1.002
1.003
1.003
1.003
1.003
1.003
1.003
1.003
1.003
1.003
1.003
1.004
1.004
1.004
1.004
1.004
1.004
1.004
1.004
1.004
1.004
1.004
1.005
1.005
1.005
1.005
1.005
1.005
1.005
1.005
1.005
1.005
1.006
1.006
1.006
1.006
1.006
1.006
1.006
1.006
1.006
1.006
1.006
1.007
1.007
1.007
1.007
1.007
1.007
1.007
1.007
1.007
1.007
1.007
1.008
0.8956376
0.886664
0.9166319
0.9827116
1
1
1
1
1
1.0001
1
1
1
1
1
1
1
1
1
1
1.001
1.001
1.001
1.001
1.001
1.001
1.001
1.001
1.001
1.001
1.001
1.001
1.001
1.001
1.001
1.002
1.002
1.002
1.002
1.002
1.002
1.002
1.002
1.002
1.002
1.002
1.002
1.003
1.003
1.003
1.003
1.003
1.003
1.003
1.003
1.003
1.003
1.003
1.004
1.004
1.004
1.004
1.004
1.004
1.004
1.004
1.004
1.004
1.004
1.005
1.005
1.005
1.005
1.005
1.005
1.005
1.005
1.005
1.005
1.005
1.006
1.006
1.006
1.006
1.006
1.006
1.006
1.006
1.006
1.006
1.006
1.006
1.007
1.007
1.007
1.007
1.007
1.007
1.007
1.007
0.8956376
0.886664
0.9166319
0.9827116
1
1
1
1
1
1.0001
1
1
1
1
1
1
1
1
1
1
1
1.001
1.001
1.001
1.001
1.001
1.001
1.001
1.001
1.001
1.001
1.001
1.001
1.001
1.001
1.001
1.002
1.002
1.002
1.002
1.002
1.002
1.002
1.002
1.002
1.002
1.002
1.002
1.002
1.003
1.003
1.003
1.003
1.003
1.003
1.003
1.003
1.003
1.003
1.003
1.004
1.004
1.004
1.004
1.004
1.004
1.004
1.004
1.004
1.004
1.004
1.004
1.005
1.005
1.005
1.005
1.005
1.005
1.005
1.005
1.005
1.005
1.005
1.005
1.006
1.006
1.006
1.006
1.006
1.006
1.006
1.006
1.006
1.006
1.006
1.006
1.007
1.007
1.007
1.007
0.8956376
0.886664
0.9166319
0.9827116
1
1
1
1
1
1.0001
1
1
1
1
1
1
1
1
1
1
1
1.001
1.001
1.001
1.001
1.001
1.001
1.001
1.001
1.001
1.001
1.001
1.001
1.001
1.001
1.001
1.001
1.002
1.002
1.002
1.002
1.002
1.002
1.002
1.002
1.002
1.002
1.002
1.002
1.002
1.003
1.003
1.003
1.003
1.003
1.003
1.003
1.003
1.003
1.003
1.003
1.003
1.003
1.004
1.004
1.004
1.004
1.004
1.004
1.004
1.004
1.004
1.004
1.004
1.004
1.005
1.005
1.005
1.005
1.005
1.005
1.005
1.005
1.005
1.005
1.005
1.005
1.006
1.006
1.006
1.006
1.006
1.006
1.006
1.006
1.006
1.006
1.006
1.006
1.006
0.8956376
0.886664
0.9166319
0.9827116
1
1
1
1
1
1.0001
1
1
1
1
1
1
1
1
1
1
1
1
1.001
1.001
1.001
1.001
1.001
1.001
1.001
1.001
1.001
1.001
1.001
1.001
1.001
1.001
1.001
1.001
1.002
1.002
1.002
1.002
1.002
1.002
1.002
1.002
1.002
1.002
1.002
1.002
1.002
1.002
1.003
1.003
1.003
1.003
1.003
1.003
1.003
1.003
1.003
1.003
1.003
1.003
1.003
1.004
1.004
1.004
1.004
1.004
1.004
1.004
1.004
1.004
1.004
1.004
1.004
1.004
1.005
1.005
1.005
1.005
1.005
1.005
1.005
1.005
1.005
1.005
1.005
1.005
1.005
1.006
1.006
1.006
1.006
1.006
1.006
1.006
1.006
1.006
0.8956376
0.886664
0.9166319
0.9827116
1
1
1
1
1
1.0001
1
1
1
1
1
1
1
1
1
1
1
1
1.001
1.001
1.001
1.001
1.001
1.001
1.001
1.001
1.001
1.001
1.001
1.001
1.001
1.001
1.001
1.001
1.001
1.001
1.002
1.002
1.002
1.002
1.002
1.002
1.002
1.002
1.002
1.002
1.002
1.002
1.002
1.002
1.003
1.003
1.003
1.003
1.003
1.003
1.003
1.003
1.003
1.003
1.003
1.003
1.003
1.003
1.004
1.004
1.004
1.004
1.004
1.004
1.004
1.004
1.004
1.004
1.004
1.004
1.004
1.005
1.005
1.005
1.005
1.005
1.005
1.005
1.005
1.005
1.005
1.005
1.005
1.005
1.005
1.006
1.006
1.006
1.006
1.006
0.8956376
0.886664
0.9166319
0.9827116
1
1
1
1
1
1.0001
1
1
1
1
1
1
1
1
1
1
1
1
1
1.001
1.001
1.001
1.001
1.001
1.001
1.001
1.001
1.001
1.001
1.001
1.001
1.001
1.001
1.001
1.001
1.001
1.001
1.002
1.002
1.002
1.002
1.002
1.002
1.002
1.002
1.002
1.002
1.002
1.002
1.002
1.002
1.002
1.003
1.003
1.003
1.003
1.003
1.003
1.003
1.003
1.003
1.003
1.003
1.003
1.003
1.003
1.004
1.004
1.004
1.004
1.004
1.004
1.004
1.004
1.004
1.004
1.004
1.004
1.004
1.004
1.004
1.005
1.005
1.005
1.005
1.005
1.005
1.005
1.005
1.005
1.005
1.005
1.005
1.005
1.005
1.005
0.8956376
0.886664
0.9166319
0.9827116
1
1
1
1
1
1
1
1
1
1
1
1
1
1
1
1
1
1
1
1
1.001
1.001
1.001
1.001
1.001
1.001
1.001
1.001
1.001
1.001
1.001
1.001
1.001
1.001
1.001
1.001
1.001
1.001
1.002
1.002
1.002
1.002
1.002
1.002
1.002
1.002
1.002
1.002
1.002
1.002
1.002
1.002
1.002
1.002
1.003
1.003
1.003
1.003
1.003
1.003
1.003
1.003
1.003
1.003
1.003
1.003
1.003
1.003
1.003
1.004
1.004
1.004
1.004
1.004
1.004
1.004
1.004
1.004
1.004
1.004
1.004
1.004
1.004
1.004
1.004
1.005
1.005
1.005
1.005
1.005
1.005
1.005
1.005
1.005
1.005
1.005
0.8956376
0.886664
0.9166319
0.9827116
1
1
1
1
1
1
1
1
1
1
1
1
1
1
1
1
1
1
1
1
1.001
1.001
1.001
1.001
1.001
1.001
1.001
1.001
1.001
1.001
1.001
1.001
1.001
1.001
1.001
1.001
1.001
1.001
1.001
1.001
1.002
1.002
1.002
1.002
1.002
1.002
1.002
1.002
1.002
1.002
1.002
1.002
1.002
1.002
1.002
1.002
1.002
1.003
1.003
1.003
1.003
1.003
1.003
1.003
1.003
1.003
1.003
1.003
1.003
1.003
1.003
1.003
1.003
1.004
1.004
1.004
1.004
1.004
1.004
1.004
1.004
1.004
1.004
1.004
1.004
1.004
1.004
1.004
1.004
1.005
1.005
1.005
1.005
1.005
1.005
1.005
0.8956376
0.886664
0.9166319
0.9827116
1
1
1
1
1
1
1
1
1
1
1
1
1
1
1
1
1
1
1
1
1
1.001
1.001
1.001
1.001
1.001
1.001
1.001
1.001
1.001
1.001
1.001
1.001
1.001
1.001
1.001
1.001
1.001
1.001
1.001
1.001
1.001
1.002
1.002
1.002
1.002
1.002
1.002
1.002
1.002
1.002
1.002
1.002
1.002
1.002
1.002
1.002
1.002
1.002
1.003
1.003
1.003
1.003
1.003
1.003
1.003
1.003
1.003
1.003
1.003
1.003
1.003
1.003
1.003
1.003
1.003
1.004
1.004
1.004
1.004
1.004
1.004
1.004
1.004
1.004
1.004
1.004
1.004
1.004
1.004
1.004
1.004
1.004
1.004
1.005
1.005
0.8956376
0.886664
0.9166319
0.9827116
1
1
1
1
1
1
1
1
1
1
1
1
1
1
1
1
1
1
1
1
1
1
1.001
1.001
1.001
1.001
1.001
1.001
1.001
1.001
1.001
1.001
1.001
1.001
1.001
1.001
1.001
1.001
1.001
1.001
1.001
1.001
1.001
1.002
1.002
1.002
1.002
1.002
1.002
1.002
1.002
1.002
1.002
1.002
1.002
1.002
1.002
1.002
1.002
1.002
1.002
1.002
1.003
1.003
1.003
1.003
1.003
1.003
1.003
1.003
1.003
1.003
1.003
1.003
1.003
1.003
1.003
1.003
1.003
1.003
1.004
1.004
1.004
1.004
1.004
1.004
1.004
1.004
1.004
1.004
1.004
1.004
1.004
1.004
1.004
1.004
0.8956376
0.886664
0.9166319
0.9827116
1
1
1
1
1
1
1
1
1
1
1
1
1
1
1
1
1
1
1
1
1
1
1
1.001
1.001
1.001
1.001
1.001
1.001
1.001
1.001
1.001
1.001
1.001
1.001
1.001
1.001
1.001
1.001
1.001
1.001
1.001
1.001
1.001
1.001
1.002
1.002
1.002
1.002
1.002
1.002
1.002
1.002
1.002
1.002
1.002
1.002
1.002
1.002
1.002
1.002
1.002
1.002
1.002
1.002
1.003
1.003
1.003
1.003
1.003
1.003
1.003
1.003
1.003
1.003
1.003
1.003
1.003
1.003
1.003
1.003
1.003
1.003
1.003
1.003
1.004
1.004
1.004
1.004
1.004
1.004
1.004
1.004
1.004
1.004
1.004
0.8956376
0.886664
0.9166319
0.9827116
1
1
1
1
1
1
1
1
1
1
1
1
1
1
1
1
1
1
1
1
1
1
1
1
1.001
1.001
1.001
1.001
1.001
1.001
1.001
1.001
1.001
1.001
1.001
1.001
1.001
1.001
1.001
1.001
1.001
1.001
1.001
1.001
1.001
1.001
1.001
1.001
1.002
1.002
1.002
1.002
1.002
1.002
1.002
1.002
1.002
1.002
1.002
1.002
1.002
1.002
1.002
1.002
1.002
1.002
1.002
1.002
1.002
1.003
1.003
1.003
1.003
1.003
1.003
1.003
1.003
1.003
1.003
1.003
1.003
1.003
1.003
1.003
1.003
1.003
1.003
1.003
1.003
1.003
1.004
1.004
1.004
1.004
1.004
1.004
0.8956376
0.886664
0.9166319
0.9827116
1
1
1
1
1
1
1
1
1
1
1
1
1
1
1
1
1
1
1
1
1
1
1
1
1
1.001
1.001
1.001
1.001
1.001
1.001
1.001
1.001
1.001
1.001
1.001
1.001
1.001
1.001
1.001
1.001
1.001
1.001
1.001
1.001
1.001
1.001
1.001
1.001
1.001
1.002
1.002
1.002
1.002
1.002
1.002
1.002
1.002
1.002
1.002
1.002
1.002
1.002
1.002
1.002
1.002
1.002
1.002
1.002
1.002
1.002
1.002
1.003
1.003
1.003
1.003
1.003
1.003
1.003
1.003
1.003
1.003
1.003
1.003
1.003
1.003
1.003
1.003
1.003
1.003
1.003
1.003
1.003
1.003
1.003
1.004
0.8956376
0.886664
0.9166319
0.9827116
1
1
1
1
1
1
1
1
1
1
1
1
1
1
1
1
1
1
1
1
1
1
1
1
1
1
1.001
1.001
1.001
1.001
1.001
1.001
1.001
1.001
1.001
1.001
1.001
1.001
1.001
1.001
1.001
1.001
1.001
1.001
1.001
1.001
1.001
1.001
1.001
1.001
1.001
1.001
1.001
1.002
1.002
1.002
1.002
1.002
1.002
1.002
1.002
1.002
1.002
1.002
1.002
1.002
1.002
1.002
1.002
1.002
1.002
1.002
1.002
1.002
1.002
1.002
1.002
1.003
1.003
1.003
1.003
1.003
1.003
1.003
1.003
1.003
1.003
1.003
1.003
1.003
1.003
1.003
1.003
1.003
1.003
1.003
0.8956376
0.886664
0.9166319
0.9827116
1
1
1
1
1
1
1
1
1
1
1
1
1
1
1
1
1
1
1
1
1
1
1
1
1
1
1
1.001
1.001
1.001
1.001
1.001
1.001
1.001
1.001
1.001
1.001
1.001
1.001
1.001
1.001
1.001
1.001
1.001
1.001
1.001
1.001
1.001
1.001
1.001
1.001
1.001
1.001
1.001
1.001
1.001
1.002
1.002
1.002
1.002
1.002
1.002
1.002
1.002
1.002
1.002
1.002
1.002
1.002
1.002
1.002
1.002
1.002
1.002
1.002
1.002
1.002
1.002
1.002
1.002
1.002
1.002
1.003
1.003
1.003
1.003
1.003
1.003
1.003
1.003
1.003
1.003
1.003
1.003
1.003
1.003
0.8956376
0.886664
0.9166319
0.9827117
1
1
1
1
1
1
1
1
1
1
1
1
1
1
1
1
1
1
1
1
1
1
1
1
1
1
1
1
1
1.001
1.001
1.001
1.001
1.001
1.001
1.001
1.001
1.001
1.001
1.001
1.001
1.001
1.001
1.001
1.001
1.001
1.001
1.001
1.001
1.001
1.001
1.001
1.001
1.001
1.001
1.001
1.001
1.001
1.001
1.002
1.002
1.002
1.002
1.002
1.002
1.002
1.002
1.002
1.002
1.002
1.002
1.002
1.002
1.002
1.002
1.002
1.002
1.002
1.002
1.002
1.002
1.002
1.002
1.002
1.002
1.002
1.002
1.003
1.003
1.003
1.003
1.003
1.003
1.003
1.003
1.003
0.8956376
0.886664
0.9166319
0.9827117
1
1
1
1
1
1
1
1
1
1
1
1
1
1
1
1
1
1
1
1
1
1
1
1
1
1
1
1
1
1
1
1.001
1.001
1.001
1.001
1.001
1.001
1.001
1.001
1.001
1.001
1.001
1.001
1.001
1.001
1.001
1.001
1.001
1.001
1.001
1.001
1.001
1.001
1.001
1.001
1.001
1.001
1.001
1.001
1.001
1.001
1.001
1.001
1.002
1.002
1.002
1.002
1.002
1.002
1.002
1.002
1.002
1.002
1.002
1.002
1.002
1.002
1.002
1.002
1.002
1.002
1.002
1.002
1.002
1.002
1.002
1.002
1.002
1.002
1.002
1.002
1.002
1.002
1.002
1.003
1.003
0.8956376
0.886664
0.9166319
0.9827117
1
1
1
1
1
1
1
1
1
1
1
1
1
1
1
1
1
1
1
1
1
1
1
1
1
1
1
1
1
1
1
1
1.001
1.001
1.001
1.001
1.001
1.001
1.001
1.001
1.001
1.001
1.001
1.001
1.001
1.001
1.001
1.001
1.001
1.001
1.001
1.001
1.001
1.001
1.001
1.001
1.001
1.001
1.001
1.001
1.001
1.001
1.001
1.001
1.001
1.001
1.001
1.001
1.002
1.002
1.002
1.002
1.002
1.002
1.002
1.002
1.002
1.002
1.002
1.002
1.002
1.002
1.002
1.002
1.002
1.002
1.002
1.002
1.002
1.002
1.002
1.002
1.002
1.002
1.002
1.002
0.8956376
0.886664
0.9166319
0.9827117
1
1
1
1
1
1
1
1
1
1
1
1
1
1
1
1
1
1
1
1
1
1
1
1
1
1
1
1
1
1
1
1
1
1
1.001
1.001
1.001
1.001
1.001
1.001
1.001
1.001
1.001
1.001
1.001
1.001
1.001
1.001
1.001
1.001
1.001
1.001
1.001
1.001
1.001
1.001
1.001
1.001
1.001
1.001
1.001
1.001
1.001
1.001
1.001
1.001
1.001
1.001
1.001
1.001
1.001
1.001
1.001
1.002
1.002
1.002
1.002
1.002
1.002
1.002
1.002
1.002
1.002
1.002
1.002
1.002
1.002
1.002
1.002
1.002
1.002
1.002
1.002
1.002
1.002
1.002
0.8956376
0.886664
0.916632
0.9827117
1
1
1
1
1
1
1
1
1
1
1
1
1
1
1
1
1
1
1
1
1
1
1
1
1
1
1
1
1
1
1
1
1
1
1
1
1
1.001
1.001
1.001
1.001
1.001
1.001
1.001
1.001
1.001
1.001
1.001
1.001
1.001
1.001
1.001
1.001
1.001
1.001
1.001
1.001
1.001
1.001
1.001
1.001
1.001
1.001
1.001
1.001
1.001
1.001
1.001
1.001
1.001
1.001
1.001
1.001
1.001
1.001
1.001
1.001
1.001
1.001
1.002
1.002
1.002
1.002
1.002
1.002
1.002
1.002
1.002
1.002
1.002
1.002
1.002
1.002
1.002
1.002
1.002
0.8956376
0.886664
0.916632
0.9827117
1
1
1
1
1
1
1
1
1
1
1
1
1
1
1
1
1
1
1
1
1
1
1
1
1
1
1
1
1
1
1
1
1
1
1
1
1
1
1
1
1.001
1.001
1.001
1.001
1.001
1.001
1.001
1.001
1.001
1.001
1.001
1.001
1.001
1.001
1.001
1.001
1.001
1.001
1.001
1.001
1.001
1.001
1.001
1.001
1.001
1.001
1.001
1.001
1.001
1.001
1.001
1.001
1.001
1.001
1.001
1.001
1.001
1.001
1.001
1.001
1.001
1.001
1.001
1.001
1.001
1.001
1.001
1.002
1.002
1.002
1.002
1.002
1.002
1.002
1.002
1.002
0.8956376
0.886664
0.916632
0.9827117
1
1
1
1
1
1
1
1
1
1
1
1
1
1
1
1
1
1
1
1
1
1
1
1
1
1
1
1
1
1
1
1
1
1
1
1
1
1
1
1
1
1
1
1.001
1.001
1.001
1.001
1.001
1.001
1.001
1.001
1.001
1.001
1.001
1.001
1.001
1.001
1.001
1.001
1.001
1.001
1.001
1.001
1.001
1.001
1.001
1.001
1.001
1.001
1.001
1.001
1.001
1.001
1.001
1.001
1.001
1.001
1.001
1.001
1.001
1.001
1.001
1.001
1.001
1.001
1.001
1.001
1.001
1.001
1.001
1.001
1.001
1.001
1.001
1.001
1.001
0.8956376
0.886664
0.916632
0.9827117
1
1
1
1
1
1
1
1
1
1
1
1
1
1
1
1
1
1
1
1
1
1
1
1
1
1
1
1
1
1
1
1
1
1
1
1
1
1
1
1
1
1
1
1
1
1
1
1
1.001
1.001
1.001
1.001
1.001
1.001
1.001
1.001
1.001
1.001
1.001
1.001
1.001
1.001
1.001
1.001
1.001
1.001
1.001
1.001
1.001
1.001
1.001
1.001
1.001
1.001
1.001
1.001
1.001
1.001
1.001
1.001
1.001
1.001
1.001
1.001
1.001
1.001
1.001
1.001
1.001
1.001
1.001
1.001
1.001
1.001
1.001
1.001
0.8956376
0.886664
0.916632
0.9827117
1
1
1
1
1
1
1
1
1
1
1
1
1
1
1
1
1
1
1
1
1
1
1
1
1
1
1
1
1
1
1
1
1
1
1
1
1
1
1
1
1
1
1
1
1
1
1
1
1
1
1
1
1
1
1.001
1.001
1.001
1.001
1.001
1.001
1.001
1.001
1.001
1.001
1.001
1.001
1.001
1.001
1.001
1.001
1.001
1.001
1.001
1.001
1.001
1.001
1.001
1.001
1.001
1.001
1.001
1.001
1.001
1.001
1.001
1.001
1.001
1.001
1.001
1.001
1.001
1.001
1.001
1.001
1.001
1.001
0.8956376
0.886664
0.916632
0.9827117
1
1
1
1
1
1
1
1
1
1
1
1
1
1
1
1
1
1
1
1
1
1
1
1
1
1
1
1
1
1
1
1
1
1
1
1
1
1
1
1
1
1
1
1
1
1
1
1
1
1
1
1
1
1
1
1
1
1
1
1
1
1
1.001
1.001
1.001
1.001
1.001
1.001
1.001
1.001
1.001
1.001
1.001
1.001
1.001
1.001
1.001
1.001
1.001
1.001
1.001
1.001
1.001
1.001
1.001
1.001
1.001
1.001
1.001
1.001
1.001
1.001
1.001
1.001
1.001
1.001
0.8956376
0.886664
0.916632
0.9827117
1
1
1
1
1
1
1
1
1
1
1
1
1
1
1
1
1
1
1
1
1
1
1
1
1
1
1
1
1
1
1
1
1
1
1
1
1
1
1
1
1
1
1
1
1
1
1
1
1
1
1
1
1
1
1
1
1
1
1
1
1
1
1
1
1
1
1
1
1
1
1
1
1
1.001
1.001
1.001
1.001
1.001
1.001
1.001
1.001
1.001
1.001
1.001
1.001
1.001
1.001
1.001
1.001
1.001
1.001
1.001
1.001
1.001
1.001
1.001
0.8956376
0.886664
0.916632
0.9827117
1
1
1
1
1
1
1
1
1
1
1
1
1
1
1
1
1
1
1
1
1
1
1
1
1
1
1
1
1
1
1
1
1
1
1
1
1
1
1
1
1
1
1
1
1
1
1
1
1
1
1
1
1
1
1
1
1
1
1
1
1
1
1
1
1
1
1
1
1
1
1
1
1
1
1
1
1
1
1
1
1
1
1
1
1
1
1
1
1
1
1
1
1
1.001
1.001
1.001
0.8956376
0.886664
0.916632
0.9827117
1
1
1
1
1
1
1
1
1
1
1
1
1
1
1
1
1
1
1
1
1
1
1
1
1
1
1
1
1
1
1
1
1
1
1
1
1
1
1
1
1
1
1
1
1
1
1
1
1
1
1
1
1
1
1
1
1
1
1
1
1
1
1
1
1
1
1
1
1
1
1
1
1
1
1
1
1
1
1
1
1
1
1
1
1
1
1
1
1
1
1
1
1
1
1
1
0.8956376
0.886664
0.916632
0.9827117
1
1
1
1
1
1
1
1
1
1
1
1
1
1
1
1
1
1
1
1
1
1
1
1
1
1
1
1
1
1
1
1
1
1
1
1
1
1
1
1
1
1
1
1
1
1
1
1
1
1
1
1
1
1
1
1
1
1
1
1
1
1
1
1
1
1
1
1
1
1
1
1
1
1
1
1
1
1
1
1
1
1
1
1
1
1
1
1
1
1
1
1
1
1
1
1
0.8956376
0.886664
0.916632
0.9827117
1
1
1
1
1
1
1
1
1
1
1
1
1
1
1
1
1
1
1
1
1
1
1
1
1
1
1
1
1
1
1
1
1
1
1
1
1
1
1
1
1
1
1
1
1
1
1
1
1
1
1
1
1
1
1
1
1
1
1
1
1
1
1
1
1
1
1
1
1
1
1
1
1
1
1
1
1
1
1
1
1
1
1
1
1
1
1
1
1
1
1
1
1
1
1
1
0.8956376
0.886664
0.916632
0.9827117
1
1
1
1
1
1
1
1
1
1
1
1
1
1
1
1
1
1
1
1
1
1
1
1
1
1
1
1
1
1
1
1
1
1
1
1
1
1
1
1
1
1
1
1
1
1
1
1
1
1
1
1
1
1
1
1
1
1
1
1
1
1
1
1
1
1
1
1
1
1
1
1
1
1
1
1
1
1
1
1
1
1
1
1
1
1
1
1
1
1
1
1
1
1
1
1
