0.8956382
0.8924565
0.9624564
0.96684
0.90221
0.9013
0.9009
0.901
0.9014
0.902
0.9029
0.9039
0.905
0.9062
0.9074
0.9087
0.91
0.9114
0.9127
0.914
0.9153
0.9166
0.9179
0.9191
0.9204
0.9216
0.9227
0.9239
0.925
0.9261
0.9271
0.9282
0.9292
0.9301
0.9311
0.932
0.9329
0.9338
0.9346
0.9354
0.9362
0.937
0.9377
0.9384
0.9392
0.9398
0.9405
0.9412
0.9418
0.9424
0.943
0.9436
0.9441
0.9447
0.9452
0.9457
0.9462
0.9467
0.9472
0.9476
0.9481
0.9485
0.949
0.9494
0.9498
0.9502
0.9506
0.9509
0.9513
0.9517
0.952
0.9523
0.9527
0.953
0.9533
0.9536
0.9539
0.9542
0.9545
0.9548
0.9551
0.9553
0.9556
0.9558
0.9561
0.9563
0.9566
0.9568
0.957
0.9573
0.9575
0.9577
0.9579
0.958
0.958
0.958
0.959
0.959
0.959
0.959
0.8956382
0.8924587
0.9624588
0.96578
0.90237
0.9014
0.9009
0.9008
0.901
0.9015
0.9021
0.9029
0.9038
0.9047
0.9058
0.9069
0.9081
0.9092
0.9104
0.9116
0.9128
0.914
0.9152
0.9164
0.9175
0.9187
0.9198
0.9209
0.9219
0.923
0.924
0.925
0.9259
0.9269
0.9278
0.9287
0.9296
0.9304
0.9313
0.9321
0.9329
0.9336
0.9344
0.9351
0.9358
0.9365
0.9371
0.9378
0.9384
0.939
0.94
0.94
0.941
0.941
0.942
0.942
0.943
0.943
0.944
0.944
0.945
0.945
0.946
0.946
0.947
0.947
0.947
0.948
0.948
0.948
0.949
0.949
0.949
0.95
0.95
0.95
0.951
0.951
0.951
0.952
0.952
0.952
0.952
0.953
0.953
0.953
0.953
0.954
0.954
0.954
0.954
0.955
0.955
0.955
0.955
0.955
0.956
0.956
0.956
0.956
0.8956382
0.8924599
0.9624601
0.96484
0.90474
0.9016
0.901
0.9008
0.9008
0.9011
0.9015
0.9021
0.9028
0.9036
0.9045
0.9054
0.9064
0.9075
0.9085
0.9096
0.9107
0.9118
0.9129
0.9139
0.915
0.9161
0.9171
0.9181
0.9191
0.9201
0.9211
0.9221
0.923
0.924
0.925
0.926
0.927
0.927
0.928
0.929
0.93
0.93
0.931
0.932
0.933
0.933
0.934
0.935
0.935
0.936
0.936
0.937
0.938
0.938
0.939
0.939
0.94
0.94
0.941
0.941
0.942
0.942
0.943
0.943
0.943
0.944
0.944
0.945
0.945
0.945
0.946
0.946
0.946
0.947
0.947
0.947
0.948
0.948
0.948
0.949
0.949
0.949
0.949
0.95
0.95
0.95
0.95
0.951
0.951
0.951
0.951
0.952
0.952
0.952
0.952
0.952
0.953
0.953
0.953
0.953
0.8956382
0.8924606
0.9624608
0.964
0.90757
0.9017
0.9011
0.9007
0.9007
0.9008
0.9011
0.9015
0.9021
0.9027
0.9034
0.9042
0.9051
0.906
0.9069
0.9079
0.9088
0.9098
0.9108
0.9118
0.9128
0.9137
0.915
0.916
0.917
0.918
0.918
0.919
0.92
0.921
0.922
0.923
0.924
0.924
0.925
0.926
0.927
0.928
0.928
0.929
0.93
0.93
0.931
0.932
0.932
0.933
0.933
0.934
0.935
0.935
0.936
0.936
0.937
0.937
0.938
0.938
0.939
0.939
0.939
0.94
0.94
0.941
0.941
0.942
0.942
0.942
0.943
0.943
0.943
0.944
0.944
0.944
0.945
0.945
0.945
0.946
0.946
0.946
0.946
0.947
0.947
0.947
0.948
0.948
0.948
0.948
0.948
0.949
0.949
0.949
0.949
0.95
0.95
0.95
0.95
0.95
0.8956382
0.892461
0.9624613
0.96325
0.91
0.9018
0.9012
0.9008
0.9006
0.9006
0.9008
0.9011
0.9015
0.902
0.9026
0.9033
0.904
0.9048
0.9056
0.9064
0.9073
0.9081
0.909
0.91
0.911
0.912
0.913
0.913
0.914
0.915
0.916
0.917
0.918
0.919
0.919
0.92
0.921
0.922
0.923
0.923
0.924
0.925
0.925
0.926
0.927
0.927
0.928
0.929
0.929
0.93
0.931
0.931
0.932
0.932
0.933
0.933
0.934
0.934
0.935
0.935
0.936
0.936
0.937
0.937
0.937
0.938
0.938
0.939
0.939
0.939
0.94
0.94
0.94
0.941
0.941
0.941
0.942
0.942
0.942
0.943
0.943
0.943
0.944
0.944
0.944
0.944
0.945
0.945
0.945
0.945
0.946
0.946
0.946
0.946
0.947
0.947
0.947
0.947
0.947
0.948
0.8956382
0.8924613
0.9624616
0.96257
0.912
0.9019
0.9013
0.9008
0.9006
0.9005
0.9005
0.9007
0.901
0.9014
0.9019
0.9025
0.9031
0.9037
0.9044
0.9051
0.906
0.907
0.907
0.908
0.909
0.91
0.911
0.912
0.912
0.913
0.914
0.915
0.916
0.916
0.917
0.918
0.919
0.919
0.92
0.921
0.922
0.922
0.923
0.924
0.924
0.925
0.925
0.926
0.927
0.927
0.928
0.928
0.929
0.929
0.93
0.93
0.931
0.931
0.932
0.932
0.933
0.933
0.934
0.934
0.935
0.935
0.935
0.936
0.936
0.937
0.937
0.937
0.938
0.938
0.938
0.939
0.939
0.939
0.94
0.94
0.94
0.941
0.941
0.941
0.941
0.942
0.942
0.942
0.942
0.943
0.943
0.943
0.943
0.944
0.944
0.944
0.944
0.944
0.945
0.945
0.8956382
0.8924616
0.9624619
0.96195
0.9138
0.902
0.9014
0.9009
0.9006
0.9004
0.9004
0.9005
0.9007
0.901
0.9014
0.9018
0.9023
0.9029
0.903
0.904
0.905
0.905
0.906
0.907
0.908
0.908
0.909
0.91
0.911
0.911
0.912
0.913
0.914
0.914
0.915
0.916
0.916
0.917
0.918
0.919
0.919
0.92
0.92
0.921
0.922
0.922
0.923
0.924
0.924
0.925
0.925
0.926
0.926
0.927
0.927
0.928
0.928
0.929
0.929
0.93
0.93
0.931
0.931
0.932
0.932
0.932
0.933
0.933
0.934
0.934
0.934
0.935
0.935
0.935
0.936
0.936
0.936
0.937
0.937
0.937
0.938
0.938
0.938
0.938
0.939
0.939
0.939
0.939
0.94
0.94
0.94
0.94
0.941
0.941
0.941
0.941
0.942
0.942
0.942
0.942
0.8956382
0.8924618
0.9624621
0.96138
0.9153
0.9029
0.9014
0.9009
0.9006
0.9004
0.9003
0.9003
0.9004
0.9006
0.9009
0.9013
0.9017
0.902
0.903
0.903
0.904
0.904
0.905
0.906
0.906
0.907
0.908
0.908
0.909
0.91
0.91
0.911
0.912
0.912
0.913
0.914
0.914
0.915
0.916
0.916
0.917
0.918
0.918
0.919
0.919
0.92
0.921
0.921
0.922
0.922
0.923
0.923
0.924
0.924
0.925
0.925
0.926
0.926
0.927
0.927
0.928
0.928
0.929
0.929
0.929
0.93
0.93
0.931
0.931
0.931
0.932
0.932
0.932
0.933
0.933
0.933
0.934
0.934
0.934
0.935
0.935
0.935
0.936
0.936
0.936
0.936
0.937
0.937
0.937
0.937
0.938
0.938
0.938
0.938
0.939
0.939
0.939
0.939
0.939
0.94
0.8956382
0.8924619
0.9624622
0.96086
0.9166
0.9051
0.9015
0.901
0.9006
0.9004
0.9002
0.9002
0.9002
0.9004
0.9006
0.9008
0.901
0.902
0.902
0.902
0.903
0.903
0.904
0.905
0.905
0.906
0.906
0.907
0.908
0.908
0.909
0.91
0.91
0.911
0.911
0.912
0.913
0.913
0.914
0.914
0.915
0.916
0.916
0.917
0.917
0.918
0.919
0.919
0.92
0.92
0.921
0.921
0.922
0.922
0.923
0.923
0.924
0.924
0.925
0.925
0.925
0.926
0.926
0.927
0.927
0.927
0.928
0.928
0.929
0.929
0.929
0.93
0.93
0.93
0.931
0.931
0.931
0.932
0.932
0.932
0.933
0.933
0.933
0.933
0.934
0.934
0.934
0.934
0.935
0.935
0.935
0.935
0.936
0.936
0.936
0.936
0.937
0.937
0.937
0.937
0.8956382
0.892462
0.9624624
0.96038
0.9178
0.907
0.9016
0.9011
0.9007
0.9004
0.9002
0.9001
0.9001
0.9001
0.9003
0.9005
0.901
0.901
0.901
0.902
0.902
0.903
0.903
0.904
0.904
0.905
0.905
0.906
0.906
0.907
0.908
0.908
0.909
0.909
0.91
0.91
0.911
0.912
0.912
0.913
0.913
0.914
0.914
0.915
0.915
0.916
0.917
0.917
0.918
0.918
0.919
0.919
0.92
0.92
0.92
0.921
0.921
0.922
0.922
0.923
0.923
0.924
0.924
0.924
0.925
0.925
0.926
0.926
0.926
0.927
0.927
0.927
0.928
0.928
0.928
0.929
0.929
0.929
0.93
0.93
0.93
0.93
0.931
0.931
0.931
0.932
0.932
0.932
0.932
0.933
0.933
0.933
0.933
0.933
0.934
0.934
0.934
0.934
0.935
0.935
0.8956382
0.8924621
0.9624625
0.95994
0.9189
0.9088
0.9017
0.9012
0.9007
0.9004
0.9002
0.9
0.9
0.9
0.9001
0.9
0.9
0.901
0.901
0.901
0.902
0.902
0.902
0.903
0.903
0.904
0.904
0.905
0.905
0.906
0.906
0.907
0.907
0.908
0.908
0.909
0.91
0.91
0.911
0.911
0.912
0.912
0.913
0.913
0.914
0.914
0.915
0.915
0.916
0.916
0.917
0.917
0.918
0.918
0.918
0.919
0.919
0.92
0.92
0.921
0.921
0.921
0.922
0.922
0.923
0.923
0.923
0.924
0.924
0.924
0.925
0.925
0.925
0.926
0.926
0.926
0.927
0.927
0.927
0.928
0.928
0.928
0.928
0.929
0.929
0.929
0.93
0.93
0.93
0.93
0.93
0.931
0.931
0.931
0.931
0.932
0.932
0.932
0.932
0.932
0.8956382
0.8924622
0.9624626
0.95952
0.9199
0.9104
0.9018
0.9012
0.9008
0.9004
0.9002
0.9
0.8999
0.8998
0.8999
0.9
0.9
0.9
0.901
0.901
0.901
0.901
0.902
0.902
0.903
0.903
0.903
0.904
0.904
0.905
0.905
0.906
0.906
0.907
0.907
0.908
0.908
0.909
0.909
0.91
0.91
0.911
0.911
0.912
0.912
0.913
0.913
0.913
0.914
0.914
0.915
0.915
0.916
0.916
0.917
0.917
0.917
0.918
0.918
0.919
0.919
0.919
0.92
0.92
0.921
0.921
0.921
0.922
0.922
0.922
0.923
0.923
0.923
0.924
0.924
0.924
0.925
0.925
0.925
0.925
0.926
0.926
0.926
0.927
0.927
0.927
0.927
0.928
0.928
0.928
0.928
0.929
0.929
0.929
0.929
0.929
0.93
0.93
0.93
0.93
0.8956382
0.8924623
0.9624627
0.95914
0.9207
0.9118
0.9031
0.9013
0.9008
0.9005
0.9002
0.9
0.8998
0.8997
0.9
0.9
0.9
0.9
0.9
0.9
0.901
0.901
0.901
0.902
0.902
0.902
0.903
0.903
0.903
0.904
0.904
0.905
0.905
0.906
0.906
0.906
0.907
0.907
0.908
0.908
0.909
0.909
0.91
0.91
0.911
0.911
0.911
0.912
0.912
0.913
0.913
0.914
0.914
0.914
0.915
0.915
0.916
0.916
0.916
0.917
0.917
0.918
0.918
0.918
0.919
0.919
0.919
0.92
0.92
0.92
0.921
0.921
0.921
0.922
0.922
0.922
0.923
0.923
0.923
0.923
0.924
0.924
0.924
0.924
0.925
0.925
0.925
0.925
0.926
0.926
0.926
0.926
0.927
0.927
0.927
0.927
0.927
0.927
0.927
0.927
0.8956382
0.8924624
0.9624627
0.95878
0.9215
0.9131
0.9049
0.9014
0.9009
0.9005
0.9002
0.9
0.8998
0.8997
0.9
0.9
0.9
0.9
0.9
0.9
0.9
0.9
0.901
0.901
0.901
0.902
0.902
0.902
0.903
0.903
0.903
0.904
0.904
0.905
0.905
0.905
0.906
0.906
0.907
0.907
0.907
0.908
0.908
0.909
0.909
0.91
0.91
0.91
0.911
0.911
0.912
0.912
0.912
0.913
0.913
0.914
0.914
0.914
0.915
0.915
0.915
0.916
0.916
0.917
0.917
0.917
0.918
0.918
0.918
0.918
0.919
0.919
0.919
0.92
0.92
0.92
0.921
0.921
0.921
0.921
0.922
0.922
0.922
0.922
0.923
0.923
0.923
0.923
0.924
0.924
0.924
0.924
0.925
0.925
0.925
0.925
0.925
0.925
0.925
0.925
0.8956382
0.8924624
0.9624628
0.95845
0.9222
0.9142
0.9065
0.9014
0.901
0.9006
0.9002
0.9
0.8998
0.8996
0.9
0.899
0.899
0.9
0.9
0.9
0.9
0.9
0.9
0.901
0.901
0.901
0.901
0.902
0.902
0.902
0.903
0.903
0.903
0.904
0.904
0.904
0.905
0.905
0.906
0.906
0.906
0.907
0.907
0.908
0.908
0.908
0.909
0.909
0.909
0.91
0.91
0.911
0.911
0.911
0.912
0.912
0.912
0.913
0.913
0.913
0.914
0.914
0.914
0.915
0.915
0.915
0.916
0.916
0.916
0.917
0.917
0.917
0.918
0.918
0.918
0.918
0.919
0.919
0.919
0.92
0.92
0.92
0.92
0.921
0.921
0.921
0.921
0.922
0.922
0.922
0.922
0.922
0.923
0.923
0.923
0.923
0.923
0.923
0.923
0.923
0.8956382
0.8924625
0.9624628
0.95812
0.9229
0.9153
0.9079
0.9015
0.901
0.9006
0.9003
0.9
0.8997
0.9
0.899
0.899
0.899
0.899
0.899
0.9
0.9
0.9
0.9
0.9
0.9
0.901
0.901
0.901
0.901
0.902
0.902
0.902
0.903
0.903
0.903
0.904
0.904
0.904
0.905
0.905
0.905
0.906
0.906
0.906
0.907
0.907
0.907
0.908
0.908
0.909
0.909
0.909
0.91
0.91
0.91
0.911
0.911
0.911
0.912
0.912
0.912
0.913
0.913
0.913
0.914
0.914
0.914
0.914
0.915
0.915
0.915
0.916
0.916
0.916
0.916
0.917
0.917
0.917
0.918
0.918
0.918
0.918
0.919
0.919
0.919
0.919
0.919
0.92
0.92
0.92
0.92
0.921
0.921
0.921
0.921
0.921
0.921
0.921
0.921
0.921
0.8956382
0.8924625
0.9624629
0.95782
0.9235
0.9163
0.9093
0.9025
0.9011
0.9007
0.9003
0.9
0.8998
0.9
0.899
0.899
0.899
0.899
0.899
0.899
0.899
0.899
0.9
0.9
0.9
0.9
0.9
0.901
0.901
0.901
0.901
0.902
0.902
0.902
0.902
0.903
0.903
0.903
0.904
0.904
0.904
0.905
0.905
0.905
0.906
0.906
0.906
0.907
0.907
0.907
0.908
0.908
0.908
0.909
0.909
0.909
0.91
0.91
0.91
0.911
0.911
0.911
0.911
0.912
0.912
0.912
0.913
0.913
0.913
0.913
0.914
0.914
0.914
0.915
0.915
0.915
0.915
0.916
0.916
0.916
0.916
0.917
0.917
0.917
0.917
0.917
0.918
0.918
0.918
0.918
0.919
0.919
0.919
0.919
0.919
0.919
0.919
0.919
0.919
0.919
0.8956382
0.8924625
0.9624629
0.95755
0.9241
0.9172
0.9106
0.9041
0.9011
0.9007
0.9003
0.9
0.8998
0.9
0.899
0.899
0.899
0.899
0.899
0.899
0.899
0.899
0.899
0.899
0.9
0.9
0.9
0.9
0.9
0.901
0.901
0.901
0.901
0.901
0.902
0.902
0.902
0.903
0.903
0.903
0.903
0.904
0.904
0.904
0.905
0.905
0.905
0.906
0.906
0.906
0.907
0.907
0.907
0.907
0.908
0.908
0.908
0.909
0.909
0.909
0.91
0.91
0.91
0.91
0.911
0.911
0.911
0.911
0.912
0.912
0.912
0.913
0.913
0.913
0.913
0.914
0.914
0.914
0.914
0.914
0.915
0.915
0.915
0.915
0.916
0.916
0.916
0.916
0.916
0.917
0.917
0.917
0.917
0.917
0.918
0.918
0.917
0.917
0.917
0.917
0.8956382
0.8924626
0.962463
0.95731
0.9246
0.9181
0.9117
0.9055
0.9012
0.9008
0.9004
0.9
0.8998
0.9
0.899
0.899
0.899
0.899
0.899
0.899
0.899
0.899
0.899
0.899
0.899
0.899
0.9
0.9
0.9
0.9
0.9
0.9
0.901
0.901
0.901
0.901
0.902
0.902
0.902
0.902
0.903
0.903
0.903
0.903
0.904
0.904
0.904
0.905
0.905
0.905
0.905
0.906
0.906
0.906
0.907
0.907
0.907
0.907
0.908
0.908
0.908
0.909
0.909
0.909
0.909
0.91
0.91
0.91
0.91
0.911
0.911
0.911
0.911
0.912
0.912
0.912
0.912
0.913
0.913
0.913
0.913
0.913
0.914
0.914
0.914
0.914
0.914
0.915
0.915
0.915
0.915
0.915
0.916
0.916
0.916
0.916
0.916
0.916
0.916
0.916
0.8956382
0.8924626
0.962463
0.95703
0.925
0.9189
0.9128
0.9069
0.9013
0.9008
0.9004
0.9001
0.8998
0.9
0.899
0.899
0.899
0.899
0.899
0.899
0.899
0.899
0.899
0.899
0.899
0.899
0.899
0.899
0.899
0.9
0.9
0.9
0.9
0.9
0.901
0.901
0.901
0.901
0.901
0.902
0.902
0.902
0.902
0.903
0.903
0.903
0.903
0.904
0.904
0.904
0.904
0.905
0.905
0.905
0.906
0.906
0.906
0.906
0.907
0.907
0.907
0.907
0.908
0.908
0.908
0.908
0.909
0.909
0.909
0.909
0.91
0.91
0.91
0.91
0.91
0.911
0.911
0.911
0.911
0.912
0.912
0.912
0.912
0.912
0.913
0.913
0.913
0.913
0.913
0.914
0.914
0.914
0.914
0.914
0.914
0.914
0.914
0.914
0.914
0.914
0.8956382
0.8924627
0.962463
0.95679
0.9255
0.9196
0.9138
0.9082
0.9027
0.9009
0.9005
0.9001
0.8998
0.9
0.899
0.899
0.899
0.899
0.899
0.899
0.899
0.899
0.899
0.899
0.899
0.899
0.899
0.899
0.899
0.899
0.899
0.9
0.9
0.9
0.9
0.9
0.9
0.901
0.901
0.901
0.901
0.901
0.902
0.902
0.902
0.902
0.903
0.903
0.903
0.903
0.904
0.904
0.904
0.904
0.905
0.905
0.905
0.905
0.905
0.906
0.906
0.906
0.906
0.907
0.907
0.907
0.907
0.908
0.908
0.908
0.908
0.908
0.909
0.909
0.909
0.909
0.91
0.91
0.91
0.91
0.91
0.911
0.911
0.911
0.911
0.911
0.912
0.912
0.912
0.912
0.912
0.912
0.913
0.913
0.913
0.913
0.913
0.913
0.913
0.913
0.8956382
0.8924627
0.9624631
0.95656
0.9259
0.9203
0.9148
0.9094
0.9041
0.9009
0.9005
0.9002
0.9
0.9
0.899
0.899
0.899
0.899
0.899
0.899
0.899
0.899
0.899
0.899
0.899
0.899
0.899
0.899
0.899
0.899
0.899
0.899
0.899
0.899
0.9
0.9
0.9
0.9
0.9
0.9
0.901
0.901
0.901
0.901
0.901
0.902
0.902
0.902
0.902
0.903
0.903
0.903
0.903
0.903
0.904
0.904
0.904
0.904
0.904
0.905
0.905
0.905
0.905
0.906
0.906
0.906
0.906
0.906
0.907
0.907
0.907
0.907
0.908
0.908
0.908
0.908
0.908
0.909
0.909
0.909
0.909
0.909
0.909
0.91
0.91
0.91
0.91
0.91
0.911
0.911
0.911
0.911
0.911
0.911
0.912
0.912
0.912
0.912
0.911
0.911
0.8956382
0.8924627
0.9624631
0.95634
0.9263
0.9209
0.9156
0.9105
0.9055
0.901
0.9006
0.9002
0.9
0.9
0.899
0.899
0.899
0.899
0.899
0.899
0.898
0.898
0.898
0.898
0.898
0.898
0.898
0.898
0.899
0.899
0.899
0.899
0.899
0.899
0.899
0.899
0.899
0.9
0.9
0.9
0.9
0.9
0.9
0.901
0.901
0.901
0.901
0.901
0.902
0.902
0.902
0.902
0.902
0.903
0.903
0.903
0.903
0.903
0.904
0.904
0.904
0.904
0.904
0.905
0.905
0.905
0.905
0.905
0.906
0.906
0.906
0.906
0.906
0.907
0.907
0.907
0.907
0.907
0.908
0.908
0.908
0.908
0.908
0.908
0.909
0.909
0.909
0.909
0.909
0.909
0.91
0.91
0.91
0.91
0.91
0.91
0.91
0.91
0.91
0.91
0.8956382
0.8924627
0.9624631
0.95613
0.9266
0.9215
0.9165
0.9115
0.9067
0.902
0.9006
0.9002
0.9
0.9
0.899
0.899
0.899
0.899
0.899
0.899
0.898
0.898
0.898
0.898
0.898
0.898
0.898
0.898
0.898
0.898
0.898
0.898
0.899
0.899
0.899
0.899
0.899
0.899
0.899
0.899
0.9
0.9
0.9
0.9
0.9
0.9
0.901
0.901
0.901
0.901
0.901
0.901
0.902
0.902
0.902
0.902
0.902
0.903
0.903
0.903
0.903
0.903
0.903
0.904
0.904
0.904
0.904
0.904
0.905
0.905
0.905
0.905
0.905
0.905
0.906
0.906
0.906
0.906
0.906
0.907
0.907
0.907
0.907
0.907
0.907
0.908
0.908
0.908
0.908
0.908
0.908
0.908
0.909
0.909
0.909
0.909
0.909
0.909
0.909
0.909
0.8956382
0.8924627
0.9624632
0.95594
0.927
0.9221
0.9172
0.9125
0.9079
0.9034
0.9007
0.9003
0.9
0.9
0.899
0.899
0.899
0.899
0.899
0.898
0.898
0.898
0.898
0.898
0.898
0.898
0.898
0.898
0.898
0.898
0.898
0.898
0.898
0.898
0.898
0.899
0.899
0.899
0.899
0.899
0.899
0.899
0.899
0.899
0.9
0.9
0.9
0.9
0.9
0.9
0.901
0.901
0.901
0.901
0.901
0.901
0.902
0.902
0.902
0.902
0.902
0.902
0.903
0.903
0.903
0.903
0.903
0.903
0.904
0.904
0.904
0.904
0.904
0.904
0.905
0.905
0.905
0.905
0.905
0.905
0.906
0.906
0.906
0.906
0.906
0.906
0.907
0.907
0.907
0.907
0.907
0.907
0.907
0.908
0.908
0.908
0.908
0.908
0.908
0.908
0.8956382
0.8924628
0.9624632
0.95575
0.9273
0.9226
0.918
0.9135
0.909
0.9047
0.9007
0.9003
0.9
0.9
0.899
0.899
0.899
0.899
0.899
0.898
0.898
0.898
0.898
0.898
0.898
0.898
0.898
0.898
0.898
0.898
0.898
0.898
0.898
0.898
0.898
0.898
0.898
0.898
0.898
0.899
0.899
0.899
0.899
0.899
0.899
0.899
0.899
0.9
0.9
0.9
0.9
0.9
0.9
0.9
0.901
0.901
0.901
0.901
0.901
0.901
0.901
0.902
0.902
0.902
0.902
0.902
0.902
0.903
0.903
0.903
0.903
0.903
0.903
0.903
0.904
0.904
0.904
0.904
0.904
0.904
0.905
0.905
0.905
0.905
0.905
0.905
0.905
0.906
0.906
0.906
0.906
0.906
0.906
0.906
0.907
0.907
0.907
0.907
0.907
0.907
0.8956382
0.8924628
0.9624632
0.95557
0.9276
0.9231
0.9187
0.9143
0.9101
0.9059
0.9018
0.9004
0.9
0.9
0.899
0.899
0.899
0.899
0.899
0.898
0.898
0.898
0.898
0.898
0.898
0.898
0.898
0.898
0.898
0.898
0.898
0.898
0.898
0.898
0.898
0.898
0.898
0.898
0.898
0.898
0.898
0.898
0.898
0.899
0.899
0.899
0.899
0.899
0.899
0.899
0.899
0.899
0.9
0.9
0.9
0.9
0.9
0.9
0.9
0.901
0.901
0.901
0.901
0.901
0.901
0.901
0.902
0.902
0.902
0.902
0.902
0.902
0.902
0.903
0.903
0.903
0.903
0.903
0.903
0.903
0.904
0.904
0.904
0.904
0.904
0.904
0.904
0.905
0.905
0.905
0.905
0.905
0.905
0.905
0.905
0.906
0.906
0.906
0.906
0.906
0.8956382
0.8924628
0.9624632
0.95539
0.9279
0.9236
0.9193
0.9152
0.9111
0.9071
0.9031
0.9004
0.9
0.9
0.899
0.899
0.899
0.899
0.899
0.898
0.898
0.898
0.898
0.898
0.898
0.898
0.898
0.898
0.898
0.898
0.897
0.897
0.898
0.898
0.898
0.898
0.898
0.898
0.898
0.898
0.898
0.898
0.898
0.898
0.898
0.898
0.898
0.898
0.899
0.899
0.899
0.899
0.899
0.899
0.899
0.899
0.9
0.9
0.9
0.9
0.9
0.9
0.9
0.9
0.901
0.901
0.901
0.901
0.901
0.901
0.901
0.901
0.902
0.902
0.902
0.902
0.902
0.902
0.902
0.903
0.903
0.903
0.903
0.903
0.903
0.903
0.903
0.904
0.904
0.904
0.904
0.904
0.904
0.904
0.904
0.904
0.905
0.905
0.905
0.905
0.8956382
0.8924628
0.9624632
0.95523
0.9281
0.924
0.9199
0.9159
0.912
0.9082
0.9044
0.9007
0.9
0.9
0.899
0.899
0.899
0.899
0.899
0.898
0.898
0.898
0.898
0.898
0.898
0.898
0.897
0.897
0.897
0.897
0.897
0.897
0.897
0.897
0.897
0.897
0.897
0.897
0.897
0.897
0.898
0.898
0.898
0.898
0.898
0.898
0.898
0.898
0.898
0.898
0.898
0.898
0.899
0.899
0.899
0.899
0.899
0.899
0.899
0.899
0.899
0.9
0.9
0.9
0.9
0.9
0.9
0.9
0.9
0.9
0.901
0.901
0.901
0.901
0.901
0.901
0.901
0.901
0.902
0.902
0.902
0.902
0.902
0.902
0.902
0.902
0.902
0.903
0.903
0.903
0.903
0.903
0.903
0.903
0.903
0.903
0.904
0.904
0.904
0.904
0.8956382
0.8924628
0.9624632
0.95507
0.9284
0.9244
0.9205
0.9167
0.9129
0.9092
0.9056
0.902
0.9
0.9
0.899
0.899
0.899
0.899
0.899
0.898
0.898
0.898
0.898
0.898
0.898
0.897
0.897
0.897
0.897
0.897
0.897
0.897
0.897
0.897
0.897
0.897
0.897
0.897
0.897
0.897
0.897
0.897
0.897
0.897
0.897
0.897
0.898
0.898
0.898
0.898
0.898
0.898
0.898
0.898
0.898
0.898
0.898
0.898
0.899
0.899
0.899
0.899
0.899
0.899
0.899
0.899
0.899
0.9
0.9
0.9
0.9
0.9
0.9
0.9
0.9
0.9
0.9
0.901
0.901
0.901
0.901
0.901
0.901
0.901
0.901
0.901
0.902
0.902
0.902
0.902
0.902
0.902
0.902
0.902
0.902
0.902
0.903
0.903
0.903
0.903
0.8956382
0.8924628
0.9624633
0.95492
0.9286
0.9248
0.9211
0.9174
0.9138
0.9102
0.9067
0.9033
0.9
0.9
0.9
0.899
0.899
0.899
0.898
0.898
0.898
0.898
0.898
0.898
0.898
0.897
0.897
0.897
0.897
0.897
0.897
0.897
0.897
0.897
0.897
0.897
0.897
0.897
0.897
0.897
0.897
0.897
0.897
0.897
0.897
0.897
0.897
0.897
0.897
0.897
0.897
0.897
0.898
0.898
0.898
0.898
0.898
0.898
0.898
0.898
0.898
0.898
0.898
0.898
0.899
0.899
0.899
0.899
0.899
0.899
0.899
0.899
0.899
0.899
0.9
0.9
0.9
0.9
0.9
0.9
0.9
0.9
0.9
0.9
0.901
0.901
0.901
0.901
0.901
0.901
0.901
0.901
0.901
0.901
0.901
0.902
0.902
0.902
0.902
0.902
0.8956382
0.8924629
0.9624633
0.95477
0.9289
0.9252
0.9216
0.918
0.9146
0.9111
0.9078
0.9045
0.901
0.9
0.9
0.899
0.899
0.899
0.899
0.898
0.898
0.898
0.898
0.898
0.897
0.897
0.897
0.897
0.897
0.897
0.897
0.897
0.897
0.897
0.897
0.897
0.897
0.897
0.897
0.897
0.897
0.897
0.897
0.897
0.897
0.897
0.897
0.897
0.897
0.897
0.897
0.897
0.897
0.897
0.897
0.897
0.897
0.897
0.898
0.898
0.898
0.898
0.898
0.898
0.898
0.898
0.898
0.898
0.898
0.898
0.899
0.899
0.899
0.899
0.899
0.899
0.899
0.899
0.899
0.899
0.899
0.899
0.9
0.9
0.9
0.9
0.9
0.9
0.9
0.9
0.9
0.9
0.9
0.901
0.901
0.901
0.901
0.901
0.901
0.901
0.8956382
0.8924629
0.9624633
0.95463
0.9291
0.9255
0.9221
0.9187
0.9153
0.912
0.9088
0.9056
0.903
0.9
0.9
0.899
0.899
0.899
0.899
0.898
0.898
0.898
0.898
0.898
0.897
0.897
0.897
0.897
0.897
0.897
0.897
0.897
0.897
0.897
0.897
0.897
0.896
0.896
0.896
0.896
0.896
0.896
0.896
0.896
0.896
0.896
0.897
0.897
0.897
0.897
0.897
0.897
0.897
0.897
0.897
0.897
0.897
0.897
0.897
0.897
0.897
0.897
0.897
0.897
0.897
0.898
0.898
0.898
0.898
0.898
0.898
0.898
0.898
0.898
0.898
0.898
0.898
0.898
0.899
0.899
0.899
0.899
0.899
0.899
0.899
0.899
0.899
0.899
0.899
0.899
0.899
0.9
0.9
0.9
0.9
0.9
0.9
0.9
0.9
0.9
0.8956382
0.8924629
0.9624633
0.95449
0.9293
0.9259
0.9226
0.9193
0.9161
0.9129
0.9098
0.9067
0.904
0.901
0.9
0.899
0.899
0.899
0.899
0.898
0.898
0.898
0.898
0.898
0.897
0.897
0.897
0.897
0.897
0.897
0.897
0.897
0.897
0.896
0.896
0.896
0.896
0.896
0.896
0.896
0.896
0.896
0.896
0.896
0.896
0.896
0.896
0.896
0.896
0.896
0.896
0.896
0.896
0.896
0.896
0.896
0.897
0.897
0.897
0.897
0.897
0.897
0.897
0.897
0.897
0.897
0.897
0.897
0.897
0.897
0.897
0.897
0.897
0.898
0.898
0.898
0.898
0.898
0.898
0.898
0.898
0.898
0.898
0.898
0.898
0.898
0.898
0.898
0.899
0.899
0.899
0.899
0.899
0.899
0.899
0.899
0.899
0.899
0.899
0.899
0.8956382
0.8924629
0.9624633
0.95436
0.9295
0.9262
0.923
0.9199
0.9168
0.9137
0.9107
0.908
0.905
0.902
0.9
0.899
0.899
0.899
0.899
0.898
0.898
0.898
0.898
0.897
0.897
0.897
0.897
0.897
0.897
0.897
0.897
0.896
0.896
0.896
0.896
0.896
0.896
0.896
0.896
0.896
0.896
0.896
0.896
0.896
0.896
0.896
0.896
0.896
0.896
0.896
0.896
0.896
0.896
0.896
0.896
0.896
0.896
0.896
0.896
0.896
0.896
0.896
0.896
0.896
0.896
0.897
0.897
0.897
0.897
0.897
0.897
0.897
0.897
0.897
0.897
0.897
0.897
0.897
0.897
0.897
0.897
0.897
0.897
0.898
0.898
0.898
0.898
0.898
0.898
0.898
0.898
0.898
0.898
0.898
0.898
0.898
0.898
0.898
0.898
0.899
0.8956382
0.8924629
0.9624633
0.95423
0.9297
0.9265
0.9234
0.9204
0.9174
0.9145
0.9116
0.909
0.906
0.903
0.901
0.899
0.899
0.899
0.899
0.898
0.898
0.898
0.898
0.897
0.897
0.897
0.897
0.897
0.897
0.897
0.896
0.896
0.896
0.896
0.896
0.896
0.896
0.896
0.896
0.896
0.896
0.896
0.896
0.896
0.896
0.896
0.896
0.896
0.896
0.896
0.896
0.896
0.896
0.896
0.896
0.896
0.896
0.896
0.896
0.896
0.896
0.896
0.896
0.896
0.896
0.896
0.896
0.896
0.896
0.896
0.896
0.896
0.896
0.896
0.896
0.897
0.897
0.897
0.897
0.897
0.897
0.897
0.897
0.897
0.897
0.897
0.897
0.897
0.897
0.897
0.897
0.897
0.897
0.897
0.898
0.898
0.898
0.898
0.898
0.898
0.8956382
0.8924629
0.9624633
0.95411
0.9298
0.9268
0.9239
0.9209
0.9181
0.9152
0.9125
0.91
0.907
0.904
0.902
0.899
0.899
0.899
0.899
0.898
0.898
0.898
0.898
0.897
0.897
0.897
0.897
0.897
0.897
0.897
0.896
0.896
0.896
0.896
0.896
0.896
0.896
0.896
0.896
0.896
0.896
0.896
0.896
0.896
0.895
0.895
0.895
0.895
0.895
0.895
0.895
0.895
0.895
0.895
0.895
0.895
0.895
0.895
0.895
0.895
0.895
0.895
0.896
0.896
0.896
0.896
0.896
0.896
0.896
0.896
0.896
0.896
0.896
0.896
0.896
0.896
0.896
0.896
0.896
0.896
0.896
0.896
0.896
0.896
0.896
0.896
0.896
0.896
0.897
0.897
0.897
0.897
0.897
0.897
0.897
0.897
0.897
0.897
0.897
0.897
0.8956382
0.8924629
0.9624633
0.95399
0.93
0.9271
0.9243
0.9214
0.9187
0.916
0.9133
0.911
0.908
0.905
0.903
0.9
0.899
0.899
0.899
0.898
0.898
0.898
0.898
0.897
0.897
0.897
0.897
0.897
0.897
0.896
0.896
0.896
0.896
0.896
0.896
0.896
0.896
0.896
0.896
0.896
0.895
0.895
0.895
0.895
0.895
0.895
0.895
0.895
0.895
0.895
0.895
0.895
0.895
0.895
0.895
0.895
0.895
0.895
0.895
0.895
0.895
0.895
0.895
0.895
0.895
0.895
0.895
0.895
0.895
0.895
0.895
0.895
0.895
0.895
0.895
0.895
0.895
0.896
0.896
0.896
0.896
0.896
0.896
0.896
0.896
0.896
0.896
0.896
0.896
0.896
0.896
0.896
0.896
0.896
0.896
0.896
0.896
0.896
0.896
0.896
0.8956382
0.8924629
0.9624634
0.95388
0.9302
0.9274
0.9246
0.9219
0.9193
0.9166
0.9141
0.912
0.909
0.907
0.904
0.902
0.899
0.899
0.899
0.898
0.898
0.898
0.898
0.897
0.897
0.897
0.897
0.897
0.897
0.896
0.896
0.896
0.896
0.896
0.896
0.896
0.896
0.896
0.895
0.895
0.895
0.895
0.895
0.895
0.895
0.895
0.895
0.895
0.895
0.895
0.895
0.895
0.895
0.895
0.895
0.895
0.895
0.895
0.895
0.895
0.895
0.895
0.895
0.895
0.895
0.895
0.895
0.895
0.895
0.895
0.895
0.895
0.895
0.895
0.895
0.895
0.895
0.895
0.895
0.895
0.895
0.895
0.895
0.895
0.895
0.895
0.895
0.895
0.895
0.895
0.895
0.895
0.895
0.896
0.896
0.896
0.896
0.896
0.896
0.896
0.8956382
0.8924629
0.9624634
0.95377
0.9303
0.9276
0.925
0.9224
0.9198
0.9173
0.9148
0.912
0.91
0.908
0.905
0.903
0.901
0.899
0.899
0.898
0.898
0.898
0.898
0.897
0.897
0.897
0.897
0.897
0.897
0.896
0.896
0.896
0.896
0.896
0.896
0.896
0.896
0.895
0.895
0.895
0.895
0.895
0.895
0.895
0.895
0.895
0.895
0.895
0.895
0.895
0.895
0.895
0.895
0.895
0.895
0.895
0.894
0.894
0.894
0.894
0.894
0.894
0.894
0.894
0.894
0.894
0.894
0.894
0.894
0.894
0.894
0.894
0.894
0.895
0.895
0.895
0.895
0.895
0.895
0.895
0.895
0.895
0.895
0.895
0.895
0.895
0.895
0.895
0.895
0.895
0.895
0.895
0.895
0.895
0.895
0.895
0.895
0.895
0.895
0.895
0.8956382
0.8924629
0.9624634
0.95366
0.9305
0.9279
0.9253
0.9228
0.9204
0.9179
0.9155
0.913
0.911
0.909
0.906
0.904
0.902
0.9
0.899
0.898
0.898
0.898
0.898
0.897
0.897
0.897
0.897
0.897
0.896
0.896
0.896
0.896
0.896
0.896
0.896
0.896
0.895
0.895
0.895
0.895
0.895
0.895
0.895
0.895
0.895
0.895
0.895
0.895
0.895
0.894
0.894
0.894
0.894
0.894
0.894
0.894
0.894
0.894
0.894
0.894
0.894
0.894
0.894
0.894
0.894
0.894
0.894
0.894
0.894
0.894
0.894
0.894
0.894
0.894
0.894
0.894
0.894
0.894
0.894
0.894
0.894
0.894
0.894
0.894
0.894
0.894
0.894
0.894
0.894
0.894
0.894
0.894
0.894
0.894
0.894
0.894
0.894
0.894
0.894
0.894
0.8956382
0.8924629
0.9624634
0.95355
0.9306
0.9281
0.9257
0.9233
0.9209
0.9185
0.9162
0.914
0.912
0.909
0.907
0.905
0.903
0.901
0.899
0.898
0.898
0.898
0.898
0.897
0.897
0.897
0.897
0.897
0.896
0.896
0.896
0.896
0.896
0.896
0.896
0.895
0.895
0.895
0.895
0.895
0.895
0.895
0.895
0.895
0.895
0.895
0.894
0.894
0.894
0.894
0.894
0.894
0.894
0.894
0.894
0.894
0.894
0.894
0.894
0.894
0.894
0.894
0.894
0.894
0.894
0.894
0.894
0.894
0.894
0.894
0.894
0.894
0.894
0.894
0.894
0.894
0.894
0.894
0.894
0.894
0.894
0.894
0.894
0.894
0.894
0.894
0.894
0.894
0.894
0.894
0.894
0.894
0.894
0.894
0.894
0.894
0.894
0.894
0.894
0.894
0.8956382
0.8924629
0.9624634
0.95345
0.9308
0.9284
0.926
0.9237
0.9214
0.9191
0.9169
0.915
0.913
0.91
0.908
0.906
0.904
0.902
0.9
0.898
0.898
0.898
0.898
0.897
0.897
0.897
0.897
0.897
0.896
0.896
0.896
0.896
0.896
0.896
0.895
0.895
0.895
0.895
0.895
0.895
0.895
0.895
0.895
0.895
0.894
0.894
0.894
0.894
0.894
0.894
0.894
0.894
0.894
0.894
0.894
0.894
0.894
0.894
0.894
0.894
0.894
0.894
0.894
0.893
0.893
0.893
0.893
0.893
0.893
0.893
0.893
0.893
0.893
0.893
0.893
0.893
0.893
0.893
0.893
0.893
0.893
0.893
0.893
0.893
0.893
0.893
0.893
0.893
0.893
0.893
0.893
0.893
0.893
0.893
0.893
0.893
0.893
0.893
0.893
0.893
0.8956382
0.892463
0.9624634
0.95336
0.9309
0.9286
0.9263
0.9241
0.9218
0.9197
0.9175
0.915
0.913
0.911
0.909
0.907
0.905
0.903
0.901
0.9
0.898
0.898
0.898
0.897
0.897
0.897
0.897
0.897
0.896
0.896
0.896
0.896
0.896
0.896
0.895
0.895
0.895
0.895
0.895
0.895
0.895
0.895
0.894
0.894
0.894
0.894
0.894
0.894
0.894
0.894
0.894
0.894
0.894
0.894
0.894
0.894
0.894
0.893
0.893
0.893
0.893
0.893
0.893
0.893
0.893
0.893
0.893
0.893
0.893
0.893
0.893
0.893
0.893
0.893
0.893
0.893
0.893
0.893
0.893
0.893
0.893
0.893
0.893
0.893
0.893
0.893
0.893
0.893
0.893
0.893
0.893
0.893
0.893
0.893
0.893
0.893
0.893
0.893
0.893
0.893
0.8956382
0.892463
0.9624634
0.95326
0.931
0.9288
0.9266
0.9244
0.9223
0.9202
0.9181
0.916
0.914
0.912
0.91
0.908
0.906
0.904
0.903
0.901
0.899
0.898
0.898
0.897
0.897
0.897
0.897
0.897
0.896
0.896
0.896
0.896
0.896
0.896
0.895
0.895
0.895
0.895
0.895
0.895
0.895
0.894
0.894
0.894
0.894
0.894
0.894
0.894
0.894
0.894
0.894
0.894
0.894
0.893
0.893
0.893
0.893
0.893
0.893
0.893
0.893
0.893
0.893
0.893
0.893
0.893
0.893
0.893
0.893
0.893
0.893
0.893
0.893
0.893
0.893
0.893
0.893
0.893
0.893
0.893
0.893
0.893
0.892
0.892
0.892
0.892
0.892
0.892
0.892
0.892
0.892
0.892
0.892
0.892
0.892
0.892
0.892
0.892
0.892
0.892
0.8956382
0.892463
0.9624634
0.95317
0.9312
0.929
0.9269
0.9248
0.9227
0.9207
0.9187
0.917
0.915
0.913
0.911
0.909
0.907
0.906
0.904
0.902
0.9
0.899
0.898
0.897
0.897
0.897
0.897
0.897
0.896
0.896
0.896
0.896
0.896
0.895
0.895
0.895
0.895
0.895
0.895
0.895
0.895
0.894
0.894
0.894
0.894
0.894
0.894
0.894
0.894
0.894
0.894
0.893
0.893
0.893
0.893
0.893
0.893
0.893
0.893
0.893
0.893
0.893
0.893
0.893
0.893
0.893
0.893
0.893
0.892
0.892
0.892
0.892
0.892
0.892
0.892
0.892
0.892
0.892
0.892
0.892
0.892
0.892
0.892
0.892
0.892
0.892
0.892
0.892
0.892
0.892
0.892
0.892
0.892
0.892
0.892
0.892
0.892
0.892
0.892
0.892
0.8956382
0.892463
0.9624634
0.95308
0.9313
0.9292
0.9272
0.9251
0.9232
0.9212
0.9193
0.917
0.916
0.914
0.912
0.91
0.908
0.907
0.905
0.903
0.901
0.9
0.898
0.897
0.897
0.897
0.897
0.897
0.896
0.896
0.896
0.896
0.896
0.895
0.895
0.895
0.895
0.895
0.895
0.895
0.894
0.894
0.894
0.894
0.894
0.894
0.894
0.894
0.894
0.893
0.893
0.893
0.893
0.893
0.893
0.893
0.893
0.893
0.893
0.893
0.893
0.893
0.893
0.892
0.892
0.892
0.892
0.892
0.892
0.892
0.892
0.892
0.892
0.892
0.892
0.892
0.892
0.892
0.892
0.892
0.892
0.892
0.892
0.892
0.892
0.892
0.892
0.892
0.892
0.892
0.892
0.892
0.892
0.892
0.892
0.891
0.891
0.891
0.891
0.891
0.8956382
0.892463
0.9624634
0.95299
0.9314
0.9294
0.9274
0.9255
0.9236
0.9217
0.9198
0.918
0.916
0.914
0.913
0.911
0.909
0.908
0.906
0.904
0.903
0.901
0.899
0.898
0.897
0.897
0.897
0.897
0.896
0.896
0.896
0.896
0.896
0.895
0.895
0.895
0.895
0.895
0.895
0.894
0.894
0.894
0.894
0.894
0.894
0.894
0.894
0.894
0.893
0.893
0.893
0.893
0.893
0.893
0.893
0.893
0.893
0.893
0.893
0.893
0.892
0.892
0.892
0.892
0.892
0.892
0.892
0.892
0.892
0.892
0.892
0.892
0.892
0.892
0.892
0.892
0.892
0.892
0.892
0.892
0.891
0.891
0.891
0.891
0.891
0.891
0.891
0.891
0.891
0.891
0.891
0.891
0.891
0.891
0.891
0.891
0.891
0.891
0.891
0.891
0.8956382
0.892463
0.9624634
0.95291
0.9315
0.9296
0.9277
0.9258
0.924
0.9222
0.9204
0.919
0.917
0.915
0.913
0.912
0.91
0.909
0.907
0.905
0.904
0.902
0.901
0.899
0.898
0.897
0.897
0.897
0.896
0.896
0.896
0.896
0.896
0.895
0.895
0.895
0.895
0.895
0.895
0.894
0.894
0.894
0.894
0.894
0.894
0.894
0.894
0.893
0.893
0.893
0.893
0.893
0.893
0.893
0.893
0.893
0.893
0.892
0.892
0.892
0.892
0.892
0.892
0.892
0.892
0.892
0.892
0.892
0.892
0.892
0.892
0.892
0.892
0.891
0.891
0.891
0.891
0.891
0.891
0.891
0.891
0.891
0.891
0.891
0.891
0.891
0.891
0.891
0.891
0.891
0.891
0.891
0.891
0.891
0.891
0.891
0.891
0.891
0.891
0.891
0.8956382
0.892463
0.9624634
0.95283
0.9316
0.9297
0.9279
0.9261
0.9244
0.9226
0.9209
0.919
0.918
0.916
0.914
0.913
0.911
0.909
0.908
0.906
0.905
0.903
0.902
0.901
0.899
0.898
0.897
0.897
0.896
0.896
0.896
0.896
0.896
0.895
0.895
0.895
0.895
0.895
0.895
0.894
0.894
0.894
0.894
0.894
0.894
0.894
0.893
0.893
0.893
0.893
0.893
0.893
0.893
0.893
0.893
0.892
0.892
0.892
0.892
0.892
0.892
0.892
0.892
0.892
0.892
0.892
0.892
0.892
0.892
0.891
0.891
0.891
0.891
0.891
0.891
0.891
0.891
0.891
0.891
0.891
0.891
0.891
0.891
0.891
0.891
0.891
0.891
0.891
0.891
0.891
0.89
0.89
0.89
0.89
0.89
0.89
0.89
0.89
0.89
0.89
0.8956382
0.892463
0.9624634
0.95275
0.9317
0.9299
0.9282
0.9264
0.9247
0.923
0.9214
0.92
0.918
0.917
0.915
0.913
0.912
0.91
0.909
0.907
0.906
0.905
0.903
0.902
0.9
0.899
0.898
0.897
0.896
0.896
0.896
0.896
0.896
0.895
0.895
0.895
0.895
0.895
0.894
0.894
0.894
0.894
0.894
0.894
0.894
0.893
0.893
0.893
0.893
0.893
0.893
0.893
0.893
0.893
0.892
0.892
0.892
0.892
0.892
0.892
0.892
0.892
0.892
0.892
0.892
0.892
0.891
0.891
0.891
0.891
0.891
0.891
0.891
0.891
0.891
0.891
0.891
0.891
0.891
0.891
0.891
0.891
0.89
0.89
0.89
0.89
0.89
0.89
0.89
0.89
0.89
0.89
0.89
0.89
0.89
0.89
0.89
0.89
0.89
0.89
0.8956382
0.892463
0.9624634
0.95267
0.9318
0.9301
0.9284
0.9267
0.9251
0.9235
0.9219
0.92
0.919
0.917
0.916
0.914
0.913
0.911
0.91
0.908
0.907
0.906
0.904
0.903
0.902
0.9
0.899
0.898
0.896
0.896
0.896
0.896
0.895
0.895
0.895
0.895
0.895
0.895
0.894
0.894
0.894
0.894
0.894
0.894
0.894
0.893
0.893
0.893
0.893
0.893
0.893
0.893
0.893
0.892
0.892
0.892
0.892
0.892
0.892
0.892
0.892
0.892
0.892
0.891
0.891
0.891
0.891
0.891
0.891
0.891
0.891
0.891
0.891
0.891
0.891
0.891
0.891
0.89
0.89
0.89
0.89
0.89
0.89
0.89
0.89
0.89
0.89
0.89
0.89
0.89
0.89
0.89
0.89
0.89
0.89
0.89
0.89
0.89
0.889
0.889
0.8956382
0.892463
0.9624634
0.95259
0.9319
0.9302
0.9286
0.927
0.9254
0.9239
0.9223
0.921
0.919
0.918
0.916
0.915
0.914
0.912
0.911
0.909
0.908
0.907
0.905
0.904
0.903
0.902
0.9
0.899
0.898
0.897
0.896
0.896
0.895
0.895
0.895
0.895
0.895
0.895
0.894
0.894
0.894
0.894
0.894
0.894
0.893
0.893
0.893
0.893
0.893
0.893
0.893
0.893
0.892
0.892
0.892
0.892
0.892
0.892
0.892
0.892
0.892
0.891
0.891
0.891
0.891
0.891
0.891
0.891
0.891
0.891
0.891
0.891
0.891
0.891
0.89
0.89
0.89
0.89
0.89
0.89
0.89
0.89
0.89
0.89
0.89
0.89
0.89
0.89
0.89
0.89
0.889
0.889
0.889
0.889
0.889
0.889
0.889
0.889
0.889
0.889
0.8956382
0.892463
0.9624634
0.95252
0.932
0.9304
0.9288
0.9273
0.9258
0.9243
0.9228
0.921
0.92
0.918
0.917
0.916
0.914
0.913
0.912
0.91
0.909
0.908
0.906
0.905
0.904
0.903
0.902
0.9
0.899
0.898
0.897
0.896
0.895
0.895
0.895
0.895
0.895
0.895
0.894
0.894
0.894
0.894
0.894
0.894
0.893
0.893
0.893
0.893
0.893
0.893
0.893
0.892
0.892
0.892
0.892
0.892
0.892
0.892
0.892
0.892
0.891
0.891
0.891
0.891
0.891
0.891
0.891
0.891
0.891
0.891
0.891
0.89
0.89
0.89
0.89
0.89
0.89
0.89
0.89
0.89
0.89
0.89
0.89
0.89
0.89
0.889
0.889
0.889
0.889
0.889
0.889
0.889
0.889
0.889
0.889
0.889
0.889
0.889
0.889
0.889
0.8956382
0.892463
0.9624634
0.95245
0.9321
0.9305
0.929
0.9276
0.9261
0.9246
0.9232
0.922
0.92
0.919
0.918
0.916
0.915
0.914
0.912
0.911
0.91
0.909
0.907
0.906
0.905
0.904
0.903
0.902
0.9
0.899
0.898
0.897
0.896
0.895
0.895
0.895
0.895
0.894
0.894
0.894
0.894
0.894
0.894
0.893
0.893
0.893
0.893
0.893
0.893
0.893
0.892
0.892
0.892
0.892
0.892
0.892
0.892
0.892
0.892
0.891
0.891
0.891
0.891
0.891
0.891
0.891
0.891
0.891
0.891
0.89
0.89
0.89
0.89
0.89
0.89
0.89
0.89
0.89
0.89
0.89
0.89
0.89
0.889
0.889
0.889
0.889
0.889
0.889
0.889
0.889
0.889
0.889
0.889
0.889
0.889
0.889
0.889
0.889
0.888
0.888
0.8956382
0.892463
0.9624635
0.95238
0.9322
0.9307
0.9292
0.9278
0.9264
0.925
0.9236
0.922
0.921
0.92
0.918
0.917
0.916
0.915
0.913
0.912
0.911
0.91
0.908
0.907
0.906
0.905
0.904
0.903
0.902
0.901
0.9
0.898
0.897
0.896
0.895
0.895
0.895
0.894
0.894
0.894
0.894
0.894
0.894
0.893
0.893
0.893
0.893
0.893
0.893
0.893
0.892
0.892
0.892
0.892
0.892
0.892
0.892
0.892
0.891
0.891
0.891
0.891
0.891
0.891
0.891
0.891
0.891
0.89
0.89
0.89
0.89
0.89
0.89
0.89
0.89
0.89
0.89
0.89
0.89
0.889
0.889
0.889
0.889
0.889
0.889
0.889
0.889
0.889
0.889
0.889
0.889
0.889
0.889
0.888
0.888
0.888
0.888
0.888
0.888
0.888
0.8956382
0.892463
0.9624635
0.95231
0.9322
0.9308
0.9294
0.9281
0.9267
0.9254
0.924
0.923
0.921
0.92
0.919
0.918
0.916
0.915
0.914
0.913
0.912
0.911
0.909
0.908
0.907
0.906
0.905
0.904
0.903
0.902
0.901
0.9
0.899
0.898
0.897
0.896
0.895
0.894
0.894
0.894
0.894
0.894
0.894
0.893
0.893
0.893
0.893
0.893
0.893
0.892
0.892
0.892
0.892
0.892
0.892
0.892
0.892
0.891
0.891
0.891
0.891
0.891
0.891
0.891
0.891
0.89
0.89
0.89
0.89
0.89
0.89
0.89
0.89
0.89
0.89
0.89
0.889
0.889
0.889
0.889
0.889
0.889
0.889
0.889
0.889
0.889
0.889
0.889
0.889
0.888
0.888
0.888
0.888
0.888
0.888
0.888
0.888
0.888
0.888
0.888
0.8956382
0.892463
0.9624635
0.95224
0.9323
0.931
0.9296
0.9283
0.927
0.9257
0.9244
0.923
0.922
0.921
0.92
0.918
0.917
0.916
0.915
0.914
0.913
0.911
0.91
0.909
0.908
0.907
0.906
0.905
0.904
0.903
0.902
0.901
0.9
0.899
0.898
0.897
0.896
0.895
0.895
0.894
0.894
0.894
0.893
0.893
0.893
0.893
0.893
0.893
0.893
0.892
0.892
0.892
0.892
0.892
0.892
0.892
0.891
0.891
0.891
0.891
0.891
0.891
0.891
0.891
0.89
0.89
0.89
0.89
0.89
0.89
0.89
0.89
0.89
0.89
0.889
0.889
0.889
0.889
0.889
0.889
0.889
0.889
0.889
0.889
0.889
0.889
0.888
0.888
0.888
0.888
0.888
0.888
0.888
0.888
0.888
0.888
0.888
0.888
0.888
0.888
0.8956382
0.892463
0.9624635
0.95218
0.9324
0.9311
0.9298
0.9285
0.9273
0.926
0.9248
0.924
0.922
0.921
0.92
0.919
0.918
0.917
0.916
0.914
0.913
0.912
0.911
0.91
0.909
0.908
0.907
0.906
0.905
0.904
0.903
0.902
0.901
0.901
0.9
0.899
0.898
0.897
0.896
0.895
0.894
0.894
0.893
0.893
0.893
0.893
0.893
0.893
0.892
0.892
0.892
0.892
0.892
0.892
0.892
0.891
0.891
0.891
0.891
0.891
0.891
0.891
0.891
0.89
0.89
0.89
0.89
0.89
0.89
0.89
0.89
0.89
0.889
0.889
0.889
0.889
0.889
0.889
0.889
0.889
0.889
0.889
0.889
0.888
0.888
0.888
0.888
0.888
0.888
0.888
0.888
0.888
0.888
0.888
0.888
0.888
0.887
0.887
0.887
0.887
0.8956382
0.892463
0.9624635
0.95211
0.9325
0.9312
0.93
0.9288
0.9276
0.9264
0.9252
0.924
0.923
0.922
0.921
0.92
0.918
0.917
0.916
0.915
0.914
0.913
0.912
0.911
0.91
0.909
0.908
0.907
0.906
0.905
0.905
0.904
0.903
0.902
0.901
0.9
0.899
0.898
0.898
0.897
0.896
0.895
0.894
0.893
0.893
0.893
0.893
0.893
0.892
0.892
0.892
0.892
0.892
0.892
0.892
0.891
0.891
0.891
0.891
0.891
0.891
0.891
0.89
0.89
0.89
0.89
0.89
0.89
0.89
0.89
0.89
0.889
0.889
0.889
0.889
0.889
0.889
0.889
0.889
0.889
0.889
0.888
0.888
0.888
0.888
0.888
0.888
0.888
0.888
0.888
0.888
0.888
0.888
0.887
0.887
0.887
0.887
0.887
0.887
0.887
0.8956382
0.892463
0.9624635
0.95205
0.9326
0.9314
0.9302
0.929
0.9278
0.9267
0.9256
0.924
0.923
0.922
0.921
0.92
0.919
0.918
0.917
0.916
0.915
0.914
0.913
0.912
0.911
0.91
0.909
0.908
0.907
0.907
0.906
0.905
0.904
0.903
0.902
0.901
0.901
0.9
0.899
0.898
0.897
0.897
0.896
0.895
0.894
0.893
0.893
0.893
0.892
0.892
0.892
0.892
0.892
0.892
0.891
0.891
0.891
0.891
0.891
0.891
0.891
0.89
0.89
0.89
0.89
0.89
0.89
0.89
0.89
0.89
0.889
0.889
0.889
0.889
0.889
0.889
0.889
0.889
0.889
0.888
0.888
0.888
0.888
0.888
0.888
0.888
0.888
0.888
0.888
0.888
0.887
0.887
0.887
0.887
0.887
0.887
0.887
0.887
0.887
0.887
0.8956382
0.8924631
0.9624635
0.95199
0.9326
0.9315
0.9303
0.9292
0.9281
0.927
0.9259
0.925
0.924
0.923
0.922
0.921
0.92
0.919
0.918
0.917
0.916
0.915
0.914
0.913
0.912
0.911
0.91
0.909
0.909
0.908
0.907
0.906
0.905
0.904
0.903
0.903
0.902
0.901
0.9
0.9
0.899
0.898
0.897
0.897
0.896
0.895
0.894
0.894
0.893
0.892
0.892
0.892
0.892
0.892
0.891
0.891
0.891
0.891
0.891
0.891
0.891
0.89
0.89
0.89
0.89
0.89
0.89
0.89
0.889
0.889
0.889
0.889
0.889
0.889
0.889
0.889
0.889
0.888
0.888
0.888
0.888
0.888
0.888
0.888
0.888
0.888
0.888
0.888
0.887
0.887
0.887
0.887
0.887
0.887
0.887
0.887
0.887
0.887
0.887
0.887
0.8956382
0.8924631
0.9624635
0.95193
0.9327
0.9316
0.9305
0.9294
0.9283
0.9273
0.9263
0.925
0.924
0.923
0.922
0.921
0.92
0.919
0.918
0.917
0.917
0.916
0.915
0.914
0.913
0.912
0.911
0.91
0.91
0.909
0.908
0.907
0.906
0.906
0.905
0.904
0.903
0.902
0.902
0.901
0.9
0.899
0.899
0.898
0.897
0.897
0.896
0.895
0.895
0.894
0.893
0.893
0.892
0.891
0.891
0.891
0.891
0.891
0.891
0.891
0.89
0.89
0.89
0.89
0.89
0.89
0.89
0.889
0.889
0.889
0.889
0.889
0.889
0.889
0.889
0.889
0.888
0.888
0.888
0.888
0.888
0.888
0.888
0.888
0.888
0.888
0.887
0.887
0.887
0.887
0.887
0.887
0.887
0.887
0.887
0.887
0.887
0.886
0.886
0.886
0.8956382
0.8924631
0.9624635
0.95187
0.9328
0.9317
0.9307
0.9296
0.9286
0.9276
0.9266
0.926
0.925
0.924
0.923
0.922
0.921
0.92
0.919
0.918
0.917
0.916
0.916
0.915
0.914
0.913
0.912
0.911
0.911
0.91
0.909
0.908
0.907
0.907
0.906
0.905
0.904
0.904
0.903
0.902
0.902
0.901
0.9
0.899
0.899
0.898
0.897
0.897
0.896
0.896
0.895
0.894
0.894
0.893
0.892
0.892
0.891
0.891
0.891
0.89
0.89
0.89
0.89
0.89
0.89
0.89
0.89
0.889
0.889
0.889
0.889
0.889
0.889
0.889
0.889
0.888
0.888
0.888
0.888
0.888
0.888
0.888
0.888
0.888
0.887
0.887
0.887
0.887
0.887
0.887
0.887
0.887
0.887
0.887
0.886
0.886
0.886
0.886
0.886
0.886
0.8956382
0.8924631
0.9624635
0.95182
0.9328
0.9318
0.9308
0.9298
0.9288
0.9279
0.9269
0.926
0.925
0.924
0.923
0.922
0.921
0.921
0.92
0.919
0.918
0.917
0.916
0.915
0.915
0.914
0.913
0.912
0.912
0.911
0.91
0.909
0.909
0.908
0.907
0.906
0.906
0.905
0.904
0.904
0.903
0.902
0.902
0.901
0.9
0.9
0.899
0.898
0.898
0.897
0.896
0.896
0.895
0.895
0.894
0.893
0.893
0.892
0.892
0.891
0.891
0.89
0.89
0.89
0.89
0.89
0.889
0.889
0.889
0.889
0.889
0.889
0.889
0.889
0.888
0.888
0.888
0.888
0.888
0.888
0.888
0.888
0.888
0.887
0.887
0.887
0.887
0.887
0.887
0.887
0.887
0.887
0.886
0.886
0.886
0.886
0.886
0.886
0.886
0.886
0.8956382
0.8924631
0.9624635
0.95176
0.9329
0.9319
0.931
0.93
0.9291
0.9281
0.9272
0.926
0.925
0.925
0.924
0.923
0.922
0.921
0.92
0.919
0.919
0.918
0.917
0.916
0.916
0.915
0.914
0.913
0.913
0.912
0.911
0.91
0.91
0.909
0.908
0.908
0.907
0.906
0.906
0.905
0.904
0.904
0.903
0.902
0.902
0.901
0.9
0.9
0.899
0.899
0.898
0.897
0.897
0.896
0.896
0.895
0.895
0.894
0.893
0.893
0.892
0.892
0.891
0.891
0.89
0.89
0.889
0.889
0.889
0.889
0.889
0.889
0.889
0.888
0.888
0.888
0.888
0.888
0.888
0.888
0.888
0.887
0.887
0.887
0.887
0.887
0.887
0.887
0.887
0.887
0.887
0.886
0.886
0.886
0.886
0.886
0.886
0.886
0.886
0.886
0.8956382
0.8924631
0.9624635
0.95171
0.933
0.932
0.9311
0.9302
0.9293
0.9284
0.9275
0.927
0.926
0.925
0.924
0.923
0.923
0.922
0.921
0.92
0.919
0.919
0.918
0.917
0.916
0.916
0.915
0.914
0.913
0.913
0.912
0.911
0.911
0.91
0.909
0.909
0.908
0.907
0.907
0.906
0.905
0.905
0.904
0.904
0.903
0.902
0.902
0.901
0.901
0.9
0.9
0.899
0.898
0.898
0.897
0.897
0.896
0.896
0.895
0.895
0.894
0.894
0.893
0.893
0.892
0.892
0.891
0.891
0.89
0.89
0.889
0.889
0.888
0.888
0.888
0.888
0.888
0.888
0.888
0.888
0.887
0.887
0.887
0.887
0.887
0.887
0.887
0.887
0.887
0.886
0.886
0.886
0.886
0.886
0.886
0.886
0.886
0.886
0.886
0.885
0.8956382
0.8924631
0.9624635
0.95166
0.933
0.9321
0.9313
0.9304
0.9295
0.9287
0.9278
0.927
0.926
0.925
0.925
0.924
0.923
0.922
0.921
0.921
0.92
0.919
0.919
0.918
0.917
0.916
0.916
0.915
0.914
0.914
0.913
0.912
0.912
0.911
0.91
0.91
0.909
0.909
0.908
0.907
0.907
0.906
0.906
0.905
0.904
0.904
0.903
0.903
0.902
0.902
0.901
0.901
0.9
0.899
0.899
0.898
0.898
0.897
0.897
0.896
0.896
0.895
0.895
0.894
0.894
0.893
0.893
0.893
0.892
0.892
0.891
0.891
0.89
0.89
0.889
0.889
0.889
0.888
0.888
0.887
0.887
0.887
0.887
0.887
0.887
0.887
0.887
0.886
0.886
0.886
0.886
0.886
0.886
0.886
0.886
0.886
0.886
0.885
0.885
0.885
0.8956382
0.8924631
0.9624635
0.9516
0.9331
0.9322
0.9314
0.9306
0.9297
0.9289
0.9281
0.927
0.927
0.926
0.925
0.924
0.924
0.923
0.922
0.921
0.921
0.92
0.919
0.919
0.918
0.917
0.917
0.916
0.915
0.915
0.914
0.913
0.913
0.912
0.911
0.911
0.91
0.91
0.909
0.909
0.908
0.907
0.907
0.906
0.906
0.905
0.905
0.904
0.904
0.903
0.903
0.902
0.901
0.901
0.9
0.9
0.899
0.899
0.899
0.898
0.898
0.897
0.897
0.896
0.896
0.895
0.895
0.894
0.894
0.893
0.893
0.893
0.892
0.892
0.891
0.891
0.89
0.89
0.89
0.889
0.889
0.888
0.888
0.888
0.887
0.887
0.887
0.886
0.886
0.886
0.886
0.886
0.886
0.886
0.886
0.885
0.885
0.885
0.885
0.885
0.8956382
0.8924631
0.9624635
0.95155
0.9331
0.9323
0.9315
0.9307
0.93
0.9292
0.9284
0.928
0.927
0.926
0.925
0.925
0.924
0.923
0.923
0.922
0.921
0.921
0.92
0.919
0.919
0.918
0.917
0.917
0.916
0.915
0.915
0.914
0.914
0.913
0.912
0.912
0.911
0.911
0.91
0.91
0.909
0.909
0.908
0.908
0.907
0.906
0.906
0.905
0.905
0.904
0.904
0.903
0.903
0.902
0.902
0.902
0.901
0.901
0.9
0.9
0.899
0.899
0.898
0.898
0.897
0.897
0.897
0.896
0.896
0.895
0.895
0.894
0.894
0.894
0.893
0.893
0.892
0.892
0.892
0.891
0.891
0.89
0.89
0.89
0.889
0.889
0.889
0.888
0.888
0.888
0.887
0.887
0.886
0.886
0.886
0.885
0.885
0.885
0.885
0.885
0.8956382
0.8924631
0.9624635
0.9515
0.9332
0.9324
0.9317
0.9309
0.9302
0.9294
0.9287
0.928
0.927
0.927
0.926
0.925
0.924
0.924
0.923
0.923
0.922
0.921
0.921
0.92
0.919
0.919
0.918
0.918
0.917
0.916
0.916
0.915
0.915
0.914
0.914
0.913
0.912
0.912
0.911
0.911
0.91
0.91
0.909
0.909
0.908
0.908
0.907
0.907
0.906
0.906
0.905
0.905
0.904
0.904
0.903
0.903
0.903
0.902
0.902
0.901
0.901
0.9
0.9
0.9
0.899
0.899
0.898
0.898
0.897
0.897
0.897
0.896
0.896
0.895
0.895
0.895
0.894
0.894
0.894
0.893
0.893
0.892
0.892
0.892
0.891
0.891
0.891
0.89
0.89
0.89
0.889
0.889
0.889
0.888
0.888
0.888
0.887
0.887
0.887
0.886
0.8956382
0.8924631
0.9624635
0.95145
0.9333
0.9325
0.9318
0.9311
0.9304
0.9297
0.929
0.928
0.928
0.927
0.926
0.926
0.925
0.924
0.924
0.923
0.922
0.922
0.921
0.921
0.92
0.919
0.919
0.918
0.918
0.917
0.917
0.916
0.916
0.915
0.914
0.914
0.913
0.913
0.912
0.912
0.911
0.911
0.91
0.91
0.909
0.909
0.909
0.908
0.908
0.907
0.907
0.906
0.906
0.905
0.905
0.904
0.904
0.904
0.903
0.903
0.902
0.902
0.902
0.901
0.901
0.9
0.9
0.9
0.899
0.899
0.898
0.898
0.898
0.897
0.897
0.897
0.896
0.896
0.895
0.895
0.895
0.894
0.894
0.894
0.893
0.893
0.893
0.892
0.892
0.892
0.891
0.891
0.891
0.89
0.89
0.89
0.889
0.889
0.889
0.889
0.8956382
0.8924631
0.9624635
0.95141
0.9333
0.9326
0.9319
0.9312
0.9306
0.9299
0.9292
0.929
0.928
0.927
0.927
0.926
0.925
0.925
0.924
0.924
0.923
0.922
0.922
0.921
0.921
0.92
0.92
0.919
0.919
0.918
0.917
0.917
0.916
0.916
0.915
0.915
0.914
0.914
0.913
0.913
0.913
0.912
0.912
0.911
0.911
0.91
0.91
0.909
0.909
0.908
0.908
0.908
0.907
0.907
0.906
0.906
0.905
0.905
0.905
0.904
0.904
0.903
0.903
0.903
0.902
0.902
0.902
0.901
0.901
0.9
0.9
0.9
0.899
0.899
0.899
0.898
0.898
0.898
0.897
0.897
0.897
0.896
0.896
0.896
0.895
0.895
0.895
0.894
0.894
0.894
0.893
0.893
0.893
0.892
0.892
0.892
0.892
0.891
0.891
0.891
0.8956382
0.8924631
0.9624635
0.95136
0.9334
0.9327
0.932
0.9314
0.9307
0.9301
0.9295
0.929
0.928
0.928
0.927
0.926
0.926
0.925
0.925
0.924
0.924
0.923
0.922
0.922
0.921
0.921
0.92
0.92
0.919
0.919
0.918
0.918
0.917
0.917
0.916
0.916
0.915
0.915
0.915
0.914
0.914
0.913
0.913
0.912
0.912
0.911
0.911
0.911
0.91
0.91
0.909
0.909
0.908
0.908
0.908
0.907
0.907
0.907
0.906
0.906
0.905
0.905
0.905
0.904
0.904
0.904
0.903
0.903
0.902
0.902
0.902
0.901
0.901
0.901
0.9
0.9
0.9
0.899
0.899
0.899
0.898
0.898
0.898
0.898
0.897
0.897
0.897
0.896
0.896
0.896
0.895
0.895
0.895
0.895
0.894
0.894
0.894
0.893
0.893
0.893
0.8956382
0.8924631
0.9624635
0.95131
0.9334
0.9328
0.9322
0.9315
0.9309
0.9303
0.9297
0.929
0.929
0.928
0.927
0.927
0.926
0.926
0.925
0.925
0.924
0.924
0.923
0.923
0.922
0.922
0.921
0.921
0.92
0.92
0.919
0.919
0.918
0.918
0.917
0.917
0.916
0.916
0.916
0.915
0.915
0.914
0.914
0.913
0.913
0.913
0.912
0.912
0.911
0.911
0.911
0.91
0.91
0.909
0.909
0.909
0.908
0.908
0.908
0.907
0.907
0.906
0.906
0.906
0.905
0.905
0.905
0.904
0.904
0.904
0.903
0.903
0.903
0.902
0.902
0.902
0.901
0.901
0.901
0.901
0.9
0.9
0.9
0.899
0.899
0.899
0.898
0.898
0.898
0.898
0.897
0.897
0.897
0.897
0.896
0.896
0.896
0.895
0.895
0.895
0.8956382
0.8924631
0.9624635
0.95127
0.9335
0.9329
0.9323
0.9317
0.9311
0.9305
0.93
0.929
0.929
0.928
0.928
0.927
0.927
0.926
0.926
0.925
0.925
0.924
0.924
0.923
0.923
0.922
0.922
0.921
0.921
0.92
0.92
0.92
0.919
0.919
0.918
0.918
0.917
0.917
0.916
0.916
0.916
0.915
0.915
0.914
0.914
0.914
0.913
0.913
0.913
0.912
0.912
0.911
0.911
0.911
0.91
0.91
0.91
0.909
0.909
0.909
0.908
0.908
0.908
0.907
0.907
0.907
0.906
0.906
0.906
0.905
0.905
0.905
0.904
0.904
0.904
0.903
0.903
0.903
0.903
0.902
0.902
0.902
0.901
0.901
0.901
0.901
0.9
0.9
0.9
0.9
0.899
0.899
0.899
0.898
0.898
0.898
0.898
0.897
0.897
0.897
0.8956382
0.8924631
0.9624635
0.95123
0.9335
0.9329
0.9324
0.9318
0.9313
0.9307
0.93
0.93
0.929
0.929
0.928
0.928
0.927
0.927
0.926
0.926
0.925
0.925
0.924
0.924
0.923
0.923
0.922
0.922
0.922
0.921
0.921
0.92
0.92
0.919
0.919
0.919
0.918
0.918
0.917
0.917
0.917
0.916
0.916
0.916
0.915
0.915
0.914
0.914
0.914
0.913
0.913
0.913
0.912
0.912
0.912
0.911
0.911
0.911
0.91
0.91
0.91
0.909
0.909
0.909
0.908
0.908
0.908
0.907
0.907
0.907
0.907
0.906
0.906
0.906
0.905
0.905
0.905
0.905
0.904
0.904
0.904
0.903
0.903
0.903
0.903
0.902
0.902
0.902
0.902
0.901
0.901
0.901
0.901
0.9
0.9
0.9
0.9
0.899
0.899
0.899
0.8956382
0.8924631
0.9624635
0.95118
0.9336
0.933
0.9325
0.932
0.9315
0.931
0.93
0.93
0.929
0.929
0.928
0.928
0.928
0.927
0.927
0.926
0.926
0.925
0.925
0.924
0.924
0.924
0.923
0.923
0.922
0.922
0.921
0.921
0.921
0.92
0.92
0.92
0.919
0.919
0.918
0.918
0.918
0.917
0.917
0.917
0.916
0.916
0.916
0.915
0.915
0.915
0.914
0.914
0.914
0.913
0.913
0.913
0.912
0.912
0.912
0.911
0.911
0.911
0.91
0.91
0.91
0.91
0.909
0.909
0.909
0.908
0.908
0.908
0.908
0.907
0.907
0.907
0.906
0.906
0.906
0.906
0.905
0.905
0.905
0.905
0.904
0.904
0.904
0.904
0.903
0.903
0.903
0.903
0.902
0.902
0.902
0.902
0.902
0.901
0.901
0.901
0.8956382
0.8924631
0.9624635
0.95114
0.9336
0.9331
0.9326
0.9321
0.9316
0.9312
0.931
0.93
0.93
0.929
0.929
0.928
0.928
0.928
0.927
0.927
0.926
0.926
0.925
0.925
0.925
0.924
0.924
0.923
0.923
0.923
0.922
0.922
0.921
0.921
0.921
0.92
0.92
0.92
0.919
0.919
0.919
0.918
0.918
0.918
0.917
0.917
0.917
0.916
0.916
0.916
0.915
0.915
0.915
0.914
0.914
0.914
0.914
0.913
0.913
0.913
0.912
0.912
0.912
0.912
0.911
0.911
0.911
0.91
0.91
0.91
0.91
0.909
0.909
0.909
0.909
0.908
0.908
0.908
0.908
0.907
0.907
0.907
0.907
0.906
0.906
0.906
0.906
0.905
0.905
0.905
0.905
0.905
0.904
0.904
0.904
0.904
0.903
0.903
0.903
0.903
0.8956382
0.8924631
0.9624635
0.9511
0.9337
0.9332
0.9327
0.9323
0.9318
0.9313
0.931
0.93
0.93
0.93
0.929
0.929
0.928
0.928
0.928
0.927
0.927
0.926
0.926
0.926
0.925
0.925
0.924
0.924
0.924
0.923
0.923
0.923
0.922
0.922
0.922
0.921
0.921
0.921
0.92
0.92
0.92
0.919
0.919
0.919
0.918
0.918
0.918
0.917
0.917
0.917
0.917
0.916
0.916
0.916
0.915
0.915
0.915
0.915
0.914
0.914
0.914
0.913
0.913
0.913
0.913
0.912
0.912
0.912
0.912
0.911
0.911
0.911
0.911
0.91
0.91
0.91
0.91
0.909
0.909
0.909
0.909
0.908
0.908
0.908
0.908
0.908
0.907
0.907
0.907
0.907
0.907
0.906
0.906
0.906
0.906
0.905
0.905
0.905
0.905
0.905
0.8956382
0.8924631
0.9624635
0.95106
0.9337
0.9333
0.9328
0.9324
0.932
0.9315
0.931
0.931
0.93
0.93
0.929
0.929
0.929
0.928
0.928
0.928
0.927
0.927
0.926
0.926
0.926
0.925
0.925
0.925
0.924
0.924
0.924
0.923
0.923
0.923
0.922
0.922
0.922
0.921
0.921
0.921
0.921
0.92
0.92
0.92
0.919
0.919
0.919
0.918
0.918
0.918
0.918
0.917
0.917
0.917
0.917
0.916
0.916
0.916
0.915
0.915
0.915
0.915
0.914
0.914
0.914
0.914
0.913
0.913
0.913
0.913
0.913
0.912
0.912
0.912
0.912
0.911
0.911
0.911
0.911
0.911
0.91
0.91
0.91
0.91
0.909
0.909
0.909
0.909
0.909
0.908
0.908
0.908
0.908
0.908
0.907
0.907
0.907
0.907
0.907
0.906
0.8956382
0.8924631
0.9624635
0.95102
0.9337
0.9333
0.9329
0.9325
0.9321
0.9317
0.931
0.931
0.931
0.93
0.93
0.929
0.929
0.929
0.928
0.928
0.928
0.927
0.927
0.927
0.926
0.926
0.926
0.925
0.925
0.925
0.924
0.924
0.924
0.923
0.923
0.923
0.923
0.922
0.922
0.922
0.921
0.921
0.921
0.921
0.92
0.92
0.92
0.919
0.919
0.919
0.919
0.918
0.918
0.918
0.918
0.917
0.917
0.917
0.917
0.916
0.916
0.916
0.916
0.916
0.915
0.915
0.915
0.915
0.914
0.914
0.914
0.914
0.914
0.913
0.913
0.913
0.913
0.912
0.912
0.912
0.912
0.912
0.911
0.911
0.911
0.911
0.911
0.91
0.91
0.91
0.91
0.91
0.91
0.909
0.909
0.909
0.909
0.909
0.908
0.908
0.8956382
0.8924631
0.9624635
0.95098
0.9338
0.9334
0.933
0.9326
0.9323
0.9319
0.932
0.931
0.931
0.93
0.93
0.93
0.929
0.929
0.929
0.928
0.928
0.928
0.927
0.927
0.927
0.927
0.926
0.926
0.926
0.925
0.925
0.925
0.924
0.924
0.924
0.924
0.923
0.923
0.923
0.923
0.922
0.922
0.922
0.922
0.921
0.921
0.921
0.921
0.92
0.92
0.92
0.92
0.919
0.919
0.919
0.919
0.918
0.918
0.918
0.918
0.917
0.917
0.917
0.917
0.917
0.916
0.916
0.916
0.916
0.916
0.915
0.915
0.915
0.915
0.915
0.914
0.914
0.914
0.914
0.914
0.913
0.913
0.913
0.913
0.913
0.912
0.912
0.912
0.912
0.912
0.912
0.911
0.911
0.911
0.911
0.911
0.911
0.91
0.91
0.91
0.8956382
0.8924631
0.9624635
0.95094
0.9338
0.9335
0.9331
0.9328
0.9324
0.9321
0.932
0.931
0.931
0.931
0.93
0.93
0.93
0.929
0.929
0.929
0.929
0.928
0.928
0.928
0.927
0.927
0.927
0.927
0.926
0.926
0.926
0.925
0.925
0.925
0.925
0.924
0.924
0.924
0.924
0.923
0.923
0.923
0.923
0.922
0.922
0.922
0.922
0.922
0.921
0.921
0.921
0.921
0.92
0.92
0.92
0.92
0.92
0.919
0.919
0.919
0.919
0.918
0.918
0.918
0.918
0.918
0.917
0.917
0.917
0.917
0.917
0.917
0.916
0.916
0.916
0.916
0.916
0.915
0.915
0.915
0.915
0.915
0.915
0.914
0.914
0.914
0.914
0.914
0.914
0.913
0.913
0.913
0.913
0.913
0.913
0.912
0.912
0.912
0.912
0.912
0.8956382
0.8924631
0.9624635
0.9509
0.9339
0.9335
0.9332
0.9329
0.9326
0.9323
0.932
0.932
0.931
0.931
0.931
0.93
0.93
0.93
0.93
0.929
0.929
0.929
0.928
0.928
0.928
0.928
0.927
0.927
0.927
0.927
0.926
0.926
0.926
0.926
0.925
0.925
0.925
0.925
0.924
0.924
0.924
0.924
0.924
0.923
0.923
0.923
0.923
0.922
0.922
0.922
0.922
0.922
0.921
0.921
0.921
0.921
0.921
0.92
0.92
0.92
0.92
0.92
0.919
0.919
0.919
0.919
0.919
0.919
0.918
0.918
0.918
0.918
0.918
0.918
0.917
0.917
0.917
0.917
0.917
0.917
0.916
0.916
0.916
0.916
0.916
0.916
0.915
0.915
0.915
0.915
0.915
0.915
0.915
0.914
0.914
0.914
0.914
0.914
0.914
0.913
0.8956382
0.8924631
0.9624635
0.95086
0.9339
0.9336
0.9333
0.933
0.9327
0.9324
0.932
0.932
0.932
0.931
0.931
0.931
0.93
0.93
0.93
0.93
0.929
0.929
0.929
0.929
0.928
0.928
0.928
0.928
0.928
0.927
0.927
0.927
0.927
0.926
0.926
0.926
0.926
0.925
0.925
0.925
0.925
0.925
0.924
0.924
0.924
0.924
0.924
0.923
0.923
0.923
0.923
0.923
0.922
0.922
0.922
0.922
0.922
0.922
0.921
0.921
0.921
0.921
0.921
0.921
0.92
0.92
0.92
0.92
0.92
0.92
0.919
0.919
0.919
0.919
0.919
0.919
0.918
0.918
0.918
0.918
0.918
0.918
0.918
0.917
0.917
0.917
0.917
0.917
0.917
0.917
0.916
0.916
0.916
0.916
0.916
0.916
0.916
0.915
0.915
0.915
0.8956382
0.8924631
0.9624635
0.95083
0.9339
0.9337
0.9334
0.9331
0.9329
0.9326
0.932
0.932
0.932
0.932
0.931
0.931
0.931
0.931
0.93
0.93
0.93
0.93
0.929
0.929
0.929
0.929
0.929
0.928
0.928
0.928
0.928
0.927
0.927
0.927
0.927
0.927
0.926
0.926
0.926
0.926
0.926
0.925
0.925
0.925
0.925
0.925
0.925
0.924
0.924
0.924
0.924
0.924
0.924
0.923
0.923
0.923
0.923
0.923
0.923
0.922
0.922
0.922
0.922
0.922
0.922
0.921
0.921
0.921
0.921
0.921
0.921
0.92
0.92
0.92
0.92
0.92
0.92
0.92
0.92
0.919
0.919
0.919
0.919
0.919
0.919
0.919
0.918
0.918
0.918
0.918
0.918
0.918
0.918
0.918
0.917
0.917
0.917
0.917
0.917
0.917
0.8956382
0.8924631
0.9624635
0.95079
0.934
0.9337
0.9335
0.9332
0.933
0.9328
0.933
0.932
0.932
0.932
0.932
0.931
0.931
0.931
0.931
0.931
0.93
0.93
0.93
0.93
0.929
0.929
0.929
0.929
0.929
0.928
0.928
0.928
0.928
0.928
0.928
0.927
0.927
0.927
0.927
0.927
0.926
0.926
0.926
0.926
0.926
0.926
0.925
0.925
0.925
0.925
0.925
0.925
0.925
0.924
0.924
0.924
0.924
0.924
0.924
0.923
0.923
0.923
0.923
0.923
0.923
0.923
0.922
0.922
0.922
0.922
0.922
0.922
0.922
0.922
0.921
0.921
0.921
0.921
0.921
0.921
0.921
0.92
0.92
0.92
0.92
0.92
0.92
0.92
0.92
0.92
0.919
0.919
0.919
0.919
0.919
0.919
0.919
0.919
0.919
0.918
0.8956382
0.8924631
0.9624635
0.95076
0.934
0.9338
0.9336
0.9333
0.9331
0.9329
0.933
0.932
0.932
0.932
0.932
0.932
0.931
0.931
0.931
0.931
0.931
0.931
0.93
0.93
0.93
0.93
0.93
0.929
0.929
0.929
0.929
0.929
0.929
0.928
0.928
0.928
0.928
0.928
0.928
0.927
0.927
0.927
0.927
0.927
0.927
0.926
0.926
0.926
0.926
0.926
0.926
0.926
0.925
0.925
0.925
0.925
0.925
0.925
0.925
0.925
0.924
0.924
0.924
0.924
0.924
0.924
0.924
0.924
0.923
0.923
0.923
0.923
0.923
0.923
0.923
0.923
0.922
0.922
0.922
0.922
0.922
0.922
0.922
0.922
0.922
0.921
0.921
0.921
0.921
0.921
0.921
0.921
0.921
0.921
0.92
0.92
0.92
0.92
0.92
0.92
0.8956382
0.8924631
0.9624635
0.95072
0.9341
0.9339
0.9337
0.9335
0.9333
0.9331
0.933
0.933
0.933
0.932
0.932
0.932
0.932
0.932
0.931
0.931
0.931
0.931
0.931
0.931
0.93
0.93
0.93
0.93
0.93
0.93
0.929
0.929
0.929
0.929
0.929
0.929
0.929
0.928
0.928
0.928
0.928
0.928
0.928
0.928
0.927
0.927
0.927
0.927
0.927
0.927
0.927
0.927
0.926
0.926
0.926
0.926
0.926
0.926
0.926
0.926
0.925
0.925
0.925
0.925
0.925
0.925
0.925
0.925
0.925
0.924
0.924
0.924
0.924
0.924
0.924
0.924
0.924
0.924
0.924
0.923
0.923
0.923
0.923
0.923
0.923
0.923
0.923
0.923
0.923
0.922
0.922
0.922
0.922
0.922
0.922
0.922
0.922
0.922
0.922
0.922
0.8956382
0.8924631
0.9624635
0.95069
0.9341
0.9339
0.9337
0.9336
0.9334
0.9332
0.933
0.933
0.933
0.933
0.932
0.932
0.932
0.932
0.932
0.932
0.931
0.931
0.931
0.931
0.931
0.931
0.931
0.93
0.93
0.93
0.93
0.93
0.93
0.93
0.93
0.929
0.929
0.929
0.929
0.929
0.929
0.929
0.929
0.928
0.928
0.928
0.928
0.928
0.928
0.928
0.928
0.928
0.927
0.927
0.927
0.927
0.927
0.927
0.927
0.927
0.927
0.926
0.926
0.926
0.926
0.926
0.926
0.926
0.926
0.926
0.926
0.925
0.925
0.925
0.925
0.925
0.925
0.925
0.925
0.925
0.925
0.925
0.924
0.924
0.924
0.924
0.924
0.924
0.924
0.924
0.924
0.924
0.924
0.924
0.923
0.923
0.923
0.923
0.923
0.923
0.8956382
0.8924631
0.9624636
0.95065
0.9341
0.934
0.9338
0.9337
0.9335
0.9334
0.933
0.933
0.933
0.933
0.933
0.933
0.932
0.932
0.932
0.932
0.932
0.932
0.932
0.931
0.931
0.931
0.931
0.931
0.931
0.931
0.931
0.931
0.93
0.93
0.93
0.93
0.93
0.93
0.93
0.93
0.93
0.929
0.929
0.929
0.929
0.929
0.929
0.929
0.929
0.929
0.929
0.928
0.928
0.928
0.928
0.928
0.928
0.928
0.928
0.928
0.928
0.927
0.927
0.927
0.927
0.927
0.927
0.927
0.927
0.927
0.927
0.927
0.927
0.926
0.926
0.926
0.926
0.926
0.926
0.926
0.926
0.926
0.926
0.926
0.926
0.926
0.925
0.925
0.925
0.925
0.925
0.925
0.925
0.925
0.925
0.925
0.925
0.925
0.925
0.925
0.8956382
0.8924631
0.9624636
0.95062
0.9342
0.934
0.9339
0.9338
0.9336
0.9335
0.933
0.933
0.933
0.933
0.933
0.933
0.933
0.933
0.932
0.932
0.932
0.932
0.932
0.932
0.932
0.932
0.932
0.932
0.931
0.931
0.931
0.931
0.931
0.931
0.931
0.931
0.931
0.931
0.93
0.93
0.93
0.93
0.93
0.93
0.93
0.93
0.93
0.93
0.93
0.929
0.929
0.929
0.929
0.929
0.929
0.929
0.929
0.929
0.929
0.929
0.929
0.929
0.928
0.928
0.928
0.928
0.928
0.928
0.928
0.928
0.928
0.928
0.928
0.928
0.928
0.928
0.927
0.927
0.927
0.927
0.927
0.927
0.927
0.927
0.927
0.927
0.927
0.927
0.927
0.927
0.927
0.927
0.926
0.926
0.926
0.926
0.926
0.926
0.926
0.926
0.8956382
0.8924631
0.9624636
0.95059
0.9342
0.9341
0.934
0.9339
0.9338
0.9337
0.934
0.933
0.933
0.933
0.933
0.933
0.933
0.933
0.933
0.933
0.933
0.933
0.932
0.932
0.932
0.932
0.932
0.932
0.932
0.932
0.932
0.932
0.932
0.932
0.931
0.931
0.931
0.931
0.931
0.931
0.931
0.931
0.931
0.931
0.931
0.931
0.931
0.93
0.93
0.93
0.93
0.93
0.93
0.93
0.93
0.93
0.93
0.93
0.93
0.93
0.93
0.93
0.929
0.929
0.929
0.929
0.929
0.929
0.929
0.929
0.929
0.929
0.929
0.929
0.929
0.929
0.929
0.929
0.929
0.928
0.928
0.928
0.928
0.928
0.928
0.928
0.928
0.928
0.928
0.928
0.928
0.928
0.928
0.928
0.928
0.928
0.928
0.928
0.928
0.927
0.8956382
0.8924631
0.9624636
0.95056
0.9342
0.9341
0.9341
0.934
0.9339
0.9338
0.934
0.934
0.934
0.933
0.933
0.933
0.933
0.933
0.933
0.933
0.933
0.933
0.933
0.933
0.933
0.933
0.933
0.932
0.932
0.932
0.932
0.932
0.932
0.932
0.932
0.932
0.932
0.932
0.932
0.932
0.932
0.932
0.932
0.931
0.931
0.931
0.931
0.931
0.931
0.931
0.931
0.931
0.931
0.931
0.931
0.931
0.931
0.931
0.931
0.931
0.931
0.931
0.93
0.93
0.93
0.93
0.93
0.93
0.93
0.93
0.93
0.93
0.93
0.93
0.93
0.93
0.93
0.93
0.93
0.93
0.93
0.93
0.93
0.93
0.929
0.929
0.929
0.929
0.929
0.929
0.929
0.929
0.929
0.929
0.929
0.929
0.929
0.929
0.929
0.929
0.8956382
0.8924631
0.9624636
0.95053
0.9343
0.9342
0.9341
0.9341
0.934
0.934
0.934
0.934
0.934
0.934
0.934
0.934
0.934
0.933
0.933
0.933
0.933
0.933
0.933
0.933
0.933
0.933
0.933
0.933
0.933
0.933
0.933
0.933
0.933
0.933
0.933
0.933
0.933
0.932
0.932
0.932
0.932
0.932
0.932
0.932
0.932
0.932
0.932
0.932
0.932
0.932
0.932
0.932
0.932
0.932
0.932
0.932
0.932
0.932
0.932
0.932
0.932
0.932
0.931
0.931
0.931
0.931
0.931
0.931
0.931
0.931
0.931
0.931
0.931
0.931
0.931
0.931
0.931
0.931
0.931
0.931
0.931
0.931
0.931
0.931
0.931
0.931
0.931
0.931
0.931
0.931
0.931
0.931
0.93
0.93
0.93
0.93
0.93
0.93
0.93
0.93
0.8956382
0.8924631
0.9624636
0.9505
0.9343
0.9342
0.9342
0.9342
0.9341
0.9341
0.934
0.934
0.934
0.934
0.934
0.934
0.934
0.934
0.934
0.934
0.934
0.934
0.934
0.934
0.934
0.934
0.933
0.933
0.933
0.933
0.933
0.933
0.933
0.933
0.933
0.933
0.933
0.933
0.933
0.933
0.933
0.933
0.933
0.933
0.933
0.933
0.933
0.933
0.933
0.933
0.933
0.933
0.933
0.933
0.933
0.933
0.933
0.933
0.933
0.933
0.933
0.932
0.932
0.932
0.932
0.932
0.932
0.932
0.932
0.932
0.932
0.932
0.932
0.932
0.932
0.932
0.932
0.932
0.932
0.932
0.932
0.932
0.932
0.932
0.932
0.932
0.932
0.932
0.932
0.932
0.932
0.932
0.932
0.932
0.932
0.932
0.932
0.932
0.932
0.932
0.8956382
0.8924631
0.9624636
0.95047
0.9343
0.9343
0.9343
0.9343
0.9342
0.9342
0.934
0.934
0.934
0.934
0.934
0.934
0.934
0.934
0.934
0.934
0.934
0.934
0.934
0.934
0.934
0.934
0.934
0.934
0.934
0.934
0.934
0.934
0.934
0.934
0.934
0.934
0.934
0.934
0.934
0.934
0.934
0.934
0.934
0.934
0.934
0.934
0.934
0.934
0.934
0.934
0.934
0.934
0.934
0.934
0.934
0.933
0.933
0.933
0.933
0.933
0.933
0.933
0.933
0.933
0.933
0.933
0.933
0.933
0.933
0.933
0.933
0.933
0.933
0.933
0.933
0.933
0.933
0.933
0.933
0.933
0.933
0.933
0.933
0.933
0.933
0.933
0.933
0.933
0.933
0.933
0.933
0.933
0.933
0.933
0.933
0.933
0.933
0.933
0.933
0.933
0.8956382
0.8924631
0.9624636
0.95044
0.9344
0.9344
0.9344
0.9344
0.9344
0.9344
0.934
0.934
0.934
0.934
0.934
0.934
0.934
0.934
0.934
0.934
0.934
0.934
0.934
0.934
0.934
0.934
0.934
0.934
0.934
0.934
0.934
0.934
0.934
0.934
0.934
0.934
0.934
0.934
0.934
0.934
0.934
0.934
0.934
0.934
0.934
0.934
0.934
0.934
0.934
0.934
0.934
0.934
0.934
0.934
0.934
0.934
0.934
0.934
0.934
0.934
0.934
0.934
0.934
0.934
0.934
0.934
0.934
0.934
0.934
0.934
0.934
0.934
0.934
0.934
0.934
0.934
0.934
0.934
0.934
0.934
0.934
0.934
0.934
0.934
0.934
0.934
0.934
0.934
0.934
0.934
0.934
0.934
0.934
0.934
0.934
0.934
0.934
0.934
0.934
0.934
0.8956382
0.8924631
0.9624636
0.95041
0.9344
0.9344
0.9344
0.9344
0.9345
0.9345
0.935
0.935
0.935
0.935
0.935
0.935
0.935
0.935
0.935
0.935
0.935
0.935
0.935
0.935
0.935
0.935
0.935
0.935
0.935
0.935
0.935
0.935
0.935
0.935
0.935
0.935
0.935
0.935
0.935
0.935
0.935
0.935
0.935
0.935
0.935
0.935
0.935
0.935
0.935
0.935
0.935
0.935
0.935
0.935
0.935
0.935
0.935
0.935
0.935
0.935
0.935
0.935
0.935
0.935
0.935
0.935
0.935
0.935
0.935
0.935
0.935
0.935
0.935
0.935
0.935
0.935
0.935
0.935
0.935
0.935
0.935
0.935
0.935
0.936
0.936
0.936
0.936
0.936
0.936
0.936
0.936
0.936
0.936
0.936
0.936
0.936
0.936
0.936
0.936
0.936
