	0.02	0.04	0.06	0.08	0.1	0.12	0.14	0.16	0.18	0.2	0.22	0.24	0.26	0.28	0.3	0.32	0.34	0.36	0.38	0.4	0.42	0.44	0.46	0.48	0.5	0.52	0.54	0.56	0.58	0.6	0.62	0.64	0.66	0.68	0.7	0.72	0.74	0.76	0.78	0.8	0.82	0.84	0.86	0.88	0.9	0.92	0.94	0.96	0.98	1
500	0	0	0	0	0	0	0	0	0	0	0	0	0	0	0	0	0	0	0	0	0	0	0	0	0	1	0	0	0	0	0	0	0	0	0	0	0	0	0	0	0	0	0	0	0	0	0	0	0	0
1000	0	0	0	0	0	0	0	0	0	0	0	0	0	0	0	0	0	0	0	0	0	0	0.0205279	0.0329912	0.248167	1	0.989736	0.559384	0.0113636	0.0333578	0	0	0	0	0	0	0	0	0	0	0	0	0	0	0	0	0	0	0	0
1500	0	0	0	0	0	0	0	0	0	0	0	0	0	0	0	0	0	0	0	0.000444642	0.127168	0.01245	0.0675856	0.734549	1	0.476212	0.469987	0.511783	0.217875	0.00622499	0	0	0	0	0	0	0	0	0	0	0	0	0	0	0	0	0	0	0	0
2000	0	0	0	0	0	0	0	0	0	0	0	0	0	0	0	0.00241449	0.172233	0.158954	0.2334	0	0.0028169	0.498994	0.782696	1	0.253119	0.0985915	0	0	0	0	0	0	0	0	0	0	0	0	0	0	0	0	0	0	0	0	0	0	0	0
2500	0	0	0	0	0	0	0	0	0	0	0	0	0	0	0	0	0.00351906	0.123167	0.185924	0.603519	1	0.367742	0.696188	0.567155	0.225806	0.0428152	0	0	0	0	0	0	0	0	0	0	0	0	0	0	0	0	0	0	0	0	0	0	0	0
3000	0	0	0	0	0	0	0	0	0	0	0	0	0.00528071	0.123958	0.0214008	0.0828238	0.0433574	0.0958866	1	0.413841	0.2796	0.110895	0.0436354	0.0997777	0.0733741	0.0833797	0.000277932	0	0	0	0	0	0	0	0	0	0	0	0	0	0	0	0	0	0	0	0	0	0	0
3500	0	0	0	0	0	0	0	0	0	0	0	0.000744325	0.416822	0.378489	1	0.265724	0.199107	0.458876	0.398958	0.432453	0.16003	0.132862	0.17045	0.0059546	0	0	0	0	0	0	0	0	0	0	0	0	0	0	0	0	0	0	0	0	0	0	0	0	0	0
4000	0	0	0	0	0	0	0	0	0.000429369	0.0742808	0.170889	0.954487	0.95234	1	0.54444	0.341348	0.195363	0.0446544	0.000858738	0	0	0	0	0	0	0	0	0	0	0	0	0	0	0	0	0	0	0	0	0	0	0	0	0	0	0	0	0	0	0
4500	0	0	0	0	0	0	0	0.00246154	0.0467692	0.638154	0.488923	1	0.886769	0.105538	0.0621538	0.000307692	0	0	0	0	0	0	0	0	0	0	0	0	0	0	0	0	0	0	0	0	0	0	0	0	0	0	0	0	0	0	0	0	0	0
5000	0	0	0	0	0	0	0	0.0167838	0.533177	0.932475	0.564403	0.413739	1	0.318891	0.117877	0.0749415	0.00234192	0	0	0	0	0	0	0	0	0	0	0	0	0	0	0	0	0	0	0	0	0	0	0	0	0	0	0	0	0	0	0	0	0
5500	0	0	0	0	0	0.000192456	0.0817937	0.119707	0.518668	1	0.101617	0.300038	0.0348345	0	0	0	0	0	0	0	0	0	0	0	0	0	0	0	0	0	0	0	0	0	0	0	0	0	0	0	0	0	0	0	0	0	0	0	0	0
6000	0	0	0	0	0	0.101714	0.252952	0.776762	1	0.518476	0.166095	0.11619	0.590857	0.160762	0	0	0	0	0	0	0	0	0	0	0	0	0	0	0	0	0	0	0	0	0	0	0	0	0	0	0	0	0	0	0	0	0	0	0	0
6500	0	0	0	0.0182861	0.00681248	0.157763	1	0.586232	0.163499	0.0548584	0	0.0946576	0.448189	0.959125	0.472212	0.0677662	0.000358551	0	0	0	0	0	0	0	0	0	0	0	0	0	0	0	0	0	0	0	0	0	0	0	0	0	0	0	0	0	0	0	0	0
7000	0	0	0	0.00558191	0.294725	0.317053	1	0.201507	0.00167457	0	0	0.00111638	0.315936	0.207647	0.252861	0.320681	0.116941	0.26542	0.0186994	0	0	0	0	0	0	0	0	0	0	0	0	0	0	0	0	0	0	0	0	0	0	0	0	0	0	0	0	0	0	0
7500	0	0	0	0.000519481	0.025974	0.721558	1	0.0296104	0	0.000519481	0.190649	0.303377	0.189091	0.327273	0.296104	0.418182	0.760519	0.902338	0.661299	0.166753	0.000519481	0	0	0	0	0	0	0	0	0	0	0	0	0	0	0	0	0	0	0	0	0	0	0	0	0	0	0	0	0
8000	0	0	0	0	0.621646	0.353309	1	0.0916816	0	0	0	0.0201252	0.168605	0.292487	0.291592	0.177996	0.794723	0.531306	0.139982	0.21288	0.000894454	0	0	0	0	0	0	0	0	0	0	0	0	0	0	0	0	0	0	0	0	0	0	0	0	0	0	0	0	0
8500	0	0	0	0.00103573	0.24029	1	0.408597	0.425168	0.128431	0	0	0.000517866	0.089073	0.376489	0.268255	0.383739	0.654583	0.57535	0.182807	0.000517866	0	0	0	0	0	0	0	0	0	0	0	0	0	0	0	0	0	0	0	0	0	0	0	0	0	0	0	0	0	0
9000	0	0	0	0	0.0197368	0.460088	0.640351	0.366667	0.167982	0.00263158	0	0	0	0.0175439	0.072807	0.497807	0.924123	1	0.159649	0.00175439	0	0	0	0	0	0	0	0	0	0	0	0	0	0	0	0	0	0	0	0	0	0	0	0	0	0	0	0	0	0
9500	0	0	0	0	0.077997	0.197269	1	0.190592	0.0537178	0.00030349	0	0	0	0	0	0.0710167	0.214264	0.595144	0.695296	0.118058	0.00121396	0	0	0	0	0	0	0	0	0	0	0	0	0	0	0	0	0	0	0	0	0	0	0	0	0	0	0	0	0
10000	0	0	0	0	0.0460396	0.488614	0.64604	1	0.10495	0	0.00049505	0	0	0	0	0.196535	0.218812	0.660396	0.809406	0.663861	0.119802	0.0277228	0	0	0	0	0	0	0	0	0	0	0	0	0	0	0	0	0	0	0	0	0	0	0	0	0	0	0	0
10500	0.245691	0.0529058	0	0.0312625	0.300601	0.24008	0	0.0144289	0.0236473	0	0	0	0	0	0	0	0.0857715	0.098998	0.40521	0.787976	1	0.318637	0.199599	0.000400802	0	0	0	0	0	0	0	0	0	0	0	0	0	0	0	0	0	0	0	0	0	0	0	0	0	0
11000	0	0.04	0.513725	0.369804	0.223529	0.000392157	0	0	0	0	0	0	0	0	0	0	0.0384314	0.121961	0.347451	0.493725	0.723529	1	0.318431	0.047451	0	0	0	0	0	0	0	0	0	0	0	0	0	0	0	0	0	0	0	0	0	0	0	0	0	0
11500	0.000526316	0.00736842	1	0.102632	0.000526316	0	0	0	0	0	0	0	0	0	0	0	0	0.0126316	0.0436842	0.4	0.656316	0.929474	0.526316	0.347368	0.411053	0.364211	0.233684	0.0105263	0	0	0	0	0	0	0	0	0	0	0	0	0	0	0	0	0	0	0	0	0	0
12000	0.00931099	0.218808	0.0586592	0.154562	0	0	0	0	0	0	0	0	0	0	0	0	0	0	0.000931099	0.20298	0.137337	0.230912	0.282588	0.563315	0.717412	1	0.153166	0.354749	0.0325885	0.0181564	0	0	0	0	0	0	0	0	0	0	0	0	0	0	0	0	0	0	0	0
12500	0.0249703	0.653983	0.266944	0	0.0219976	0	0	0	0	0	0	0	0	0	0	0	0	0	0.0618312	0.832937	0.441141	1	0.162307	0.0416171	0.0350773	0.395363	0.639715	0.211653	0.771106	0.019025	0	0	0	0	0	0	0	0	0	0	0	0	0	0	0	0	0	0	0	0
13000	0.735465	0.312209	0.00116279	0	0	0	0	0	0	0	0	0	0	0	0	0	0	0	0.0261628	0.213953	0.603488	1	0.473837	0.436628	0.0453488	0	0	0.140116	0.361628	0.722093	0.123256	0.00988372	0	0	0	0	0	0	0	0	0	0	0	0	0	0	0	0	0	0
13500	0.0859016	0.976393	0.00196721	0	0	0	0	0	0	0	0	0	0	0	0	0	0	0	0	0	0.0255738	0.288525	0.337049	0.676066	0.72459	0.861639	0.578361	1	0.681311	0.326557	0.166557	0.0163934	0	0	0	0	0	0	0	0	0	0	0	0	0	0	0	0	0	0
14000	0.396956	0.260938	0.00665821	0	0	0	0	0	0	0	0	0	0	0	0	0	0	0	0	0	0	0.0234623	0.0741915	0.0155358	0.141408	0.470197	1	0.539632	0.683576	0.117945	0.00634115	0	0	0	0	0	0	0	0	0	0	0	0	0	0	0	0	0	0	0
14500	0.306737	0.177644	0	0	0	0	0	0	0	0	0	0	0	0	0	0	0	0	0	0	0	0	0.000376364	0.00489274	0.150546	0.0188182	0.111027	0.269853	0.690252	0.51863	1	0.286037	0.217539	0.121942	0.0282273	0.000376364	0	0	0	0	0	0	0	0	0	0	0	0	0	0
15000	0.147741	0.461131	0.115995	0.00691901	0	0	0	0	0	0	0	0	0	0	0	0	0	0	0	0	0	0	0	0	0	0	0	0	0.000407	0.0512821	0.251526	0.811152	1	0.951567	0.202279	0.181115	0.001628	0	0	0	0	0	0	0	0	0	0	0	0	0
15500	0	0.315034	0.676856	0.20524	0.00062383	0	0	0	0	0	0	0	0	0	0	0	0	0	0	0	0	0	0	0	0	0	0	0	0	0.0274485	0.870243	0.373051	0.423581	0.759825	1	0.324392	0.593263	0.268871	0.0212102	0.23456	0.00062383	0	0	0	0	0	0	0	0	0
16000	0.114295	0.465178	0.000333222	0	0	0	0	0	0	0	0	0	0	0	0	0	0	0	0	0	0	0	0	0	0	0	0	0	0	0	0	0.0679773	0.0903032	0.451183	0.84072	1	0.32889	0.136288	0.111963	0.00199933	0	0	0	0	0	0	0	0	0	0
16500	0.00450082	0.737316	0.044599	0	0	0	0	0	0	0	0	0	0	0	0	0	0	0	0	0	0	0	0	0	0	0	0	0	0	0	0	0	0.00286416	0.049509	0.710311	0.782324	0.165712	0.855155	1	0.341653	0.0135025	0.00531915	0	0	0	0	0	0	0	0
17000	0.0383072	0.319956	0.134622	0.0262678	0.00036483	0	0	0	0	0	0	0	0	0	0	0	0	0	0	0	0	0	0	0	0	0	0	0	0	0	0	0	0	0	0	0.00036483	0.145202	0.704852	0.552353	1	0.650493	0.0897483	0	0	0	0	0	0	0	0
17500	0	0	0	0	0	0	0	0	0	0	0	0	0	0	0	0	0	0	0	0	0	0	0	0	0	0	0	0	0	0	0	0	0	0	0	0	0	0	0.00185775	0.0697983	0.552017	1	0.304671	0.351911	0.00238854	0	0	0	0	0
18000	0	0	0	0	0	0	0	0	0	0	0	0	0	0	0	0	0	0	0	0	0	0	0	0	0	0	0	0	0	0	0	0	0	0	0	0	0	0	0	0.0585925	0.972504	0.585925	1	0.401637	0.319149	0.00523732	0	0	0	0
18500	0	0	0	0	0	0	0	0	0	0	0	0	0	0	0	0	0	0	0	0	0	0	0	0	0	0	0	0	0	0	0	0	0	0	0	0	0	0.00102197	0.101686	0.360245	0.179867	0.323454	0.911088	1	0.909555	0.332141	0.0153296	0	0	0
19000	0	0	0	0	0	0	0	0	0	0	0	0	0	0	0	0	0	0	0	0	0	0	0	0	0	0	0	0	0	0	0	0	0	0	0	0	0	0	0	0.000342114	0.0513171	0.132398	0.4013	0.65207	1	0.387273	0.100239	0.00615806	0	0
19500	0	0	0	0	0	0	0	0	0	0	0	0	0	0	0	0	0	0	0	0	0	0	0	0	0	0	0	0	0	0	0	0	0	0	0	0	0	0	0	0	0	0.0357042	1	0.616322	0.381128	0.313687	0.172003	0.0192689	0	0
20000	0	0	0	0	0	0	0	0	0	0	0	0	0	0	0	0	0	0	0	0	0	0	0	0	0	0	0	0	0	0	0	0	0	0	0	0	0	0	0	0.0320285	0.286922	0.255338	0.896352	1	0.512456	0.571619	0.114324	0	0	0
20500	0	0	0	0	0	0	0	0	0	0	0	0	0	0	0	0	0	0	0	0	0	0	0	0	0	0	0	0	0	0	0	0	0	0	0	0	0	0	0	0.000961076	0.141278	0.150889	0.351273	0.0677559	0.660259	0.401249	1	0.851514	0.120135	0
21000	0	0	0	0	0	0	0	0	0	0	0	0	0	0	0	0	0	0	0	0	0	0	0	0	0	0	0	0	0	0	0	0	0	0	0	0	0	0	0	0	0	0	0.0656624	0.702202	0.516416	1	0.61993	0.564697	0.101584	0.121282
21500	0	0	0	0	0	0	0	0	0	0	0	0	0	0	0	0	0	0	0	0	0	0	0	0	0	0	0	0	0	0	0	0	0	0	0	0	0	0	0.00212993	0.0905218	0.835996	0.310969	0.306709	0.142705	0.340256	0.649627	1	0.226305	0.400958	0.158147
22000	0	0	0	0	0	0	0	0	0	0	0	0	0	0	0	0	0	0	0	0	0	0	0	0	0	0	0	0	0	0	0	0	0	0	0	0	0	0.000362319	0.0648551	0.239855	0.652174	1	0.825	0.351087	0.311232	0.144203	0.0105072	0	0	0
22500	0	0	0	0	0	0	0	0	0	0	0	0	0	0	0	0	0	0	0	0	0	0	0	0	0	0	0	0	0	0	0	0	0	0	0	0	0	0.000429923	0.163801	0.321152	0.420464	0.601462	0.584265	1	0.368874	0.0958727	0	0	0	0
23000	0	0	0	0	0	0	0	0	0	0	0	0	0	0	0	0	0	0	0	0	0	0	0	0	0	0	0	0	0	0	0	0	0	0	0	0	0	0	0.00492072	0.0262438	0.359213	1	0.522417	0.110169	0.0109349	0.016129	0.0975943	0.118644	0.000546747	0
23500	0	0	0	0	0	0	0	0	0	0	0	0	0	0	0	0	0	0	0	0	0	0	0	0	0	0	0	0	0	0	0	0	0	0	0	0	0	0.0185543	0.124082	0.482799	0.385775	0.461925	1	0.221492	0.432547	0.0556629	0.00231929	0	0	0
24000	0	0	0	0	0	0	0	0	0	0	0	0	0	0	0	0	0	0	0	0	0	0	0	0	0	0	0	0	0	0	0	0	0	0	0	0.00407793	0.0126869	0.451291	1	0.952424	0.649298	0.383326	0.0471228	0.132759	0.135931	0.229271	0.0752152	0	0	0
24500	0	0	0	0	0	0	0	0	0	0	0	0	0	0	0	0	0	0	0	0	0	0	0	0	0	0	0	0	0	0	0	0.0301171	0.0195204	0.218628	0.0853318	0.256553	0.719465	0.71333	1	0.459007	0.130508	0.622421	0.721138	0.0122699	0	0	0	0	0	0
25000	0	0	0	0	0	0	0	0	0	0	0	0	0	0	0	0	0	0	0	0	0	0	0	0	0	0	0	0	0	0	0	0	0	0.132929	1	0.387127	0.0345149	0.119869	0.668843	0.484608	0.0834888	0.266791	0.233675	0.197295	0.10028	0.0419776	0	0	0	0
25500	0	0	0	0	0	0	0	0	0	0	0	0	0	0	0	0	0	0	0	0	0	0	0	0	0	0	0	0	0	0	0	0.0524605	0.267874	0.786908	0.346797	0.149954	0.000464253	0	0.0102136	0.0733519	0.00789229	0.332405	0.902971	1	0.532033	0.04039	0	0	0	0
26000	0	0	0	0	0	0	0	0	0	0	0	0	0	0	0	0	0	0	0	0	0	0	0	0	0	0	0	0	0	0	0	0.00236855	0.35765	1	0.770251	0.211274	0.644718	0.103269	0	0	0.0341071	0.232591	0.452392	0.0990052	0.0132639	0.190431	0	0	0	0
26500	0	0	0	0	0	0	0	0	0	0	0	0	0	0	0	0	0	0	0	0	0	0	0	0	0	0	0	0	0	0	0	0	0.0307805	0.369	1	0.943203	0.661414	0.248809	0.016856	0	0	0	0	0	0	0	0	0	0	0
27000	0	0	0	0	0	0	0	0	0	0	0	0	0	0	0	0	0	0	0	0	0	0	0	0	0	0	0	0	0	0.000446628	0.0468959	0.138008	0.281822	1	0.645824	0.53908	0.664582	0.165252	0.243412	0.142921	0.000446628	0	0	0	0	0	0	0	0	0
27500	0	0	0	0	0	0	0	0	0	0	0	0	0	0	0	0	0	0	0	0	0	0	0	0	0	0	0	0	0	0	0	0.000529661	0.222987	0.340572	0.105932	0.0863347	0.09375	0.662076	0.513242	1	0.417903	0.608051	0.136653	0.213453	0	0	0	0	0	0
28000	0	0	0	0	0	0	0	0	0	0	0	0	0	0	0	0	0	0	0	0	0	0	0	0	0	0	0	0	0.000788644	0.0799159	0.00683491	0.00315457	0.0562566	0	0	0	0	0.0425868	0.15694	0.180074	1	0.520242	0.0241851	0.0294427	0.000262881	0	0	0	0	0
28500	0	0	0	0	0	0	0	0	0	0	0	0	0	0	0	0	0	0	0	0	0	0	0	0	0	0	0	0	0	0	0	0	0	0	0	0	0.0399835	0.373454	0.674773	1	0.522259	0.620775	0.211047	0.0869744	0	0	0	0	0	0
29000	0	0	0	0	0	0	0	0	0	0	0	0	0	0	0	0	0	0	0	0	0	0	0	0	0	0	0	0	0	0	0	0	0	0	0	0.0636842	0.317368	0.386316	0.129474	1	0.527368	0.863158	0.460526	0.0657895	0.181579	0.0994737	0.000526316	0.0557895	0.0142105	0.00894737
29500	0	0	0	0	0	0	0	0	0	0	0	0	0	0	0	0	0	0	0	0	0	0	0	0	0	0	0	0	0	0	0	0	0	0	0	0.0116167	0.252662	0.290416	0.45547	1	1	0.24153	0.0677638	0.0406583	0.741045	0.0866409	0.0851888	0.00677638	0.191191	0.000484027
30000	0	0	0	0	0	0	0	0	0	0	0	0	0	0	0	0	0	0	0	0	0	0	0	0	0	0	0	0	0	0	0	0	0	0	0	0.0588235	0.158568	1	0.944587	0.646206	0.462489	0.140665	0.0268542	0.00255754	0.0127877	0.123188	0.0656436	0.000426257	0	0
30500	0	0	0	0	0	0	0	0	0	0	0	0	0	0	0	0	0	0	0	0	0	0	0	0	0	0	0	0	0	0	0	0	0	0	0.0927182	0.304387	0.850294	1	0.493894	0.470828	0.619177	0.00542741	0	0	0	0	0	0	0	0
31000	0	0	0	0	0	0	0	0	0	0	0	0	0	0	0	0	0	0	0	0	0	0	0	0	0	0	0	0	0	0	0	0	0	0	0.000323206	0.08468	0.559147	0.619263	1	0.322237	0.228184	0.148998	0.0103426	0	0	0	0	0	0	0
31500	0	0	0	0	0	0	0	0	0	0	0	0	0	0	0	0	0	0	0	0	0	0	0	0	0	0	0	0	0	0	0	0	0	0.00697211	0.105578	0.199867	0.47842	0.559761	1	0.282537	0.0996016	0.0166003	0	0	0	0	0	0	0	0
32000	0	0	0	0	0	0	0	0	0	0	0	0	0	0	0	0	0	0	0	0	0	0	0	0	0	0	0	0	0	0	0	0	0	0	0	0.0112424	0.134909	1	0.680888	0.424906	0.00576535	0.00547708	0	0	0	0	0	0	0	0
32500	0	0	0	0	0	0	0	0	0	0	0	0	0	0	0	0	0	0	0	0	0	0	0	0	0	0	0	0	0	0	0	0	0	0	0.0281286	0.0668772	0.22876	1	0.692308	0.418772	0.0355913	0	0	0	0	0	0	0	0	0
33000	0	0	0	0	0	0	0	0	0	0	0	0	0	0	0	0	0	0	0	0	0	0	0	0	0	0	0	0	0	0	0	0	0	0	0	0.128029	0.160163	1	0.542974	0.205815	0.000510074	0	0	0	0	0	0	0	0	0
33500	0	0	0	0	0	0	0	0	0	0	0	0	0	0	0	0	0	0	0	0	0	0	0	0	0	0	0	0	0	0	0	0	0	0.00904159	0.273508	0.553797	0.972423	1	0.493219	0.232821	0.103526	0.178571	0.160488	0.175407	0.00045208	0	0	0	0	0
34000	0	0	0	0	0	0	0	0	0	0	0	0	0	0	0	0	0	0	0	0	0	0	0	0	0	0	0	0	0	0	0	0	0.0133262	0.0879531	0.329957	0.448294	0.44936	1	0.659382	0.186034	0.655117	0.399787	0.467484	0.0367804	0	0	0	0	0	0
34500	0	0	0	0	0	0	0	0	0	0	0	0	0	0	0	0	0	0	0	0	0	0	0	0	0	0	0	0	0	0	0	0	0	0.000483559	0.0174081	0.653772	0.338975	0.650387	0.401838	0.187621	0.171663	1	0.524662	0.0174081	0.306576	0.0154739	0	0	0	0
35000	0	0	0	0	0	0	0	0	0	0	0	0	0	0	0	0	0	0	0	0	0	0	0	0	0	0	0	0	0	0	0	0	0	0	0	0.051357	0.256367	0.495616	1	0.757411	0.818372	0.0229645	0.0492693	0.263883	0.0434238	0	0	0	0	0
35500	0	0	0	0	0	0	0	0	0	0	0	0	0	0	0	0	0	0	0	0	0	0	0	0	0	0	0	0	0	0	0	0	0	0	0	0	0	0.0128819	0.188443	0.559441	1	0.465219	0.169304	0.234818	0.1947	0.00220832	0	0	0	0
36000	0	0	0	0	0	0	0	0	0	0	0	0	0	0	0	0	0	0	0	0	0	0	0	0	0	0	0	0	0	0	0	0	0	0	0	0	0.0574074	0.190741	0.382099	0.841975	0.262346	0.154321	0.588272	1	0.550617	0.538272	0.416667	0.107407	0.000617284	0
36500	0	0	0	0	0	0	0	0	0	0	0	0	0	0	0	0	0	0	0	0	0	0	0	0	0	0	0	0	0	0	0	0	0	0	0	0	0	0.0108959	0.18523	0.0862591	0.0417676	0.429479	1	0.796308	0.22609	0.0178571	0.000302663	0	0	0
37000	0	0	0	0	0	0	0	0	0	0	0	0	0	0	0	0	0	0	0	0	0	0	0	0	0	0	0	0	0	0	0	0	0	0	0	0	0	0	0	0.01731	0.00917431	0.101783	1	0.173966	0.0171369	0	0	0	0	0
37500	0	0	0	0	0	0	0	0	0	0	0	0	0	0	0	0	0	0	0	0	0	0	0	0	0	0	0	0	0	0	0	0	0	0	0	0	0	0	0.000328731	0.0226824	0.0154504	0.108481	0.506903	1	0.652202	0.0174227	0.000328731	0	0	0
38000	0	0	0	0	0	0	0	0	0	0	0	0	0	0	0	0	0	0	0	0	0	0	0	0	0	0	0	0	0	0	0	0	0	0	0	0	0	0	0.000403063	0.0455462	0.0814188	0.291012	1	0.857719	0.618702	0.389762	0.0229746	0	0	0
38500	0	0	0	0	0	0	0	0	0	0	0	0	0	0	0	0	0	0	0	0	0	0	0	0	0	0	0	0	0	0	0	0	0	0	0	0	0	0	0	0	0.00324558	0.314821	0.191129	0.381897	1	0.676884	0.188244	0.0331771	0	0
39000	0	0	0	0	0	0	0	0	0	0	0	0	0	0	0	0	0	0	0	0	0	0	0	0	0	0	0	0	0	0	0	0	0	0	0	0	0	0	0	0	0.0245673	0.0938023	0.0228922	0.080402	0.39866	1	0.955332	0.443886	0.41541	0.134003
39500	0	0	0	0	0	0	0	0	0	0	0	0	0	0	0	0	0	0	0	0	0	0	0	0	0	0	0	0	0	0	0	0	0	0	0	0	0	0	0	0	0	0	0	0.0144509	1	0.243353	0.864162	0.271676	0.102312	0.695954
40000	0	0	0	0	0	0	0	0	0	0	0	0	0	0	0	0	0	0	0	0	0	0	0	0	0	0	0	0	0	0	0	0	0	0	0	0	0	0	0	0	0	0	0.000348068	0.0421163	0.0438566	0	0.0107901	0.278803	0.521406	1
40500	0	0	0	0	0	0	0	0	0	0	0	0	0	0	0	0	0	0	0	0	0	0	0	0	0	0	0	0	0	0	0	0	0	0	0	0	0	0	0	0	0	0	0	0	0	0	0	0.0964217	0.169059	1
41000	0	0	0	0	0	0	0	0	0	0	0	0	0	0	0	0	0	0	0	0	0	0	0	0	0	0	0	0	0	0	0	0	0	0	0	0	0	0	0	0	0	0	0	0	0	0	0.0525618	0.301237	1	0.811396
41500	0	0	0	0	0	0	0	0	0	0	0	0	0	0	0	0	0	0	0	0	0	0	0	0	0	0	0	0	0	0	0	0	0	0	0	0	0	0	0	0	0	0	0	0	0.0470356	0.12253	0.18498	0.202372	0.326482	1
42000	0	0	0	0	0	0	0	0	0	0	0	0	0	0	0	0	0	0	0	0	0	0	0	0	0	0	0	0	0	0	0	0	0	0	0	0	0	0	0	0	0	0	0	0	0.00422297	0.0565878	0.867399	1	0.69299	0.906672
42500	0	0	0	0	0	0	0	0	0	0	0	0	0	0	0	0	0	0	0	0	0	0	0	0	0	0	0	0	0	0	0	0	0	0	0	0	0	0	0	0	0	0	0	0.130495	0.0499084	0.538919	0.681319	1	0.672619	0.437271
43000	0	0	0	0	0	0	0	0	0	0	0	0	0	0	0	0	0	0	0	0	0	0	0	0	0	0	0	0	0	0	0	0	0	0	0	0	0	0	0	0	0.00196915	0.0879554	0.0840171	0.227765	0.338366	1	0.47916	0.219232	0.240564	0.255661
43500	0	0	0	0	0	0	0	0	0	0	0	0	0	0	0	0	0	0	0	0	0	0	0	0	0	0	0	0	0	0	0	0	0	0	0	0	0	0	0	0	0	0	0	0.00572656	0.299213	0.444524	0.483536	1	0.42985	0.619184
44000	0	0	0	0	0	0	0	0	0	0	0	0	0	0	0	0	0	0	0	0	0	0	0	0	0	0	0	0	0	0	0	0	0	0	0	0	0	0	0	0	0	0	0	0	0.00278207	0.0584235	0.344668	1	0.669243	0.543431
44500	0	0	0	0	0	0	0	0	0	0	0	0	0	0	0	0	0	0	0	0	0	0	0	0	0	0	0	0	0	0	0	0	0	0	0	0	0	0	0	0	0	0	0	0	0.0397971	0.369489	0.296137	1	0.924698	0.659774
45000	0	0	0	0	0	0	0	0	0	0	0	0	0	0	0	0	0	0	0	0	0	0	0	0	0	0	0	0	0	0	0	0	0	0	0	0	0	0	0	0	0	0	0.0297139	0.0781365	0.280998	0.190389	0.532649	0.479824	1	0.303008
45500	0	0	0	0	0	0	0	0	0	0	0	0	0	0	0	0	0	0	0	0	0	0	0	0	0	0	0	0	0	0	0	0	0	0	0	0	0	0	0	0	0	0	0	0	0	0.216981	1	0.748714	0.686106	0.91681
46000	0	0	0	0	0	0	0	0	0	0	0	0	0	0	0	0	0	0	0	0	0	0	0	0	0	0	0	0	0	0	0	0	0	0	0	0	0	0	0	0	0	0.0404798	0.0372314	0.00549725	0	0	0	0.003998	0.18091	1
46500	0	0	0	0	0	0	0	0	0	0	0	0	0	0	0	0	0	0	0	0	0	0	0	0	0	0	0	0	0	0	0	0	0	0	0	0	0	0	0	0	0	0	0	0	0	0	0.0279642	0.139821	1	0.754474
47000	0	0	0	0	0	0	0	0	0	0	0	0	0	0	0	0	0	0	0	0	0	0	0	0	0	0	0	0	0	0	0	0	0	0	0	0	0	0	0	0	0	0	0	0.0274958	0.0313029	0.296954	0.792724	0.519459	1	0.593063
47500	0	0	0	0	0	0	0	0	0	0	0	0	0	0	0	0	0	0	0	0	0	0	0	0	0	0	0	0	0	0	0	0	0	0	0	0	0	0	0	0	0	0	0.00835476	0.0578406	1	0.523136	0.187661	0.630463	0.437018	0.851542
48000	0	0	0	0	0	0	0	0	0	0	0	0	0	0	0	0	0	0	0	0	0	0	0	0	0	0	0	0	0	0	0	0	0	0	0	0	0	0	0	0	0	0	0.000350631	0.0045582	0.0845021	0	0.0269986	0.334853	1	0.802945
48500	0	0	0	0	0	0	0	0	0	0	0	0	0	0	0	0	0	0	0	0	0	0	0	0	0	0	0	0	0	0	0	0	0	0	0	0	0	0	0	0	0	0	0	0	0	0.0143691	0.0731926	0.22564	0.301751	1
49000	0	0	0	0	0	0	0	0	0	0	0	0	0	0	0	0	0	0	0	0	0	0	0	0	0	0	0	0	0	0	0	0	0	0	0	0	0	0	0	0	0	0	0	0.00892857	0.0155423	0.117063	0.289352	0.325066	0.562831	1
49500	0	0	0	0	0	0	0	0	0	0	0	0	0	0	0	0	0	0	0	0	0	0	0	0	0	0	0	0	0	0	0	0	0	0	0	0	0	0	0	0	0	0	0	0	0.030677	0.182652	0.594852	0.228138	0.356841	1
50000	0	0	0	0	0	0	0	0	0	0	0	0	0	0	0	0	0	0	0	0	0	0	0	0	0	0	0	0	0	0	0	0	0	0	0	0	0	0	0	0	0	0	0	0	0.000361272	0.304552	0.343569	0.370303	1	0.580925
