	0	0.02	0.04	0.06	0.08	0.1	0.12	0.14	0.16	0.18	0.2	0.22	0.24	0.26	0.28	0.3	0.32	0.34	0.36	0.38	0.4	0.42	0.44	0.46	0.48	0.5	0.52	0.54	0.56	0.58	0.6	0.62	0.64	0.66	0.68	0.7	0.72	0.74	0.76	0.78	0.8	0.82	0.84	0.86	0.88	0.9	0.92	0.94	0.96	0.98
500	0	0	0	0	0	0	0	0	0	0	0	0	0	0	0	0	0	0	0	0	0	0	0	0	0	1	0	0	0	0	0	0	0	0	0	0	0	0	0	0	0	0	0	0	0	0	0	0	0	0
1000	0	0	0	0	0	0	0	0	0	0	0	0	0	0	0	0	0	0	0	0	0	0	0.0201049	0.00109266	0.0273164	0.177885	0.521635	1	0.532343	0.0915647	0.00131119	0.000218531	0	0	0	0	0	0	0	0	0	0	0	0	0	0	0	0	0	0
1500	0	0	0	0	0	0	0	0	0	0	0	0	0	0	0	0	0	0	0	0	0	0	0	0	0.0392054	0.256665	0.521694	1	0.189754	0.0568043	0	0	0	0	0	0	0	0	0	0	0	0	0	0	0	0	0	0	0	0
2000	0	0	0	0	0	0	0	0	0	0	0	0	0	0	0	0	0	0	0	0	0	0	0	0	0.0824246	0.646568	1	0.876203	0.24567	0.222579	0.30372	0.111931	0	0	0	0	0	0	0	0	0	0	0	0	0	0	0	0	0	0
2500	0	0	0	0	0	0	0	0	0	0	0	0	0	0	0	0	0	0	0	0	0	0	0	0.0159681	0.0239521	0.213906	0.957751	1	0.524617	0.65835	0.439454	0.0192947	0.000998004	0	0	0	0	0	0	0	0	0	0	0	0	0	0	0	0	0
3000	0	0	0	0	0	0	0	0	0	0	0	0	0	0	0	0	0	0	0	0	0	0	0.0470706	0.0455684	0.00876314	0.0578368	0.468453	0.711567	1	0.582374	0.290686	0.0260391	0.0137707	0	0	0	0	0	0	0	0	0	0	0	0	0	0	0	0	0
3500	0	0	0	0	0	0	0	0	0	0	0	0	0	0	0	0	0	0	0	0	0	0	0	0	0	0	0.108269	0.305175	0.577335	0.977097	1	0.424747	0.168352	0.00237954	0	0	0	0	0	0	0	0	0	0	0	0	0	0	0	0
4000	0	0	0	0	0	0	0	0	0	0	0	0	0	0	0	0	0	0	0	0	0	0	0	0	0	0.00121139	0.12023	1	0.741975	0.78831	0.49576	0.206541	0.13719	0.0563295	0.000302847	0	0	0	0	0	0	0	0	0	0	0	0	0	0	0
4500	0	0	0	0	0	0	0	0	0	0	0	0	0	0	0	0	0	0	0	0	0	0	0	0	0.00199442	0.205026	0.141604	0.681691	0.254089	0.476665	1	0.927403	0.954527	0.195453	0.113682	0.0358995	0	0	0	0	0	0	0	0	0	0	0	0	0	0
5000	0	0	0	0	0	0	0	0	0	0	0	0	0	0	0	0	0	0	0	0	0	0	0	0	0	0.00204439	0.0642523	0.0175234	0.311916	0.317465	0.545561	1	0.754089	0.461741	0.121203	0.015479	0	0	0	0	0	0	0	0	0	0	0	0	0	0
5500	0	0	0	0	0	0	0	0	0	0	0	0	0	0	0	0	0	0	0	0	0	0	0	0	0.000414766	0.150975	0.367897	0.453339	0.594359	0.244712	0.170469	0.766487	1	0.431771	0.0489423	0.0136873	0.37163	0.0576524	0.0302779	0	0	0	0	0	0	0	0	0	0	0
6000	0	0	0	0	0	0	0	0	0	0	0	0	0	0	0	0	0	0	0	0	0	0	0	0	0.00100671	0.0902685	0.0838926	0.440268	0.719463	0.190604	0.0154362	0.565101	1	0.36443	0.272819	0.0822148	0.0728188	0.0771812	0	0	0	0	0	0	0	0	0	0	0	0
6500	0	0	0	0	0	0	0	0	0	0	0	0	0	0	0	0	0	0	0	0	0	0	0	0	0.0072327	0.174214	0.65	0.366038	0.331132	0.247799	0.0238994	0.00157233	0.0981132	0.751258	1	0.257862	0.146541	0.0320755	0	0	0	0	0	0	0	0	0	0	0	0
7000	0	0	0	0	0	0	0	0	0	0	0	0	0	0	0	0	0	0	0	0	0	0	0	0	0	0.00278884	0.413147	0.862151	0.958964	1	0.364542	0.085259	0.0549801	0.0199203	0.307968	0.453386	0.0155378	0.00119522	0	0	0	0	0	0	0	0	0	0	0	0
7500	0	0	0	0	0	0	0	0	0	0	0	0	0	0	0	0	0	0	0	0	0	0	0	0	0	0	0.00717703	0.193127	0.763375	1	0.338843	0.234232	0.00130492	0	0.0274032	0	0	0	0	0	0	0	0	0	0	0	0	0	0	0
8000	0	0	0	0	0	0	0	0	0	0	0	0	0	0	0	0	0	0	0	0	0	0	0	0	0	0	0.000995619	0.0830346	0.553365	1	0.755476	0.180207	0.0461967	0	0	0	0	0	0	0	0	0	0	0	0	0	0	0	0	0
8500	0	0	0	0	0	0	0	0	0	0	0	0	0	0	0	0	0	0	0	0	0	0	0	0	0	0	0.000325045	0.0775232	0.599382	1	0.467252	0.0747603	0.00195027	0	0	0	0	0	0	0	0	0	0	0	0	0	0	0	0	0
9000	0	0	0	0	0	0	0	0	0	0	0	0	0	0	0	0	0	0	0	0	0	0	0	0	0	0.00924737	0.185718	0.339584	0.707424	1	0.702029	0.1757	0.0208066	0	0	0	0	0	0	0	0	0	0	0	0	0	0	0	0	0
9500	0	0	0	0	0	0	0	0	0	0	0	0	0	0	0	0	0	0	0	0	0	0	0	0	0	0.00079067	0.193319	1	0.792054	0.390789	0.101799	0.0824274	0.000197668	0	0	0	0	0	0	0	0	0	0	0	0	0	0	0	0	0
10000	0	0	0	0	0	0	0	0	0	0	0	0	0	0	0	0	0	0	0	0	0	0	0	0	0.0844969	0.743139	1	0.604718	0.298989	0.206307	0.0837747	0.023351	0.000240732	0	0	0	0	0	0	0	0	0	0	0	0	0	0	0	0	0
10500	0	0	0	0	0	0	0	0	0	0	0	0	0	0	0	0	0	0	0	0	0	0	0.00853694	0.10421	0.240801	0.0977333	0.38063	0.890492	1	0.989991	0.1728	0.000294377	0	0	0	0	0	0	0	0	0	0	0	0	0	0	0	0	0	0
11000	0	0	0	0	0	0	0	0	0	0	0	0	0	0	0	0	0	0	0	0	0	0	0	0.00872761	0.0189864	0.209616	0.120655	0.459195	1	0.368244	0.00658398	0.0310825	0.000153116	0	0	0	0	0	0	0	0	0	0	0	0	0	0	0	0	0
11500	0	0	0	0	0	0	0	0	0	0	0	0	0	0	0	0	0	0	0	0	0	0	0.0713859	0.565412	1	0.332139	0.390382	0.0949821	0.654421	0.48417	0.319594	0.0899044	0.0740741	0.000298686	0	0	0	0	0	0	0	0	0	0	0	0	0	0	0	0
12000	0	0	0	0	0	0	0	0	0	0	0	0	0	0	0	0	0	0	0	0.000968054	0.024524	0.828977	0.680219	1	0.371087	0.0677638	0.0958374	0.0632462	0.448854	0.524363	0.0961601	0.00193611	0	0	0	0	0	0	0	0	0	0	0	0	0	0	0	0	0	0
12500	0	0	0	0	0	0	0	0	0	0	0	0	0	0	0	0	0	0	0	0.0746373	0.203461	0.228981	0.109596	0.000873973	0.0613529	0.0298899	0.0185282	0.267611	1	0.410942	0.146827	0.0125852	0.00559343	0	0	0	0	0	0	0	0	0	0	0	0	0	0	0	0	0
13000	0	0	0	0	0	0	0	0	0	0	0	0	0	0	0	0	0	0	0	0	0.000474947	0.291142	0.0546189	0	0	0.0463073	0.623367	0.93137	1	0.44265	0.158632	0.00261221	0	0	0	0	0	0	0	0	0	0	0	0	0	0	0	0	0	0
13500	0	0	0	0	0	0	0	0	0	0	0	0	0	0	0	0	0	0	0	0	0.113338	0.200689	0.39449	0.000626174	0	0.0691922	0.381966	0.759236	1	0.557921	0.477145	0.220413	0.0025047	0	0	0	0	0	0	0	0	0	0	0	0	0	0	0	0	0
14000	0	0	0	0	0	0	0	0	0	0	0	0	0	0	0	0	0	0	0	0	0.00453466	0.0386526	0.229108	0.00151155	0.000215936	0.0656446	0.211185	0.491902	1	0.485208	0.274887	0.0265601	0.00194342	0.00107968	0.00950119	0.0023753	0	0	0	0	0	0	0	0	0	0	0	0	0	0
14500	0	0	0	0	0	0	0	0	0	0	0	0	0	0	0	0	0	0	0	0	0	0	0.000289939	0.076254	0.62076	0.0275442	0.057118	0.407654	0.701073	1	0.797043	0.128733	0.000289939	0	0	0	0	0	0	0	0	0	0	0	0	0	0	0	0	0
15000	0	0	0	0	0	0	0	0	0	0	0	0	0	0	0	0	0	0	0	0	0	0	0	0.00295967	0.401406	0	0.0558639	0.155013	0.671846	0.928598	1	0.685905	0.598964	0.244543	0.0614132	0.000369959	0	0	0	0	0	0	0	0	0	0	0	0	0	0
15500	0	0	0	0	0	0	0	0	0	0	0	0	0	0	0	0	0	0	0	0	0.0195349	0.446512	0.00620155	0.203721	0.000620155	0	0	0.00155039	0.311008	0.247132	1	0.597829	0.786047	0.449302	0.00248062	0	0	0	0	0	0	0	0	0	0	0	0	0	0	0
16000	0	0	0	0	0	0	0	0	0	0	0	0	0	0	0	0	0	0	0	0	0.000401123	0.103891	0.1071	0.141596	0.320497	0.00160449	0	0	0.0340955	0.717208	1	0.659045	0.730445	0.554352	0.695548	0.427196	0.109908	0	0	0	0	0	0	0	0	0	0	0	0	0
16500	0	0	0	0	0	0	0	0	0	0	0	0	0	0	0	0	0	0	0	0	0	0	0.00760572	0.0112565	0.65896	0.0109522	0	0.00182537	0.0136903	0.151506	0.119258	0.109522	0.414968	0.681777	0.74171	1	0.307575	0.0937025	0.127168	0.00121692	0	0	0	0	0	0	0	0	0	0
17000	0	0	0	0	0	0	0	0	0	0	0	0	0	0	0	0	0	0	0	0	0	0	0.00608519	0.0742394	0.245639	0.0300203	0.00020284	0	0	0	0	0.00020284	0.0263692	0.153955	0.323529	1	0.567951	0.252333	0.0677485	0.0450304	0.00933063	0	0	0	0	0	0	0	0	0
17500	0	0	0	0	0	0	0	0	0	0	0	0	0	0	0	0	0	0	0	0	0.0248254	0.186449	0.243082	0.0811999	0.000258598	0	0	0	0	0	0	0	0.000258598	0.0395656	0.0866305	0.269718	0.628653	1	0.703388	0.115335	0.000258598	0	0	0	0	0	0	0	0	0
18000	0	0	0	0	0	0	0	0	0	0	0	0	0	0	0	0	0	0	0.00188822	0.389728	0.369713	0.0906344	0	0	0	0	0	0	0	0	0	0	0	0	0.00793051	0.227719	0.31571	0.765861	0.246224	0.758308	1	0.750755	0.208837	0	0	0	0	0	0	0
18500	0	0	0	0	0	0	0	0	0	0	0	0	0	0	0	0	0	0	0	0	0	0.000283046	0.0268893	0.729125	0.00141523	0	0	0	0	0	0	0	0	0	0	0	0	0.0792528	0.605151	1	0.141523	0.444098	0.750071	0.292386	0.0778375	0.0970846	0	0	0	0
19000	0	0	0	0	0	0	0	0	0	0	0	0	0	0	0	0	0	0	0	0	0	0.0630279	0.238467	0.239766	0.000324886	0	0	0	0	0	0	0	0	0	0	0	0	0.000324886	0.0938921	0.148148	0.589994	1	0.736517	0.81449	0.167641	0.000649773	0	0	0	0
19500	0	0	0	0	0	0	0	0	0	0	0	0	0	0	0	0	0	0	0	0	0	0	0.000899685	0.702654	0.239316	0	0	0	0	0	0	0	0	0	0	0	0	0	0.00989654	0.0476833	0.707602	1	0.939721	0.549708	0.702204	0.645974	0.126856	0.0269906	0	0
20000	0	0	0	0	0	0	0	0	0	0	0	0	0	0	0	0	0	0	0	0	0	0	0	0	0.0919679	0.556225	0.00200803	0	0	0	0	0	0	0	0	0	0	0	0	0	0.118474	0.809639	0.766667	0.595181	0.391566	0.235341	1	0.540964	0.0176707	0.16506
20500	0	0	0	0	0	0	0	0	0	0	0	0	0	0	0	0	0	0	0	0	0	0	0.000252653	0.011622	0.727893	0.0593734	0	0	0	0	0	0	0	0	0	0	0	0	0	0.00505306	0.000757959	0.0884285	0.151592	0.036382	0.113694	0.702628	0.9333	1	0.267559	0.128095
21000	0	0	0	0	0	0	0	0	0	0	0	0	0	0	0	0	0	0	0	0	0	0	0	0	0.188711	0.198278	0.0464004	0	0	0	0	0	0	0	0	0	0	0	0	0	0	0	0	0	0.0181775	0.115523	0.127481	1	0.618751	0.79646
21500	0	0	0	0	0	0	0	0	0	0	0	0	0	0	0	0	0	0	0	0	0	0	0	0	0.0242915	0.275304	0.175776	0.0357625	0	0	0	0	0	0	0	0	0	0	0	0	0	0	0	0	0	0.00337382	0.0840081	0.364035	0.518556	1
22000	0	0	0	0	0	0	0	0	0	0	0	0	0	0	0	0	0	0	0	0	0	0	0	0	0	0	0	0	0	0	0	0	0	0	0	0	0	0	0	0	0	0	0	0	0	0	0.000652742	0.0902959	0.424935	1
22500	0	0	0	0	0	0	0	0	0	0	0	0	0	0	0	0	0	0	0	0	0	0	0	0	0	0	0	0	0	0	0	0	0	0	0	0	0	0	0	0	0	0	0	0	0	0	0.0157415	0.173433	0.297432	1
23000	0	0	0	0	0	0	0	0	0	0	0	0	0	0	0	0	0	0	0	0	0	0	0	0	0	0	0	0	0	0	0	0	0	0	0	0	0	0	0	0	0	0	0	0	0	0	0.00277521	0.24761	1	0.980574
23500	0	0	0	0	0	0	0	0	0	0	0	0	0	0	0	0	0	0	0	0	0	0	0	0	0	0	0	0	0	0	0	0	0	0	0	0	0	0	0	0	0	0	0	0	0	0	0.0163893	0.121029	0.249874	1
24000	0	0	0	0	0	0	0	0	0	0	0	0	0	0	0	0	0	0	0	0	0	0	0	0	0	0	0	0	0	0	0	0	0	0	0	0	0	0	0	0	0	0	0	0	0	0	0.0405684	0.0020628	0.313087	1
24500	0	0	0	0	0	0	0	0	0	0	0	0	0	0	0	0	0	0	0	0	0	0	0	0	0	0	0	0	0	0	0	0	0	0	0	0	0	0	0	0	0	0	0	0	0	0	0.00742909	0.177848	0.402521	1
25000	0	0	0	0	0	0	0	0	0	0	0	0	0	0	0	0	0	0	0	0	0	0	0	0	0	0	0	0	0	0	0	0	0	0	0	0	0	0	0	0	0	0	0	0	0	0	0.0562436	0.985552	0.998968	1
25500	0	0	0	0	0	0	0	0	0	0	0	0	0	0	0	0	0	0	0	0	0	0	0	0	0	0	0	0	0	0	0	0	0	0	0	0	0	0	0	0	0	0	0	0	0.00266312	0.312472	0.958278	1	0.667998	0.586773
26000	0	0	0	0	0	0	0	0	0	0	0	0	0	0	0	0	0	0	0	0	0	0	0	0	0	0	0	0	0	0	0	0	0	0	0	0	0	0	0	0	0	0	0	0	0.00596303	0.123137	0.439177	0.564699	1	0.553071
26500	0	0	0	0	0	0	0	0	0	0	0	0	0	0	0	0	0	0	0	0	0	0	0	0	0	0	0	0	0	0	0	0	0	0	0	0	0	0	0	0	0	0	0	0	0	0.0508326	0.872042	0.826468	1	0.956617
27000	0	0	0	0	0	0	0	0	0	0	0	0	0	0	0	0	0	0	0	0	0	0	0	0	0	0	0	0	0	0	0	0	0	0	0	0	0	0	0	0	0	0	0	0	0	0.093826	0.703452	0.425377	0.579485	1
27500	0	0	0	0	0	0	0	0	0	0	0	0	0	0	0	0	0	0	0	0	0	0	0	0	0	0	0	0	0	0	0	0	0	0	0	0	0	0	0	0	0	0	0	0	0.0215197	0.0637974	0.0679871	0.0182822	0.156732	1
28000	0	0	0	0	0	0	0	0	0	0	0	0	0	0	0	0	0	0	0	0	0	0	0	0	0	0	0	0	0	0	0	0	0	0	0	0	0	0	0	0	0	0	0	0	0	0	0.0199436	0.14806	1	0.908736
28500	0	0	0	0	0	0	0	0	0	0	0	0	0	0	0	0	0	0	0	0	0	0	0	0	0	0	0	0	0	0	0	0	0	0	0	0	0	0	0	0	0	0	0	0.0195412	0.208156	0.0174172	0.313084	0.316907	0.832625	1
29000	0	0	0	0	0	0	0	0	0	0	0	0	0	0	0	0	0	0	0	0	0	0	0	0	0	0	0	0	0	0	0	0	0	0	0	0	0	0	0	0	0	0	0	0	0	0	0	0.00969697	0.506364	1
29500	0	0	0	0	0	0	0	0	0	0	0	0	0	0	0	0	0	0	0	0	0	0	0	0	0	0	0	0	0	0	0	0	0	0	0	0	0	0	0	0	0	0	0	0	0	0	0	0.00273224	0.215164	1
30000	0	0	0	0	0	0	0	0	0	0	0	0	0	0	0	0	0	0	0	0	0	0	0	0	0	0	0	0	0	0	0	0	0	0	0	0	0	0	0	0	0	0	0	0	0	0	0	0.0913693	0.351303	1
30500	0	0	0	0	0	0	0	0	0	0	0	0	0	0	0	0	0	0	0	0	0	0	0	0	0	0	0	0	0	0	0	0	0	0	0	0	0	0	0	0	0	0	0	0	0	0	0.0300429	0.282725	0.0810086	1
31000	0	0	0	0	0	0	0	0	0	0	0	0	0	0	0	0	0	0	0	0	0	0	0	0	0	0	0	0	0	0	0	0	0	0	0	0	0	0	0	0	0	0	0	0	0	0	0.0187944	0.194362	0.301169	1
31500	0	0	0	0	0	0	0	0	0	0	0	0	0	0	0	0	0	0	0	0	0	0	0	0	0	0	0	0	0	0	0	0	0	0	0	0	0	0	0	0	0	0	0	0	0	0.00328716	0.0638648	0.118338	0.394694	1
32000	0	0	0	0	0	0	0	0	0	0	0	0	0	0	0	0	0	0	0	0	0	0	0	0	0	0	0	0	0	0	0	0	0	0	0	0	0	0	0	0	0	0	0	0	0	0.00182548	0.0912742	0.450529	1	0.877693
32500	0	0	0	0	0	0	0	0	0	0	0	0	0	0	0	0	0	0	0	0	0	0	0	0	0	0	0	0	0	0	0	0	0	0	0	0	0	0	0	0	0	0	0	0	0	0	0.0094392	0.47196	1	0.93226
33000	0	0	0	0	0	0	0	0	0	0	0	0	0	0	0	0	0	0	0	0	0	0	0	0	0	0	0	0	0	0	0	0	0	0	0	0	0	0	0	0	0	0	0	0	0	0.000631579	0.0267368	0.0362105	0.446526	1
33500	0	0	0	0	0	0	0	0	0	0	0	0	0	0	0	0	0	0	0	0	0	0	0	0	0	0	0	0	0	0	0	0	0	0	0	0	0	0	0	0	0	0	0	0	0	0	0.0434436	0.227581	0.521722	1
34000	0	0	0	0	0	0	0	0	0	0	0	0	0	0	0	0	0	0	0	0	0	0	0	0	0	0	0	0	0	0	0	0	0	0	0	0	0	0	0	0	0	0	0	0	0	0	0.0850354	0.0229262	0.459775	1
34500	0	0	0	0	0	0	0	0	0	0	0	0	0	0	0	0	0	0	0	0	0	0	0	0	0	0	0	0	0	0	0	0	0	0	0	0	0	0	0	0	0	0	0	0	0	0	0.0054205	0.0338371	0.233574	1
35000	0	0	0	0	0	0	0	0	0	0	0	0	0	0	0	0	0	0	0	0	0	0	0	0	0	0	0	0	0	0	0	0	0	0	0	0	0	0	0	0	0	0	0	0	0	0	0.0157876	0.194474	0.649444	1
35500	0	0	0	0	0	0	0	0	0	0	0	0	0	0	0	0	0	0	0	0	0	0	0	0	0	0	0	0	0	0	0	0	0	0	0	0	0	0	0	0	0	0	0	0	0	0.0307335	0.210206	0.269643	0.631197	1
36000	0	0	0	0	0	0	0	0	0	0	0	0	0	0	0	0	0	0	0	0	0	0	0	0	0	0	0	0	0	0	0	0	0	0	0	0	0	0	0	0	0	0	0	0	0	0	0	0.0204392	0.338334	1
36500	0	0	0	0	0	0	0	0	0	0	0	0	0	0	0	0	0	0	0	0	0	0	0	0	0	0	0	0	0	0	0	0	0	0	0	0	0	0	0	0	0	0	0	0	0	0	0.000391236	0.0242567	0.347418	1
37000	0	0	0	0	0	0	0	0	0	0	0	0	0	0	0	0	0	0	0	0	0	0	0	0	0	0	0	0	0	0	0	0	0	0	0	0	0	0	0	0	0	0	0	0	0	0.0030303	0.151515	0.349091	0.884848	1
37500	0	0	0	0	0	0	0	0	0	0	0	0	0	0	0	0	0	0	0	0	0	0	0	0	0	0	0	0	0	0	0	0	0	0	0	0	0	0	0	0	0	0	0	0	0	0	0	0.0467836	0.550195	1
38000	0	0	0	0	0	0	0	0	0	0	0	0	0	0	0	0	0	0	0	0	0	0	0	0	0	0	0	0	0	0	0	0	0	0	0	0	0	0	0	0	0	0	0	0	0	0	0.0375309	0.0103704	0.766914	1
38500	0	0	0	0	0	0	0	0	0	0	0	0	0	0	0	0	0	0	0	0	0	0	0	0	0	0	0	0	0	0	0	0	0	0	0	0	0	0	0	0	0	0	0	0	0	0	0.00337423	0.18865	1	0.628528
39000	0	0	0	0	0	0	0	0	0	0	0	0	0	0	0	0	0	0	0	0	0	0	0	0	0	0	0	0	0	0	0	0	0	0	0	0	0	0	0	0	0	0	0	0	0	0.000516796	0.271318	0.725065	1	0.931266
39500	0	0	0	0	0	0	0	0	0	0	0	0	0	0	0	0	0	0	0	0	0	0	0	0	0	0	0	0	0	0	0	0	0	0	0	0	0	0	0	0	0	0	0	0	0	0	0	0.0227273	0.212542	1
40000	0	0	0	0	0	0	0	0	0	0	0	0	0	0	0	0	0	0	0	0	0	0	0	0	0	0	0	0	0	0	0	0	0	0	0	0	0	0	0	0	0	0	0	0	0.0219986	0.000468055	0.0369764	0.0271472	0.196817	1
40500	0	0	0	0	0	0	0	0	0	0	0	0	0	0	0	0	0	0	0	0	0	0	0	0	0	0	0	0	0	0	0	0	0	0	0	0	0	0	0	0	0	0	0	0	0	0.00277918	0.0656897	0.0679636	0.196817	1
41000	0	0	0	0	0	0	0	0	0	0	0	0	0	0	0	0	0	0	0	0	0	0	0	0	0	0	0	0	0	0	0	0	0	0	0	0	0	0	0	0	0	0	0	0	0	0	0	0.0319915	0.391737	1
41500	0	0	0	0	0	0	0	0	0	0	0	0	0	0	0	0	0	0	0	0	0	0	0	0	0	0	0	0	0	0	0	0	0	0	0	0	0	0	0	0	0	0	0	0	0.0140562	0.177711	0.547691	0.943273	0.817771	1
42000	0	0	0	0	0	0	0	0	0	0	0	0	0	0	0	0	0	0	0	0	0	0	0	0	0	0	0	0	0	0	0	0	0	0	0	0	0	0	0	0	0	0	0	0	0.017528	0.194923	0.266244	0.771532	1	0.502569
42500	0	0	0	0	0	0	0	0	0	0	0	0	0	0	0	0	0	0	0	0	0	0	0	0	0	0	0	0	0	0	0	0	0	0	0	0	0	0	0	0	0	0	0	0	0	0.00117952	0.0566171	0.457419	0.80703	1
43000	0	0	0	0	0	0	0	0	0	0	0	0	0	0	0	0	0	0	0	0	0	0	0	0	0	0	0	0	0	0	0	0	0	0	0	0	0	0	0	0	0	0	0	0	0	0	0.00790843	0.227055	0.401665	1
43500	0	0	0	0	0	0	0	0	0	0	0	0	0	0	0	0	0	0	0	0	0	0	0	0	0	0	0	0	0	0	0	0	0	0	0	0	0	0	0	0	0	0	0	0	0.00284495	0.282598	0.552394	0.0896159	0.199621	1
44000	0	0	0	0	0	0	0	0	0	0	0	0	0	0	0	0	0	0	0	0	0	0	0	0	0	0	0	0	0	0	0	0	0	0	0	0	0	0	0	0	0	0	0	0	0	0	0.0375128	0.210175	0.391059	1
44500	0	0	0	0	0	0	0	0	0	0	0	0	0	0	0	0	0	0	0	0	0	0	0	0	0	0	0	0	0	0	0	0	0	0	0	0	0	0	0	0	0	0	0	0	0	0	0.00418235	0.624843	0.594312	1
45000	0	0	0	0	0	0	0	0	0	0	0	0	0	0	0	0	0	0	0	0	0	0	0	0	0	0	0	0	0	0	0	0	0	0	0	0	0	0	0	0	0	0	0	0	0	0	0.020516	0.0152316	0.496425	1
45500	0	0	0	0	0	0	0	0	0	0	0	0	0	0	0	0	0	0	0	0	0	0	0	0	0	0	0	0	0	0	0	0	0	0	0	0	0	0	0	0	0	0	0	0	0	0	0.0184638	0.70901	0.481536	1
46000	0	0	0	0	0	0	0	0	0	0	0	0	0	0	0	0	0	0	0	0	0	0	0	0	0	0	0	0	0	0	0	0	0	0	0	0	0	0	0	0	0	0	0	0	0	0	0	0	0.228939	1
46500	0	0	0	0	0	0	0	0	0	0	0	0	0	0	0	0	0	0	0	0	0	0	0	0	0	0	0	0	0	0	0	0	0	0	0	0	0	0	0	0	0	0	0	0	0	0	0.0023678	0.0736648	0.0418311	1
47000	0	0	0	0	0	0	0	0	0	0	0	0	0	0	0	0	0	0	0	0	0	0	0	0	0	0	0	0	0	0	0	0	0	0	0	0	0	0	0	0	0	0	0	0	0	0.0318857	0.0934579	0.0601979	0.373007	1
47500	0	0	0	0	0	0	0	0	0	0	0	0	0	0	0	0	0	0	0	0	0	0	0	0	0	0	0	0	0	0	0	0	0	0	0	0	0	0	0	0	0	0	0	0	0	0.0927435	0.311991	0.322468	0.740008	1
48000	0	0	0	0	0	0	0	0	0	0	0	0	0	0	0	0	0	0	0	0	0	0	0	0	0	0	0	0	0	0	0	0	0	0	0	0	0	0	0	0	0	0	0	0	0.000397614	0.122068	0.0755467	0.334394	0.60994	1
48500	0	0	0	0	0	0	0	0	0	0	0	0	0	0	0	0	0	0	0	0	0	0	0	0	0	0	0	0	0	0	0	0	0	0	0	0	0	0	0	0	0	0	0	0	0	0.00370737	0	0.0823035	0.446861	1
49000	0	0	0	0	0	0	0	0	0	0	0	0	0	0	0	0	0	0	0	0	0	0	0	0	0	0	0	0	0	0	0	0	0	0	0	0	0	0	0	0	0	0	0	0	0	0	0	0.0441786	0.11827	1
49500	0	0	0	0	0	0	0	0	0	0	0	0	0	0	0	0	0	0	0	0	0	0	0	0	0	0	0	0	0	0	0	0	0	0	0	0	0	0	0	0	0	0	0	0	0	0	0.00092081	0.136894	0.650399	1
50000	0	0	0	0	0	0	0	0	0	0	0	0	0	0	0	0	0	0	0	0	0	0	0	0	0	0	0	0	0	0	0	0	0	0	0	0	0	0	0	0	0	0	0	0	0	0	0	0.282026	0.352532	1
