	0.02	0.04	0.06	0.08	0.1	0.12	0.14	0.16	0.18	0.2	0.22	0.24	0.26	0.28	0.3	0.32	0.34	0.36	0.38	0.4	0.42	0.44	0.46	0.48	0.5	0.52	0.54	0.56	0.58	0.6	0.62	0.64	0.66	0.68	0.7	0.72	0.74	0.76	0.78	0.8	0.82	0.84	0.86	0.88	0.9	0.92	0.94	0.96	0.98	1
500	0	0	0	0	0	0	0	0	0	0	0	0	0	0	0	0	0	0	0	0	0	0	0	0	0	1	0	0	0	0	0	0	0	0	0	0	0	0	0	0	0	0	0	0	0	0	0	0	0	0
1000	0	0	0	0	0	0	0	0	0	0	0	0	0	0	0	0	0	0	0	0	0	0.0155409	0.103606	0.587169	1	0.846782	0.693166	0.21319	0.0842797	0.000199243	0	0	0	0	0	0	0	0	0	0	0	0	0	0	0	0	0	0	0	0
1500	0	0	0	0	0	0	0	0	0	0	0	0	0	0	0	0	0	0	0	0.0290456	0.478455	0.952761	0.876476	1	0.880945	0.766358	0.405043	0.357485	0.0111714	0	0	0	0	0	0	0	0	0	0	0	0	0	0	0	0	0	0	0	0	0
2000	0	0	0	0	0	0	0	0	0	0	0	0	0	0	0	0	0.00529848	0.00794772	0.183681	0.655422	1	0.444189	0.127164	0.140763	0.135818	0.140586	0.171494	0.179089	0	0	0	0	0	0	0	0	0	0	0	0	0	0	0	0	0	0	0	0	0	0
2500	0	0	0	0	0	0	0	0	0	0	0	0	0	0	0	0.00450064	0.033862	0.259751	0.511359	1	0.946421	0.739606	0.205315	0.0660094	0.15988	0.0957994	0.00192885	0.000214316	0.0242177	0	0	0	0	0	0	0	0	0	0	0	0	0	0	0	0	0	0	0	0	0
3000	0	0	0	0	0	0	0	0	0	0	0	0	0	0.0106939	0.0527567	0.48693	0.289211	0.402804	0.84173	1	0.855276	0.610266	0.14211	0.0389734	0.00736692	0	0	0	0	0	0	0	0	0	0	0	0	0	0	0	0	0	0	0	0	0	0	0	0	0
3500	0	0	0	0	0	0	0	0	0	0	0	0	0.00712048	0.0219311	0.325263	0.856736	0.834805	0.84278	0.477072	0.928226	1	0.547422	0.0618058	0.0370265	0	0	0	0	0	0	0	0	0	0	0	0	0	0	0	0	0	0	0	0	0	0	0	0	0	0
4000	0	0	0	0	0	0	0	0	0	0	0.122455	0.255725	0.673028	1	0.73187	0.458015	0.612277	0.307252	0.417303	0.340967	0.266539	0.292621	0.0149491	0.00159033	0	0	0	0	0	0	0	0	0	0	0	0	0	0	0	0	0	0	0	0	0	0	0	0	0	0
4500	0	0	0	0	0	0	0	0	0	0.0710435	1	0.77006	0.800507	0.875674	0.664764	0.322233	0.50555	0.451633	0.824294	0.632414	0.0767523	0.0656518	0.180463	0.00729464	0.0111005	0	0	0	0	0	0	0	0	0	0	0	0	0	0	0	0	0	0	0	0	0	0	0	0	0
5000	0	0	0	0	0	0	0	0.000638366	0.161507	0.597191	0.391637	0.326524	0.192467	0.639323	0.380147	0.488031	0.781041	1	0.693904	0.316949	0.403766	0.171082	0.0102139	0	0	0	0	0	0	0	0	0	0	0	0	0	0	0	0	0	0	0	0	0	0	0	0	0	0	0
5500	0	0	0	0	0	0	0	0	0.00523865	0.114814	0.215367	0.00858556	0.0523865	0.0717404	0.402648	1	0.420547	0.251746	0.283615	0.204744	0.0500582	0.0355064	0.000145518	0	0	0	0	0	0	0	0	0	0	0	0	0	0	0	0	0	0	0	0	0	0	0	0	0	0	0
6000	0	0	0	0	0	0	0.000267523	0.0486891	0.246121	0.509096	0.250401	0.400214	0.232477	0.337346	0.115837	0.253077	0.223649	0.373194	1	0.459604	0.229267	0.0262172	0	0	0	0	0	0	0	0	0	0	0	0	0	0	0	0	0	0	0	0	0	0	0	0	0	0	0	0
6500	0	0	0	0	0	0	0.000276014	0.130003	0.00414022	0.170577	0.231576	0.403809	0.459288	0.358819	0.249517	0.488269	0.354126	1	0.987855	0.50069	0.0516147	0.000276014	0	0	0	0	0	0	0	0	0	0	0	0	0	0	0	0	0	0	0	0	0	0	0	0	0	0	0	0
7000	0	0	0	0	0	0	0	0	0	0.0232024	0.292963	0.673381	1	0.54717	0.280214	0.335033	0.237889	0.964559	0.503825	0.0660377	0.0530342	0.018613	0	0	0	0	0	0	0	0	0	0	0	0	0	0	0	0	0	0	0	0	0	0	0	0	0	0	0	0
7500	0	0	0	0	0	0	0	0	0	0.000564334	0.163375	0.647291	1	0.354966	0.422968	0.714447	0.551072	0.833804	0.589165	0.564334	0.128104	0	0	0	0	0	0	0	0	0	0	0	0	0	0	0	0	0	0	0	0	0	0	0	0	0	0	0	0	0
8000	0	0	0	0	0	0	0	0	0.000248756	0.270647	0.831592	0.431841	0.511194	0.263433	0.300249	0.154726	0.559204	0.938308	1	0.50796	0.0651741	0.00522388	0	0	0	0	0	0	0	0	0	0	0	0	0	0	0	0	0	0	0	0	0	0	0	0	0	0	0	0
8500	0	0	0	0	0	0	0	0	0	0	0	0	0.00039116	0.073538	0.237434	0.280853	0.333464	0.500489	0.963035	1	0.312537	0.0643458	0.00019558	0	0	0	0	0	0	0	0	0	0	0	0	0	0	0	0	0	0	0	0	0	0	0	0	0	0	0
9000	0	0	0	0	0	0	0	0	0	0	0	0.000328731	0.0915516	0.243261	1	0.370151	0.216141	0.178501	0.449375	0.448554	0.286325	0.140368	0.00230112	0	0	0	0	0	0	0	0	0	0	0	0	0	0	0	0	0	0	0	0	0	0	0	0	0	0	0
9500	0	0	0	0	0	0	0	0	0	0	0.000204165	0.084116	0.445488	0.304002	0.255206	0.478767	1	0.201919	0.305839	0.288893	0.327072	0.126786	0.0698244	0.0522662	0.00387913	0	0	0	0	0	0	0	0	0	0	0	0	0	0	0	0	0	0	0	0	0	0	0	0	0
10000	0	0	0	0	0	0	0	0	0	0	0	0.0297694	0.111111	0.453249	1	0.748428	0.80587	0.795388	0.92956	0.948847	0.352621	0.730818	0.596646	0.368134	0.256184	0.0301887	0	0	0	0	0	0	0	0	0	0	0	0	0	0	0	0	0	0	0	0	0	0	0	0
10500	0	0	0	0	0	0	0	0	0	0	0.0214077	0.0999027	0.766137	0.355498	0.539085	0.738242	0.323711	0.0613039	0.000324359	0.0726565	0.341226	0.502757	0.584496	1	0.282193	0.51411	0.105741	0.0132987	0	0	0	0	0	0	0	0	0	0	0	0	0	0	0	0	0	0	0	0	0	0
11000	0	0	0	0	0	0	0	0	0.00281373	0.115082	0.199494	0.373663	0.712155	1	0.416995	0.514069	0.0042206	0	0	0.000562746	0.209904	0.582442	0.518571	0.782217	0.245639	0.219471	0.0073157	0	0	0	0	0	0	0	0	0	0	0	0	0	0	0	0	0	0	0	0	0	0	0
11500	0	0	0	0	0	0	0	0	0	0	0.000238607	0.064901	0.475781	0.438797	0.37151	0.303269	0.154856	0.0553567	0.0147936	0	0.000954426	0.079456	0.295872	1	0.505846	0.353853	0.398473	0.131711	0.00405631	0	0	0	0	0	0	0	0	0	0	0	0	0	0	0	0	0	0	0	0	0
12000	0	0	0	0	0	0	0	0	0	0	0.0338281	0.253711	0.510528	1	0.742837	0.174663	0.111149	0.000345185	0	0	0	0	0.0514325	0.0113911	0.577494	0.599241	0.821194	0.503624	0.553331	0.132896	0	0	0	0	0	0	0	0	0	0	0	0	0	0	0	0	0	0	0	0
12500	0	0	0	0	0	0	0	0	0.0207459	0.291841	0.149883	0.684382	0.296737	0.0312354	0.109557	0.000932401	0	0	0	0	0	0	0.0039627	0.0592075	0.213287	0.374359	1	0.130303	0.0920746	0.370396	0.55338	0.175524	0.0018648	0	0	0	0	0	0	0	0	0	0	0	0	0	0	0	0	0
13000	0	0	0	0	0	0.00323276	0.0207435	0.147091	0.641164	0.360453	0.136584	0.0770474	0.0237069	0.000269397	0	0	0	0	0	0	0	0	0	0	0	0.00484914	0.199892	0.595636	0.330819	0.429688	0.648168	1	0.324623	0.0363685	0.00080819	0	0	0	0	0	0	0	0	0	0	0	0	0	0	0
13500	0	0	0.0124024	0.0406523	0.125861	0.146991	0.0151585	0.129306	0.0404226	0.0714286	0.116904	0.000918695	0	0	0	0	0	0	0	0	0	0	0	0	0	0	0.000229674	0.021819	0.213826	0.327974	1	0.90836	0.533992	0.454525	0.156867	0.247129	0.00872761	0	0	0	0	0	0	0	0	0	0	0	0	0
14000	0	0	0	0.0017387	0.292846	0.417784	0.0956284	0.00943865	0	0	0	0	0	0	0	0	0	0	0	0	0	0	0	0	0	0	0	0	0	0.0625931	0.150273	0.45852	0.665673	0.713115	0.769498	1	0.928465	0.146299	0.000496771	0	0	0	0	0	0	0	0	0	0	0
14500	0	0	0	0.127498	0.212496	0.126546	0.348874	0.0729464	0.0107834	0	0	0	0	0	0	0	0	0	0	0	0	0	0	0	0	0	0	0	0	0.0456708	0.0215668	0	0.0599429	0.209959	0.770377	0.662861	0.819854	0.611164	0.621947	1	0.482081	0.0570885	0	0	0	0	0	0	0	0
15000	0	0.00193299	0.0285653	0.185997	0.212844	0.0249141	0	0	0	0	0	0	0	0	0	0	0	0	0	0	0	0	0	0	0	0	0	0	0	0	0	0.0311426	0.000214777	0.0262027	0.146478	0.230241	0.559064	0.340851	0.185567	0.537156	1	0.557775	0.166022	0.00558419	0.000214777	0	0	0	0	0
15500	0	0	0.0561548	0.0507614	0.66434	0.0447335	0.00380711	0	0	0	0	0	0	0	0	0	0	0	0	0	0	0	0	0	0	0	0	0	0	0	0	0.0101523	0.0783629	0.0939086	0.548858	0.199556	0.680203	0.701777	1	0.507614	0.905457	0.875317	0.197335	0.00158629	0	0	0	0	0	0
16000	0	0.000350201	0.0493784	0.154439	0.0819471	0.0884258	0	0	0	0	0	0	0	0	0	0	0	0	0	0	0	0	0	0	0	0	0	0	0	0	0	0	0	0	0.0199615	0.0292418	0.113991	0.0462266	0.182105	0.602171	1	0.872177	0.457713	0.0534057	0.00752933	0.0457013	0.00910524	0	0.00315181	0
16500	0.028236	0.574239	0.000634518	0	0	0	0	0	0	0	0	0	0	0	0	0	0	0	0	0	0	0	0	0	0	0	0	0	0	0	0	0	0	0	0	0	0	0.0320431	0.23731	0.602157	0.647525	0.421637	0.747462	1	0.942893	0.334074	0.353426	0.0123731	0	0
17000	0.0668589	0.491348	0.00865233	0	0	0	0	0	0	0	0	0	0	0	0	0	0	0	0	0	0	0	0	0	0	0	0	0	0	0	0	0	0	0	0	0	0.0857368	0.160986	0.10645	0.135291	0.122706	0.120084	0.431306	0.918196	1	0.957001	0.495281	0.255375	0.163608	0
17500	0.0149898	0.43107	0.0429253	0	0	0	0	0	0	0	0	0	0	0	0	0	0	0	0	0	0	0	0	0	0	0	0	0	0	0	0	0	0	0	0	0	0.00340677	0.0572337	0.00704065	0.220077	0.244152	0.00136271	0.000227118	0.114695	0.692482	0.453782	0.292074	1	0.785146	0.753804
18000	0.000803859	0.301179	0.0490354	0	0	0	0	0	0	0	0	0	0	0	0	0	0	0	0	0	0	0	0	0	0	0	0	0	0	0	0	0	0	0	0	0	0	0	0	0	0	0	0	0	0.00267953	0.0278671	0.651661	0.57985	0.717846	1
18500	0.0813242	0.230856	0.0362274	0	0	0	0	0	0	0	0	0	0	0	0	0	0	0	0	0	0	0	0	0	0	0	0	0	0	0	0	0	0	0	0	0	0	0	0	0	0	0	0	0	0	0	0	0.0573392	0.282448	1
19000	0.0904311	0.133018	0.00613389	0	0	0	0	0	0	0	0	0	0	0	0	0	0	0	0	0	0	0	0	0	0	0	0	0	0	0	0	0	0	0	0	0	0	0	0	0	0	0	0	0	0	0	0.00280407	0.135997	0.297581	1
19500	0.331341	0.0768574	0	0	0	0	0	0	0	0	0	0	0	0	0	0	0	0	0	0	0	0	0	0	0	0	0	0	0	0	0	0	0	0	0	0	0	0	0	0	0	0	0	0	0	0	0.0123826	0.196413	0.673356	1
20000	0.113412	0.144925	0.00183217	0	0	0	0	0	0	0	0	0	0	0	0	0	0	0	0	0	0	0	0	0	0	0	0	0	0	0	0	0	0	0	0	0	0	0	0	0	0	0	0	0	0	0	0	0.00329791	0.265299	1
20500	0.069528	0.164044	0.00254512	0	0	0	0	0	0	0	0	0	0	0	0	0	0	0	0	0	0	0	0	0	0	0	0	0	0	0	0	0	0	0	0	0	0	0	0	0	0	0	0	0	0	0.00138825	0.101458	0.143799	0.343707	1
21000	0.191218	0.180826	0.0605352	0	0	0	0	0	0	0	0	0	0	0	0	0	0	0	0	0	0	0	0	0	0	0	0	0	0	0	0	0	0	0	0	0	0	0	0	0	0	0	0	0	0	0.0181865	0.0431281	0.238244	1	0.852689
21500	0.385184	0.179568	0.0121929	0	0	0	0	0	0	0	0	0	0	0	0	0	0	0	0	0	0	0	0	0	0	0	0	0	0	0	0	0	0	0	0	0	0	0	0	0	0	0	0	0	0	0.0314059	0.149086	0.432477	0.499538	1
22000	0.0885062	0.468963	0.162996	0.00280336	0	0	0	0	0	0	0	0	0	0	0	0	0	0	0	0	0	0	0	0	0	0	0	0	0	0	0	0	0	0	0	0	0	0	0	0	0	0	0	0	0	0	0.000400481	0.101722	0.544654	1
22500	0.162801	0.964984	0.0204638	0	0	0	0	0	0	0	0	0	0	0	0	0	0	0	0	0	0	0	0	0	0	0	0	0	0	0	0	0	0	0	0	0	0	0	0	0	0	0	0	0	0	0	0	0.00909504	0.36744	1
23000	0.000281057	0.164418	0.482574	0.014896	0.000281057	0	0	0	0	0	0	0	0	0	0	0	0	0	0	0	0	0	0	0	0	0	0	0	0	0	0	0	0	0	0	0	0	0	0	0	0	0	0	0	0	0	0.0216414	0.220349	1	0.673412
23500	0.0934387	0.411199	0.0501546	0.000343525	0	0	0	0	0	0	0	0	0	0	0	0	0	0	0	0	0	0	0	0	0	0	0	0	0	0	0	0	0	0	0	0	0	0	0	0	0	0	0	0	0	0.0577121	0.128478	0.251116	0.252147	1
24000	0.139073	0.113208	0.00324878	0	0	0	0	0	0	0	0	0	0	0	0	0	0	0	0	0	0	0	0	0	0	0	0	0	0	0	0	0	0	0	0	0	0	0	0	0	0	0	0	0	0	0	0	0.0039985	0.143946	1
24500	0	0.304083	0.0582103	0	0	0	0	0	0	0	0	0	0	0	0	0	0	0	0	0	0	0	0	0	0	0	0	0	0	0	0	0	0	0	0	0	0	0	0	0	0	0	0	0	0	0	0.000217202	0.0996959	0.426586	1
25000	0.450758	0.046252	0.00318979	0	0	0	0	0	0	0	0	0	0	0	0	0	0	0	0	0	0	0	0	0	0	0	0	0	0	0	0	0	0	0	0	0	0	0	0	0	0	0	0	0	0	0	0.000598086	0.00458533	0.223485	1
25500	0.0333067	0.598455	0.000266454	0	0	0	0	0	0	0	0	0	0	0	0	0	0	0	0	0	0	0	0	0	0	0	0	0	0	0	0	0	0	0	0	0	0	0	0	0	0	0	0	0	0	0	0.00852651	0.0919265	1	0.700773
26000	0.116184	0.235986	0.0174051	0	0	0	0	0	0	0	0	0	0	0	0	0	0	0	0	0	0	0	0	0	0	0	0	0	0	0	0	0	0	0	0	0	0	0	0	0	0	0	0	0	0	0.0178571	0.227848	0.00542495	0.163653	1
26500	0.0479941	0.305439	0.15555	0	0	0	0	0	0	0	0	0	0	0	0	0	0	0	0	0	0	0	0	0	0	0	0	0	0	0	0	0	0	0	0	0	0	0	0	0	0	0	0	0	0.000492247	0.196899	0.23554	0.264829	0.94733	1
27000	0.127031	0.509306	0.0274742	0	0	0	0	0	0	0	0	0	0	0	0	0	0	0	0	0	0	0	0	0	0	0	0	0	0	0	0	0	0	0	0	0	0	0	0	0	0	0	0	0	0	0.0327917	0.0838996	0.86647	0.963072	1
27500	0.518043	0.111927	0.00030581	0	0	0	0	0	0	0	0	0	0	0	0	0	0	0	0	0	0	0	0	0	0	0	0	0	0	0	0	0	0	0	0	0	0	0	0	0	0	0	0	0	0	0	0.0149847	0.0547401	0.743119	1
28000	0.363325	0.249929	0.00999714	0	0	0	0	0	0	0	0	0	0	0	0	0	0	0	0	0	0	0	0	0	0	0	0	0	0	0	0	0	0	0	0	0	0	0	0	0	0	0	0	0	0	0	0	0	0.124536	1
28500	0.0478007	0.332316	0.021612	0	0	0	0	0	0	0	0	0	0	0	0	0	0	0	0	0	0	0	0	0	0	0	0	0	0	0	0	0	0	0	0	0	0	0	0	0	0	0	0	0	0	0	0.0175439	0.0752606	0.259853	1
29000	0.265426	0.104799	0.000244858	0	0	0	0	0	0	0	0	0	0	0	0	0	0	0	0	0	0	0	0	0	0	0	0	0	0	0	0	0	0	0	0	0	0	0	0	0	0	0	0	0	0	0.000979432	0.117777	0.190255	0.447356	1
29500	0.281189	0.440235	0.000653168	0	0	0	0	0	0	0	0	0	0	0	0	0	0	0	0	0	0	0	0	0	0	0	0	0	0	0	0	0	0	0	0	0	0	0	0	0	0	0	0	0	0	0	0	0.0137165	0.325604	1
30000	0.153513	0.262071	0.00699301	0	0	0	0	0	0	0	0	0	0	0	0	0	0	0	0	0	0	0	0	0	0	0	0	0	0	0	0	0	0	0	0	0	0	0	0	0	0	0	0	0	0	0	0	0.00799201	0.0852481	1
30500	0.106357	0.44132	0.184597	0.00570497	0	0	0	0	0	0	0	0	0	0	0	0	0	0	0	0	0	0	0	0	0	0	0	0	0	0	0	0	0	0	0	0	0	0	0	0	0	0	0	0	0	0	0.00692747	0.092502	0.801548	1
31000	0.617773	0.354739	0.00331754	0	0	0	0	0	0	0	0	0	0	0	0	0	0	0	0	0	0	0	0	0	0	0	0	0	0	0	0	0	0	0	0	0	0	0	0	0	0	0	0	0	0	0	0.0132701	0.230332	0.558768	1
31500	0.387381	0.175968	0.0316742	0	0	0	0	0	0	0	0	0	0	0	0	0	0	0	0	0	0	0	0	0	0	0	0	0	0	0	0	0	0	0	0	0	0	0	0	0	0	0	0	0	0	0.000251383	0.138512	0.209904	0.515083	1
32000	0.0742868	0.200277	0.034271	0	0	0	0	0	0	0	0	0	0	0	0	0	0	0	0	0	0	0	0	0	0	0	0	0	0	0	0	0	0	0	0	0	0	0	0	0	0	0	0	0	0	0	0	0.00515055	0.160063	1
32500	0.18341	0.106685	0.0372459	0	0	0	0	0	0	0	0	0	0	0	0	0	0	0	0	0	0	0	0	0	0	0	0	0	0	0	0	0	0	0	0	0	0	0	0	0	0	0	0	0	0	0	0.024204	0.0883562	0.389966	1
33000	0.174975	0.216216	0.0122122	0	0	0	0	0	0	0	0	0	0	0	0	0	0	0	0	0	0	0	0	0	0	0	0	0	0	0	0	0	0	0	0	0	0	0	0	0	0	0	0	0	0	0.0002002	0.0652653	0.351552	0.608208	1
33500	0.20534	0.471074	0.0281839	0	0	0	0	0	0	0	0	0	0	0	0	0	0	0	0	0	0	0	0	0	0	0	0	0	0	0	0	0	0	0	0	0	0	0	0	0	0	0	0	0	0	0.037296	0.278661	0.523204	1	0.918203
34000	0.0785115	0.21467	0.0004302	0	0	0	0	0	0	0	0	0	0	0	0	0	0	0	0	0	0	0	0	0	0	0	0	0	0	0	0	0	0	0	0	0	0	0	0	0	0	0	0	0	0	0	0.0137664	0.283502	0.292321	1
34500	0.0257869	0.651877	0.0432309	0	0	0	0	0	0	0	0	0	0	0	0	0	0	0	0	0	0	0	0	0	0	0	0	0	0	0	0	0	0	0	0	0	0	0	0	0	0	0	0	0	0	0	0.0542283	0.360258	0.93212	1
35000	0.0894759	0.758415	0.111632	0	0	0	0	0	0	0	0	0	0	0	0	0	0	0	0	0	0	0	0	0	0	0	0	0	0	0	0	0	0	0	0	0	0	0	0	0	0	0	0	0	0	0	0.011504	0.0460162	0.370686	1
35500	0.0865493	0.294118	0.0481454	0.000374672	0	0	0	0	0	0	0	0	0	0	0	0	0	0	0	0	0	0	0	0	0	0	0	0	0	0	0	0	0	0	0	0	0	0	0	0	0	0	0	0	0	0	0	0.00805545	0.240165	1
36000	0.0270179	0.796353	0.0874704	0.0162107	0	0	0	0	0	0	0	0	0	0	0	0	0	0	0	0	0	0	0	0	0	0	0	0	0	0	0	0	0	0	0	0	0	0	0	0	0	0	0	0	0	0	0.00776765	0.00337724	0.646403	1
36500	0.468085	0.306383	0.00070922	0	0	0	0	0	0	0	0	0	0	0	0	0	0	0	0	0	0	0	0	0	0	0	0	0	0	0	0	0	0	0	0	0	0	0	0	0	0	0	0	0	0	0	0	0.00141844	0.352128	1
37000	0.208449	0.146353	0.00253924	0	0	0	0	0	0	0	0	0	0	0	0	0	0	0	0	0	0	0	0	0	0	0	0	0	0	0	0	0	0	0	0	0	0	0	0	0	0	0	0	0	0	0	0	0.010157	0.316482	1
37500	0.12575	0.118	0.0215	0	0	0	0	0	0	0	0	0	0	0	0	0	0	0	0	0	0	0	0	0	0	0	0	0	0	0	0	0	0	0	0	0	0	0	0	0	0	0	0	0	0	0	0.00025	0.0305	0.1175	1
38000	0.15232	0.062542	0.000336247	0	0	0	0	0	0	0	0	0	0	0	0	0	0	0	0	0	0	0	0	0	0	0	0	0	0	0	0	0	0	0	0	0	0	0	0	0	0	0	0	0	0	0	0	0.0813719	0.612979	1
38500	0.326671	0.315644	0.00068918	0	0	0	0	0	0	0	0	0	0	0	0	0	0	0	0	0	0	0	0	0	0	0	0	0	0	0	0	0	0	0	0	0	0	0	0	0	0	0	0	0	0.00034459	0.0296347	0.00447967	0.394211	0.950034	1
39000	0.104232	0.302508	0.0854232	0.0229232	0	0	0	0	0	0	0	0	0	0	0	0	0	0	0	0	0	0	0	0	0	0	0	0	0	0	0	0	0	0	0	0	0	0	0	0	0	0	0	0	0	0	0.00607367	0.124216	0.270964	1
39500	0.00253521	0.461972	0.0104225	0	0	0	0	0	0	0	0	0	0	0	0	0	0	0	0	0	0	0	0	0	0	0	0	0	0	0	0	0	0	0	0	0	0	0	0	0	0	0	0	0	0	0	0	0.0670423	0.429296	1
40000	0.00509944	0.257522	0.109638	0.000254972	0	0	0	0	0	0	0	0	0	0	0	0	0	0	0	0	0	0	0	0	0	0	0	0	0	0	0	0	0	0	0	0	0	0	0	0	0	0	0	0	0	0	0.0147884	0.167262	0.823049	1
40500	0.281183	0.112534	0.111314	0.000304971	0	0	0	0	0	0	0	0	0	0	0	0	0	0	0	0	0	0	0	0	0	0	0	0	0	0	0	0	0	0	0	0	0	0	0	0	0	0	0	0	0	0	0	0	0.0256176	1
41000	0.141598	0.190868	0	0	0	0	0	0	0	0	0	0	0	0	0	0	0	0	0	0	0	0	0	0	0	0	0	0	0	0	0	0	0	0	0	0	0	0	0	0	0	0	0	0	0	0	0	0.0427684	0.310504	1
41500	0.248267	0.067349	0.000660284	0	0	0	0	0	0	0	0	0	0	0	0	0	0	0	0	0	0	0	0	0	0	0	0	0	0	0	0	0	0	0	0	0	0	0	0	0	0	0	0	0	0	0.00495213	0.108617	0	0.053483	1
42000	0.426407	0.112093	0.0141378	0	0	0	0	0	0	0	0	0	0	0	0	0	0	0	0	0	0	0	0	0	0	0	0	0	0	0	0	0	0	0	0	0	0	0	0	0	0	0	0	0	0	0	0	0.0287806	0.298409	1
42500	0.106796	0.187438	0.000594413	0	0	0	0	0	0	0	0	0	0	0	0	0	0	0	0	0	0	0	0	0	0	0	0	0	0	0	0	0	0	0	0	0	0	0	0	0	0	0	0	0	0	0	0.0031702	0.23301	0.608678	1
43000	0.0375622	0.338362	0.00512898	0	0	0	0	0	0	0	0	0	0	0	0	0	0	0	0	0	0	0	0	0	0	0	0	0	0	0	0	0	0	0	0	0	0	0	0	0	0	0	0	0	0	0	0.000452557	0.0731634	0.274702	1
43500	0.0752688	0.372702	0.0256677	0	0	0	0	0	0	0	0	0	0	0	0	0	0	0	0	0	0	0	0	0	0	0	0	0	0	0	0	0	0	0	0	0	0	0	0	0	0	0	0	0.00104058	0.00416233	0.0320846	0.00711065	0.0331252	0.215574	1
44000	0.296259	0.0831217	0.00338581	0	0	0	0	0	0	0	0	0	0	0	0	0	0	0	0	0	0	0	0	0	0	0	0	0	0	0	0	0	0	0	0	0	0	0	0	0	0	0	0	0	0	0	0	0.0152362	0.229558	1
44500	0.275643	0.0777229	0.00317237	0	0	0	0	0	0	0	0	0	0	0	0	0	0	0	0	0	0	0	0	0	0	0	0	0	0	0	0	0	0	0	0	0	0	0	0	0	0	0	0	0	0	0	0.000176243	0.0830102	0.439549	1
45000	0.217866	0.20342	0.0238797	0	0	0	0	0	0	0	0	0	0	0	0	0	0	0	0	0	0	0	0	0	0	0	0	0	0	0	0	0	0	0	0	0	0	0	0	0	0	0	0	0	0	0	0	0.0683962	0.86645	1
45500	0.149908	0.336318	0.00183655	0.000229568	0	0	0	0	0	0	0	0	0	0	0	0	0	0	0	0	0	0	0	0	0	0	0	0	0	0	0	0	0	0	0	0	0	0	0	0	0	0	0	0	0	0.000229568	0.0204316	0.0571625	0.305096	1
46000	0.0975383	0.296795	0.00487692	0	0	0	0	0	0	0	0	0	0	0	0	0	0	0	0	0	0	0	0	0	0	0	0	0	0	0	0	0	0	0	0	0	0	0	0	0	0	0	0	0	0	0	0	0.00232234	0.189967	1
46500	0.201637	0.0891857	0.00344679	0	0	0	0	0	0	0	0	0	0	0	0	0	0	0	0	0	0	0	0	0	0	0	0	0	0	0	0	0	0	0	0	0	0	0	0	0	0	0	0	0	0	0	0	0.0178802	0.175786	1
47000	0.169045	0.0924688	0.00054181	0	0	0	0	0	0	0	0	0	0	0	0	0	0	0	0	0	0	0	0	0	0	0	0	0	0	0	0	0	0	0	0	0	0	0	0	0	0	0	0	0	0	0	0.0258263	0.184938	0.123171	1
47500	0.253576	0.0943712	0.00018577	0.00037154	0	0	0	0	0	0	0	0	0	0	0	0	0	0	0	0	0	0	0	0	0	0	0	0	0	0	0	0	0	0	0	0	0	0	0	0	0	0	0	0	0	0.00873119	0.252833	0.206019	0.506409	1
48000	0.18786	0.167257	0.000664599	0	0	0	0	0	0	0	0	0	0	0	0	0	0	0	0	0	0	0	0	0	0	0	0	0	0	0	0	0	0	0	0	0	0	0	0	0	0	0	0	0	0	0	0.00952592	0.19074	0.918697	1
48500	0.204847	0.388045	0.000323102	0	0	0	0	0	0	0	0	0	0	0	0	0	0	0	0	0	0	0	0	0	0	0	0	0	0	0	0	0	0	0	0	0	0	0	0	0	0	0	0	0	0	0	0.0281099	0.452989	0.911793	1
49000	0.158449	0.217454	0.0169177	0.000206313	0	0	0	0	0	0	0	0	0	0	0	0	0	0	0	0	0	0	0	0	0	0	0	0	0	0	0	0	0	0	0	0	0	0	0	0	0	0	0	0	0.00247576	0.0346606	0.116567	0.428925	0.511657	1
49500	0.0386819	0.147087	0.270057	0.00501433	0	0	0	0	0	0	0	0	0	0	0	0	0	0	0	0	0	0	0	0	0	0	0	0	0	0	0	0	0	0	0	0	0	0	0	0	0	0	0	0	0	0.00167144	0.0255492	0.148758	0.166428	1
50000	0.187207	0.549002	0.0918427	0	0	0	0	0	0	0	0	0	0	0	0	0	0	0	0	0	0	0	0	0	0	0	0	0	0	0	0	0	0	0	0	0	0	0	0	0	0	0	0	0	0	0	0	0.0487089	0.321596	1
