	0.02	0.04	0.06	0.08	0.1	0.12	0.14	0.16	0.18	0.2	0.22	0.24	0.26	0.28	0.3	0.32	0.34	0.36	0.38	0.4	0.42	0.44	0.46	0.48	0.5	0.52	0.54	0.56	0.58	0.6	0.62	0.64	0.66	0.68	0.7	0.72	0.74	0.76	0.78	0.8	0.82	0.84	0.86	0.88	0.9	0.92	0.94	0.96	0.98	1
500	0	0	0	0	0	0	0	0	0	0	0	0	0	0	0	0	0	0	0	0	0	0	0	0	0	1	0	0	0	0	0	0	0	0	0	0	0	0	0	0	0	0	0	0	0	0	0	0	0	0
1000	0	0	0	0	0	0	0	0	0	0	0	0	0	0	0	0	0	0	0	0	0	0	0	0	0.139087	0.406704	1	0.257324	0.0118765	0	0	0	0	0	0	0	0	0	0	0	0	0	0	0	0	0	0	0	0	0
1500	0	0	0	0	0	0	0	0	0	0	0	0	0	0	0	0	0	0	0	0	0	0	0.000701262	0.125175	0.0213885	0.242637	1	0.565217	0.430224	0.00350631	0	0	0	0	0	0	0	0	0	0	0	0	0	0	0	0	0	0	0	0
2000	0	0	0	0	0	0	0	0	0	0	0	0	0	0	0	0	0	0	0	0	0	0	0	0.0218502	0.280079	0.562429	1	0.157775	0.209989	0.0133371	0	0	0	0	0	0	0	0	0	0	0	0	0	0	0	0	0	0	0	0
2500	0	0	0	0	0	0	0	0	0	0	0	0	0	0	0	0	0	0	0	0	0	0.00147102	0.0397176	0.0353045	0.352457	1	0.530744	0.260665	0.0253016	0	0.0373639	0.00558988	0	0	0	0	0	0	0	0	0	0	0	0	0	0	0	0	0	0
3000	0	0	0	0	0	0	0	0	0	0	0	0	0	0	0	0	0	0	0	0	0.000319591	0.0396293	0.256632	0.452221	1	0.298498	0.314797	0.191435	0.00383509	0.000319591	0.00735059	0	0	0	0	0	0	0	0	0	0	0	0	0	0	0	0	0	0	0
3500	0	0	0	0	0	0	0	0	0	0	0	0	0	0	0	0	0	0	0	0.113801	0.0205811	0	0.000302663	0.120763	1	0.637409	0.485472	0.0257264	0	0	0	0	0	0	0	0	0	0	0	0	0	0	0	0	0	0	0	0	0	0
4000	0	0	0	0	0	0	0	0	0	0	0	0	0	0	0.000919963	0.0165593	0.278749	1	0.465501	0.363385	0.476541	0.971481	0.574057	0.565777	0.900644	0.585097	0	0	0	0	0	0	0	0	0	0	0	0	0	0	0	0	0	0	0	0	0	0	0	0
4500	0	0	0	0	0	0	0	0	0	0	0	0	0	0	0	0.0535487	0.0518487	0.121122	1	0.534212	0.884403	0.691883	0.323417	0.00679983	0.0242244	0	0	0	0	0	0	0	0	0	0	0	0	0	0	0	0	0	0	0	0	0	0	0	0	0
5000	0	0	0	0	0	0	0	0	0	0	0	0	0	0.00119142	0.0770453	0.244639	0.0325655	0.366164	0.809373	1	0.250199	0.420969	0.134631	0.140588	0.0837967	0	0	0	0	0	0	0	0	0	0	0	0	0	0	0	0	0	0	0	0	0	0	0	0	0
5500	0	0	0	0	0	0	0	0	0	0	0.00157315	0.0167803	0.361825	0.335606	0.221814	0.679077	0.433141	1	0.0466702	0.104877	0.23807	0.610383	0.00104877	0	0	0	0	0	0	0	0	0	0	0	0	0	0	0	0	0	0	0	0	0	0	0	0	0	0	0
6000	0	0	0	0	0	0	0	0	0.0831213	0.704835	1	0.603053	0.107718	0.014419	0.608142	0.00169635	0	0.145038	0.839695	0.477523	0.653096	0.319763	0.270568	0.000848176	0	0	0	0	0	0	0	0	0	0	0	0	0	0	0	0	0	0	0	0	0	0	0	0	0	0
6500	0	0	0	0	0	0	0	0	0.0581096	0.528871	1	0.573005	0.452004	0.138286	0.0360427	0	0.00882677	0.15263	0.238323	0.000367782	0	0	0	0	0	0	0	0	0	0	0	0	0	0	0	0	0	0	0	0	0	0	0	0	0	0	0	0	0	0
7000	0	0	0	0	0	0	0	0.0291715	0.0848891	0.305718	0.833722	1	0.22958	0.0288798	0.000291715	0	0	0	0	0	0	0	0	0	0	0	0	0	0	0	0	0	0	0	0	0	0	0	0	0	0	0	0	0	0	0	0	0	0	0
7500	0	0	0	0	0	0	0.000279642	0.107942	0.410515	1	0.356264	0.654083	0.131152	0.0623602	0.00419463	0	0	0	0	0	0	0	0	0	0	0	0	0	0	0	0	0	0	0	0	0	0	0	0	0	0	0	0	0	0	0	0	0	0	0
8000	0	0	0	0	0	0	0.00036846	0.152542	0.48084	1	0.360354	0.654385	0.0991157	0.0364775	0.00036846	0	0	0	0	0	0	0	0	0	0	0	0	0	0	0	0	0	0	0	0	0	0	0	0	0	0	0	0	0	0	0	0	0	0	0
8500	0	0	0	0	0	0.00218076	0.25733	0.288103	1	0.488248	0.0835958	0.000969227	0	0	0	0	0	0	0	0	0	0	0	0	0	0	0	0	0	0	0	0	0	0	0	0	0	0	0	0	0	0	0	0	0	0	0	0	0	0
9000	0	0	0	0	0.000289519	0.0558772	0.446728	1	0.601332	0.400405	0.207585	0.109438	0.00839606	0	0	0	0	0	0	0	0	0	0	0	0	0	0	0	0	0	0	0	0	0	0	0	0	0	0	0	0	0	0	0	0	0	0	0	0	0
9500	0	0	0	0	0.000627221	0.0953377	0.039724	0.0930378	0.217019	1	0.16475	0.0560318	0.00689944	0	0	0	0	0	0	0	0	0	0	0	0	0	0	0	0	0	0	0	0	0	0	0	0	0	0	0	0	0	0	0	0	0	0	0	0	0
10000	0	0	0	0	0.000243665	0.0487329	0.0540936	0.157407	0.847953	1	0.202973	0.0221735	0.000243665	0	0	0	0	0	0	0	0	0	0	0	0	0	0	0	0	0	0	0	0	0	0	0	0	0	0	0	0	0	0	0	0	0	0	0	0	0
10500	0	0	0	0	0	0	0.000217155	0.0169381	0.215201	1	0.554615	0.0434311	0.000868621	0	0	0	0	0	0	0	0	0	0	0	0	0	0	0	0	0	0	0	0	0	0	0	0	0	0	0	0	0	0	0	0	0	0	0	0	0
11000	0	0	0	0	0	0	0.0254941	0.325408	1	0.635348	0.57949	0.211974	0	0	0	0	0	0	0	0	0	0	0	0	0	0	0	0	0	0	0	0	0	0	0	0	0	0	0	0	0	0	0	0	0	0	0	0	0	0
11500	0	0	0	0	0	0.000309502	0.252553	0.345404	1	0.249149	0.392139	0.68307	0.0436397	0.00247601	0	0	0	0	0	0	0	0	0	0	0	0	0	0	0	0	0	0	0	0	0	0	0	0	0	0	0	0	0	0	0	0	0	0	0	0
12000	0	0	0	0	0	0	0.0184156	0.86032	1	0.656706	0.351633	0.112926	0.0343989	0.0399583	0	0	0	0	0	0	0	0	0	0	0	0	0	0	0	0	0	0	0	0	0	0	0	0	0	0	0	0	0	0	0	0	0	0	0	0
12500	0	0	0	0	0.0276775	0.113418	0.0466306	1	0.522563	0.431709	0.338748	0.118532	0.000902527	0	0	0	0	0	0	0	0	0	0	0	0	0	0	0	0	0	0	0	0	0	0	0	0	0	0	0	0	0	0	0	0	0	0	0	0	0
13000	0	0	0	0	0.00926706	0.662174	0.341618	0.81171	0.229992	1	0.363521	0	0	0	0	0	0	0	0	0	0	0	0	0	0	0	0	0	0	0	0	0	0	0	0	0	0	0	0	0	0	0	0	0	0	0	0	0	0	0
13500	0	0	0.000270709	0.0925826	0.292637	0.18706	0.323768	1	0.521927	0.00541419	0.000270709	0	0	0	0	0	0	0	0	0	0	0	0	0	0	0	0	0	0	0	0	0	0	0	0	0	0	0	0	0	0	0	0	0	0	0	0	0	0	0
14000	0	0	0	0	0.00750268	0.121383	1	0.538585	0.253751	0.272508	0.00241158	0.0096463	0.14925	0.0198285	0.016881	0	0	0	0	0	0	0	0	0	0	0	0	0	0	0	0	0	0	0	0	0	0	0	0	0	0	0	0	0	0	0	0	0	0	0
14500	0	0	0	0	0	0.115593	1	0.713898	0.94	0.252542	0.00745763	0	0	0.00474576	0.0925424	0.112542	0.0766102	0.000338983	0	0	0	0	0	0	0	0	0	0	0	0	0	0	0	0	0	0	0	0	0	0	0	0	0	0	0	0	0	0	0	0
15000	0	0	0	0.0949066	0.0300476	0.12642	1	0.465738	0.717845	0.488824	0.0549652	0	0	0	0	0	0	0	0	0	0	0	0	0	0	0	0	0	0	0	0	0	0	0	0	0	0	0	0	0	0	0	0	0	0	0	0	0	0	0
15500	0	0	0	0	0.0182253	0.0125486	0.679116	1	0.218106	0.700926	0.00059755	0	0	0	0	0	0	0	0	0	0	0	0	0	0	0	0	0	0	0	0	0	0	0	0	0	0	0	0	0	0	0	0	0	0	0	0	0	0	0
16000	0	0	0.0009298	0.188285	0.0346351	0.192236	1	0.187587	0.192934	0.400744	0.0683403	0.00023245	0	0	0	0	0	0	0	0	0	0	0	0	0	0	0	0	0	0	0	0	0	0	0	0	0	0	0	0	0	0	0	0	0	0	0	0	0	0
16500	0	0	0	0.000772499	0.828119	0.190807	0.905755	0.17922	0.0440324	0.0872924	1	0.251062	0.00424874	0	0	0	0	0	0	0	0	0	0	0	0	0	0	0	0	0	0	0	0	0	0	0	0	0	0	0	0	0	0	0	0	0	0	0	0	0
17000	0	0	0	0.000461042	0.49101	1	0.619179	0.733518	0.152605	0.341171	0.408022	0.00691563	0	0	0	0	0	0	0	0	0	0	0	0	0	0	0	0	0	0	0	0	0	0	0	0	0	0	0	0	0	0	0	0	0	0	0	0	0	0
17500	0	0	0.363088	0.316085	0.274256	0.000862441	0	0	0.00043122	0.0901251	0.846054	0.403191	1	0.435101	0.207417	0	0	0	0	0	0	0	0	0	0	0	0	0	0	0	0	0	0	0	0	0	0	0	0	0	0	0	0	0	0	0	0	0	0	0
18000	0	0.00860585	0.403184	1	0.098537	0.00774527	0	0	0	0.125645	0.200947	0.527969	0.321859	0.827453	0.24957	0.0503442	0	0	0	0	0	0	0	0	0	0	0	0	0	0	0	0	0	0	0	0	0	0	0	0	0	0	0	0	0	0	0	0	0	0
18500	0	0.00140121	0.415227	0.510042	0.0555815	0	0	0	0	0.0415694	0.206913	0.136852	0.494629	0.912191	1	0.543204	0.000934143	0	0	0	0	0	0	0	0	0	0	0	0	0	0	0	0	0	0	0	0	0	0	0	0	0	0	0	0	0	0	0	0	0
19000	0.000473709	1	0.399337	0.202274	0.00663193	0	0	0	0	0	0	0	0.000473709	0.290857	0.673141	0.428707	0.898153	0.55945	0.21459	0.199905	0.00900047	0	0	0	0	0	0	0	0	0	0	0	0	0	0	0	0	0	0	0	0	0	0	0	0	0	0	0	0	0
19500	0	0.09867	0.448809	0.167337	0	0.00030931	0	0	0	0	0	0	0	0	0	0	0.0030931	0.300031	1	0.446644	0.357872	0.28271	0.0497989	0	0	0	0	0	0	0	0	0	0	0	0	0	0	0	0	0	0	0	0	0	0	0	0	0	0	0
20000	0.000478011	0.419216	0.426864	0.0726577	0.000478011	0	0	0	0	0	0	0	0	0	0	0	0	0.000956023	0.25717	0.106597	1	0.991874	0.482314	0.26673	0.00143403	0	0	0	0	0	0	0	0	0	0	0	0	0	0	0	0	0	0	0	0	0	0	0	0	0
20500	0.0611807	0.838283	0.0200358	0	0	0	0	0	0	0	0	0	0	0	0	0	0	0	0	0.0429338	0.5678	0.849016	1	0.134526	0.00214669	0	0	0	0	0	0	0	0	0	0	0	0	0	0	0	0	0	0	0	0	0	0	0	0	0
21000	0.336255	0.297686	0.00105189	0	0	0	0	0	0	0	0	0	0	0	0	0	0	0	0.0396213	0.0725806	0.519285	1	0.923212	0.233871	0.0596073	0.000701262	0	0	0	0	0	0	0	0	0	0	0	0	0	0	0	0	0	0	0	0	0	0	0	0
21500	0.44017	0.177522	0.000605877	0	0	0	0	0	0	0	0	0	0	0	0	0	0	0	0	0	0	0.098758	1	0.439867	0.170251	0.271433	0.185398	0	0	0	0	0	0	0	0	0	0	0	0	0	0	0	0	0	0	0	0	0	0	0
22000	0.343612	0.00440529	0	0	0	0	0	0	0	0	0	0	0	0	0	0	0	0	0	0.00503461	0.0258024	0.112964	0.543738	1	0.606986	0.21995	0.062618	0.00157332	0	0	0	0	0	0	0	0	0	0	0	0	0	0	0	0	0	0	0	0	0	0
22500	0.0218094	0.563409	0.0387722	0	0	0	0	0	0	0	0	0	0	0	0	0	0	0	0	0	0.00484653	0.0803716	0.714459	0.942246	1	0.222536	0.0149435	0	0	0	0	0	0	0	0	0	0	0	0	0	0	0	0	0	0	0	0	0	0	0
23000	0.703445	0.0283019	0.000820345	0	0	0	0	0	0	0	0	0	0	0	0	0	0	0	0	0.000820345	0.105824	0.351107	0.697703	1	0.885152	0.239541	0.000820345	0	0	0	0	0	0	0	0	0	0	0	0	0	0	0	0	0	0	0	0	0	0	0
23500	0.0127389	0.690446	0.123992	0	0	0	0	0	0	0	0	0	0	0	0	0	0	0	0.00169851	0.0535032	0.7138	0.441614	1	0.75414	0.267516	0.077707	0	0	0	0	0	0	0	0	0	0	0	0	0	0	0	0	0	0	0	0	0	0	0	0
24000	0.428282	0.160208	0.032967	0	0	0	0	0	0	0	0	0	0	0	0	0	0	0	0	0	0.0575477	0.34037	0.137363	0.600925	1	0.246385	0.0477154	0.00144592	0	0	0	0	0	0	0	0	0	0	0	0	0	0	0	0	0	0	0	0	0	0
24500	0.152052	0.361382	0	0	0	0	0	0	0	0	0	0	0	0	0	0	0	0	0	0	0	0	0.000295247	0.0168291	0.372306	1	0.725125	0.178329	0.000590493	0	0	0	0	0	0	0	0	0	0	0	0	0	0	0	0	0	0	0	0	0
25000	0.662537	0.132153	0.00235988	0	0	0	0	0	0	0	0	0	0	0	0	0	0	0	0	0	0	0	0	0.0949853	0.0879056	0.113274	0.720354	0.735693	0.870796	1	0.345723	0.0684366	0	0	0	0	0	0	0	0	0	0	0	0	0	0	0	0	0	0
25500	0	0	0	0	0	0	0	0	0	0	0	0	0	0	0	0	0	0	0	0	0	0	0	0	0.116481	0.635688	0.38166	0.285626	0.921314	1	0.574349	0.0377943	0.00433705	0	0	0	0	0	0	0	0	0	0	0	0	0	0	0	0	0
26000	0	0	0	0	0	0	0	0	0	0	0	0	0	0	0	0	0	0	0	0	0	0	0.000959693	0.273992	0.425144	0.919386	1	0.979367	0.384357	0.0590211	0	0	0	0	0	0	0	0	0	0	0	0	0	0	0	0	0	0	0	0
26500	0	0	0	0	0	0	0	0	0	0	0	0	0	0	0	0	0	0	0	0	0.0490046	0.0612557	0.294538	0.420112	1	0.799898	0.771822	0.290965	0.0132721	0.0199081	0	0	0	0	0	0	0	0	0	0	0	0	0	0	0	0	0	0	0	0
27000	0	0	0	0	0	0	0	0	0	0	0	0	0	0	0	0	0	0	0.00165211	0.297616	1	0.376918	0.0379986	0.000236016	0.0212414	0.113288	0.0656125	0.000708048	0	0	0	0	0	0	0	0	0	0	0	0	0	0	0	0	0	0	0	0	0	0
27500	0	0	0	0	0	0	0	0	0	0	0	0	0	0	0	0	0.042777	0.293128	0.40568	1	0.518934	0.487027	0.016129	0	0	0	0	0	0	0	0	0	0	0	0	0	0	0	0	0	0	0	0	0	0	0	0	0	0	0
28000	0	0	0	0	0	0	0	0	0	0	0	0	0	0	0	0	0.00592885	0.311858	1	0.636364	0.628854	0.659289	0.0664032	0.000790514	0	0	0	0	0	0	0	0	0	0	0	0	0	0	0	0	0	0	0	0	0	0	0	0	0	0
28500	0	0	0	0	0	0	0	0	0	0	0	0	0	0	0	0	0.000376364	0.0410237	0.715092	1	0.589387	0.361686	0.0447874	0.0334964	0	0	0	0	0	0	0	0	0	0	0	0	0	0	0	0	0	0	0	0	0	0	0	0	0	0
29000	0	0	0	0	0	0	0	0	0	0	0	0	0	0	0	0	0.0939409	0.572301	1	0.400967	0.0542261	0.0929226	0	0	0	0	0	0	0	0	0	0	0	0	0	0	0	0	0	0	0	0	0	0	0	0	0	0	0	0
29500	0	0	0	0	0	0	0	0	0	0	0	0	0	0	0	0	0.180591	1	0.655235	0.23641	0.159796	0.339292	0.247355	0.0897483	0.00182415	0	0	0	0	0	0	0	0	0	0	0	0	0	0	0	0	0	0	0	0	0	0	0	0	0
30000	0	0	0	0	0	0	0	0	0	0	0	0	0	0	0	0.0508214	0.391684	1	0.578029	0.405544	0.0123203	0.149897	0.0349076	0.176591	0.50154	0.305955	0.0559548	0	0	0	0	0	0	0	0	0	0	0	0	0	0	0	0	0	0	0	0	0	0	0
30500	0	0	0	0	0	0	0	0	0	0	0	0	0	0.000490196	0.113725	1	0.426961	0.579902	0.548039	0.867157	0.206863	0.151471	0.00784314	0	0	0	0	0	0	0	0	0	0	0	0	0	0	0	0	0	0	0	0	0	0	0	0	0	0	0
31000	0	0	0	0	0	0	0	0	0	0	0	0	0.0493066	0.589753	1	0.455316	0.321263	0.189908	0.209938	0	0	0	0	0	0	0	0	0	0	0	0	0	0	0	0	0	0	0	0	0	0	0	0	0	0	0	0	0	0	0
31500	0	0	0	0	0	0	0	0	0	0	0	0.0207211	0.366349	0.670535	1	0.533775	0.400746	0.0725238	0	0	0	0	0	0	0	0	0	0	0	0	0	0	0	0	0	0	0	0	0	0	0	0	0	0	0	0	0	0	0	0
32000	0	0	0	0	0	0	0	0	0.00214592	0.253755	0.472103	0.118562	0.695815	1	0.861052	0.756974	0.274142	0.115343	0.599785	0.0659871	0	0	0	0	0	0	0	0	0	0	0	0	0	0	0	0	0	0	0	0	0	0	0	0	0	0	0	0	0	0
32500	0	0	0	0	0	0	0	0	0.0552779	0.711261	1	0.427815	0.0520435	0.0102911	0	0	0	0	0	0	0	0	0	0	0	0	0	0	0	0	0	0	0	0	0	0	0	0	0	0	0	0	0	0	0	0	0	0	0	0
33000	0	0	0	0	0	0	0	0	0.36122	0.793788	1	0.20817	0.0632345	0	0	0	0	0	0	0	0	0	0	0	0	0	0	0	0	0	0	0	0	0	0	0	0	0	0	0	0	0	0	0	0	0	0	0	0	0
33500	0	0	0	0	0.00163755	0.0010917	0.228166	0.89083	0.296397	0.864083	1	0.804039	0.0305677	0	0	0	0	0	0	0	0	0	0	0	0	0	0	0	0	0	0	0	0	0	0	0	0	0	0	0	0	0	0	0	0	0	0	0	0	0
34000	0	0	0	0	0	0.0149172	0.355285	1	0.1328	0.178643	0.000181917	0	0	0	0	0	0	0	0	0	0	0	0	0	0	0	0	0	0	0	0	0	0	0	0	0	0	0	0	0	0	0	0	0	0	0	0	0	0	0
34500	0	0	0	0.000263852	0.0717678	0.313984	0.149868	0.37467	0.288654	1	0.237203	0.0912929	0.0108179	0	0	0	0	0	0	0	0	0	0	0	0	0	0	0	0	0	0	0	0	0	0	0	0	0	0	0	0	0	0	0	0	0	0	0	0	0
35000	0	0	0	0	0.0187171	0.0105152	0.0532072	0.293796	1	0.35878	0.223764	0.221872	0.0500526	0.022082	0.000210305	0	0	0	0	0	0	0	0	0	0	0	0	0	0	0	0	0	0	0	0	0	0	0	0	0	0	0	0	0	0	0	0	0	0	0
35500	0	0	0	0	0.00733368	0.0738607	0.166056	1	0.327135	0.145102	0.085385	0.0945521	0.00209534	0	0	0	0	0	0	0	0	0	0	0	0	0	0	0	0	0	0	0	0	0	0	0	0	0	0	0	0	0	0	0	0	0	0	0	0	0
36000	0	0	0.000653595	0.113072	0.74902	1	0.720261	0.75098	0.310458	0.375817	0.10915	0.358824	0.980392	0.0849673	0	0	0	0	0	0	0	0	0	0	0	0	0	0	0	0	0	0	0	0	0	0	0	0	0	0	0	0	0	0	0	0	0	0	0	0
36500	0	0	0	0.298979	0.989786	0.997214	0.351903	1	0.929434	0.185701	0.854225	0.783658	0.627669	0.574745	0.0408542	0.0371402	0	0	0	0	0	0	0	0	0	0	0	0	0	0	0	0	0	0	0	0	0	0	0	0	0	0	0	0	0	0	0	0	0	0
37000	0	0	0	0.000590145	0.0773089	1	0.0637356	0	0	0.000295072	0.186191	0.590145	0.473886	0.263204	0.0914724	0.0274417	0.00737681	0	0	0	0	0	0	0	0	0	0	0	0	0	0	0	0	0	0	0	0	0	0	0	0	0	0	0	0	0	0	0	0	0
37500	0	0	0	0.00150225	0.10666	0.863796	1	0.357536	0.00600901	0	0.000500751	0.423135	0.379569	0.361042	0.0255383	0	0	0	0	0	0	0	0	0	0	0	0	0	0	0	0	0	0	0	0	0	0	0	0	0	0	0	0	0	0	0	0	0	0	0
38000	0	0	0	0.000473934	0.000947867	0.266825	0.425592	0.227014	1	0.508057	0.578673	0.0165877	0.0876777	0.180095	0.206635	0.301896	0.0056872	0	0	0	0	0	0	0	0	0	0	0	0	0	0	0	0	0	0	0	0	0	0	0	0	0	0	0	0	0	0	0	0	0
38500	0	0	0	0.0351124	0.28125	1	0.379916	0.374298	0.117626	0.568118	0.489115	0.163272	0.000351124	0	0	0.00983146	0.0175562	0	0	0	0	0	0	0	0	0	0	0	0	0	0	0	0	0	0	0	0	0	0	0	0	0	0	0	0	0	0	0	0	0
39000	0	0	0	0.000418585	0.0801591	1	0.562578	0.123901	0.0571369	0.0707409	0.194014	0.107367	0.0027208	0	0	0	0	0	0	0	0	0	0	0	0	0	0	0	0	0	0	0	0	0	0	0	0	0	0	0	0	0	0	0	0	0	0	0	0	0
39500	0	0	0	0	0.00515956	0.300783	1	0.406841	0.0135677	0	0	0	0	0	0	0	0	0	0	0	0	0	0	0	0	0	0	0	0	0	0	0	0	0	0	0	0	0	0	0	0	0	0	0	0	0	0	0	0	0
40000	0	0	0.000367107	0.211454	0.220999	0.175844	0.955213	1	0.418869	0.0701175	0	0	0	0	0	0	0	0	0	0	0	0	0	0	0	0	0	0	0	0	0	0	0	0	0	0	0	0	0	0	0	0	0	0	0	0	0	0	0	0
40500	0	0	0	0.000381243	0.0850172	0.514297	1	0.793366	0.469691	0.0221121	0.141822	0.0968357	0.15326	0.0106748	0	0	0	0	0	0	0	0	0	0	0	0	0	0	0	0	0	0	0	0	0	0	0	0	0	0	0	0	0	0	0	0	0	0	0	0
41000	0	0	0	0.000228258	0.0139238	0.566081	0.560374	1	0.0828578	0.04063	0.000228258	0	0	0	0	0	0	0	0	0	0	0	0	0	0	0	0	0	0	0	0	0	0	0	0	0	0	0	0	0	0	0	0	0	0	0	0	0	0	0
41500	0	0.000631048	0.0799327	0.187421	0.273664	0.471393	1	0.106857	0.00378629	0	0	0	0	0	0	0	0	0	0	0	0	0	0	0	0	0	0	0	0	0	0	0	0	0	0	0	0	0	0	0	0	0	0	0	0	0	0	0	0	0
42000	0	0	0.00056164	0.0991295	0.700084	1	0.47936	0.163718	0.165965	0.0668352	0	0	0	0	0	0	0	0	0	0	0	0	0	0	0	0	0	0	0	0	0	0	0	0	0	0	0	0	0	0	0	0	0	0	0	0	0	0	0	0
42500	0	0	0.0323514	0.000526039	0.396633	0.430037	1	0.846397	0.0194634	0	0	0	0	0	0	0	0	0	0	0	0	0	0	0	0	0	0	0	0	0	0	0	0	0	0	0	0	0	0	0	0	0	0	0	0	0	0	0	0	0
43000	0	0	0	0.00143237	0.0965828	0.093718	1	0.683446	0.167997	0.00593411	0.0675261	0.000409249	0	0	0	0	0	0	0	0	0	0	0	0	0	0	0	0	0	0	0	0	0	0	0	0	0	0	0	0	0	0	0	0	0	0	0	0	0	0
43500	0	0	0	0.0010582	0.337566	1	0.739683	0.350794	0.560317	0.579365	0.774603	0.0566138	0	0	0	0	0	0	0	0	0	0	0	0	0	0	0	0	0	0	0	0	0	0	0	0	0	0	0	0	0	0	0	0	0	0	0	0	0	0
44000	0	0	0	0.0130818	0.428428	0.454088	0.145912	0.00477987	0.041761	0.0596226	1	0.386415	0.0555975	0.0681761	0	0	0	0	0	0	0	0	0	0	0	0	0	0	0	0	0	0	0	0	0	0	0	0	0	0	0	0	0	0	0	0	0	0	0	0
44500	0	0.0926017	0.0798628	0.388045	0.298383	0.211661	0	0.066144	0.11367	0.174424	1	0.1073	0.374326	0.436061	0.159726	0.271926	0.00636943	0	0	0	0	0	0	0	0	0	0	0	0	0	0	0	0	0	0	0	0	0	0	0	0	0	0	0	0	0	0	0	0	0
45000	0	0	0.0195982	0.815287	0.820676	0.33121	0.0950514	0	0	0	0	0.0710436	0.946105	1	0.521803	0.133758	0.044096	0.000979912	0	0	0	0	0	0	0	0	0	0	0	0	0	0	0	0	0	0	0	0	0	0	0	0	0	0	0	0	0	0	0	0
45500	0	0.0459559	0.920956	1	0.162377	0.26348	0	0	0	0.0796569	0.0281863	0.365809	0.286765	0.906863	0.657475	0.834559	0.120711	0.0404412	0	0	0	0	0	0	0	0	0	0	0	0	0	0	0	0	0	0	0	0	0	0	0	0	0	0	0	0	0	0	0	0
46000	0	0.000625	0.103125	1	0.0040625	0.0134375	0	0	0	0.0228125	0.03875	0.0103125	0.02	0.185	0.439688	0.899687	0.159688	0.0003125	0	0	0	0	0	0	0	0	0	0	0	0	0	0	0	0	0	0	0	0	0	0	0	0	0	0	0	0	0	0	0	0
46500	0.168282	0.294273	0.385463	0.302643	0.00176211	0	0	0	0	0	0	0.00264317	0.0127753	0.152863	0.428634	0.292952	1	0.545815	0.0986784	0.255947	0.0132159	0	0	0	0	0	0	0	0	0	0	0	0	0	0	0	0	0	0	0	0	0	0	0	0	0	0	0	0	0
47000	0.260617	0.109256	0.224682	0.00181488	0	0	0	0	0	0	0	0	0	0.000362976	0.0580762	0.147005	0.659165	1	0.73539	0.192377	0.0424682	0.00980036	0	0	0	0	0	0	0	0	0	0	0	0	0	0	0	0	0	0	0	0	0	0	0	0	0	0	0	0
47500	0.0850485	0.88466	0.00194175	0	0	0	0	0	0	0	0	0	0	0	0.000776699	0.165825	0.164272	0.853981	1	0.758835	0.0116505	0	0	0	0	0	0	0	0	0	0	0	0	0	0	0	0	0	0	0	0	0	0	0	0	0	0	0	0	0
48000	0.229432	0.298982	0	0	0	0	0	0	0	0	0	0	0	0	0	0	0.136556	0.350721	0.879983	1	0.575488	0.185751	0.202714	0.000424088	0	0	0	0	0	0	0	0	0	0	0	0	0	0	0	0	0	0	0	0	0	0	0	0	0	0
48500	1	0.111238	0.000570451	0	0	0	0	0	0	0	0	0	0	0	0	0	0	0	0.187108	0.564746	0.959498	0.484883	0.856817	0.458642	0.492869	0.011409	0	0	0	0	0	0	0	0	0	0	0	0	0	0	0	0	0	0	0	0	0	0	0	0
49000	0.458393	0.493506	0.033189	0	0	0	0	0	0	0	0	0	0	0	0	0	0	0	0	0.11063	0.311688	0.181818	0.535354	0.157768	1	0.843675	0.103415	0	0	0	0	0	0	0	0	0	0	0	0	0	0	0	0	0	0	0	0	0	0	0
49500	0.670622	0.109656	0.0265957	0	0	0	0	0	0	0	0	0	0	0	0	0	0	0	0	0	0.0212766	0.21072	0.130524	0.190671	0.786007	1	0.50982	0.225041	0.0523732	0	0	0	0	0	0	0	0	0	0	0	0	0	0	0	0	0	0	0	0	0
50000	0.283253	0.324119	0.0388622	0	0	0	0	0	0	0	0	0	0	0	0	0	0	0	0	0	0.00560897	0.0464744	0.283253	0.681891	0.737179	1	0.257212	0.0180288	0.0352564	0	0	0	0	0	0	0	0	0	0	0	0	0	0	0	0	0	0	0	0	0
