	0.02	0.04	0.06	0.08	0.1	0.12	0.14	0.16	0.18	0.2	0.22	0.24	0.26	0.28	0.3	0.32	0.34	0.36	0.38	0.4	0.42	0.44	0.46	0.48	0.5	0.52	0.54	0.56	0.58	0.6	0.62	0.64	0.66	0.68	0.7	0.72	0.74	0.76	0.78	0.8	0.82	0.84	0.86	0.88	0.9	0.92	0.94	0.96	0.98	1
500	0	0	0	0	0	0	0	0	0	0	0	0	0	0	0	0	0	0	0	0	0	0	0	0	0	1	0	0	0	0	0	0	0	0	0	0	0	0	0	0	0	0	0	0	0	0	0	0	0	0
1000	0	0	0	0	0	0	0	0	0	0	0	0	0	0	0	0	0	0	0	0	0	0	0	0.0410918	0.596881	1	0.891122	0.260348	0.556389	0.0533893	0	0	0	0	0	0	0	0	0	0	0	0	0	0	0	0	0	0	0	0
1500	0	0	0	0	0	0	0	0	0	0	0	0	0	0	0	0	0	0	0	0	0	0	0	0.00298582	0.267977	0.687484	1	0.493406	0.36203	0.155014	0	0	0	0	0	0	0	0	0	0	0	0	0	0	0	0	0	0	0	0
2000	0	0	0	0	0	0	0	0	0	0	0	0	0	0	0	0	0	0	0	0	0	0.0110401	0	0.0775712	0.0764091	0.517432	0.512783	1	0.648751	0.206856	0.261476	0.0845439	0.00755375	0	0	0	0	0	0	0	0	0	0	0	0	0	0	0	0	0
2500	0	0	0	0	0	0	0	0	0	0	0	0	0	0	0	0	0	0	0	0	0	0.00348432	0.513357	0.820557	1	0.622242	0.0226481	0.0412311	0.266841	0.273229	0.0029036	0	0	0	0	0	0	0	0	0	0	0	0	0	0	0	0	0	0	0
3000	0	0	0	0	0	0	0	0	0	0	0	0	0	0	0	0	0	0	0	0.0889113	0.0391513	0.356656	0.76484	1	0.696893	0.286183	0.000252589	0	0	0	0	0	0	0	0	0	0	0	0	0	0	0	0	0	0	0	0	0	0	0
3500	0	0	0	0	0	0	0	0	0	0	0	0	0	0	0	0	0.000290951	0.000581903	0.305499	0.38231	0.178062	0.470177	0.545534	0.395403	1	0.0808845	0	0	0	0	0	0	0	0	0	0	0	0	0	0	0	0	0	0	0	0	0	0	0	0
4000	0	0	0	0	0	0	0	0	0	0	0	0	0	0	0	0	0.00078125	0.10625	0.103516	0.405078	0.563672	0.0996094	0.264844	0.666406	0.612891	1	0.25	0.242188	0.00117187	0	0	0	0	0	0	0	0	0	0	0	0	0	0	0	0	0	0	0	0	0
4500	0	0	0	0	0	0	0	0	0	0	0	0	0	0	0.104703	0.700976	1	0.660603	0.483141	0.04126	0.000443656	0.226708	0.694765	0.799024	0.244454	0.50488	0.242236	0.204082	0.00310559	0	0	0	0	0	0	0	0	0	0	0	0	0	0	0	0	0	0	0	0	0
5000	0	0	0	0	0	0	0	0	0	0	0	0.00723861	0.211528	0.777748	1	0.772922	0.168365	0.0474531	0.0117962	0.100268	0.0203753	0.0493298	0.236729	0.0774799	0.000268097	0.0142091	0.146113	0.0227882	0.0120643	0	0	0	0	0	0	0	0	0	0	0	0	0	0	0	0	0	0	0	0	0
5500	0	0	0	0	0	0	0	0	0	0	0.00764453	0.221691	0.661013	0.353082	0.832537	1	0.092451	0	0	0	0	0	0	0	0.00477783	0	0	0	0	0	0	0	0	0	0	0	0	0	0	0	0	0	0	0	0	0	0	0	0	0
6000	0	0	0	0	0	0	0	0	0	0	0.000759878	0.274506	0.3144	0.388298	1	0.571619	0.0492021	0	0	0	0	0	0	0	0	0	0	0	0	0	0	0	0	0	0	0	0	0	0	0	0	0	0	0	0	0	0	0	0	0
6500	0	0	0	0	0	0	0	0.436156	0.800915	0.718078	1	0.569794	0.499771	0.727231	0.537757	0.505263	0.015103	0.0407323	0	0	0	0	0	0	0	0	0	0	0	0	0	0	0	0	0	0	0	0	0	0	0	0	0	0	0	0	0	0	0	0
7000	0	0	0	0	0	0	0.000839396	0.196419	0.348069	0.782317	1	0.483492	0.654729	0.0920537	0.073587	0.0696698	0	0	0	0	0	0	0	0	0	0	0	0	0	0	0	0	0	0	0	0	0	0	0	0	0	0	0	0	0	0	0	0	0	0
7500	0	0	0	0	0	0	0.168094	0.639186	0.972163	0.336545	1	0.583869	0.791221	0.472877	0.176303	0.00356888	0	0	0	0	0	0	0	0	0	0	0	0	0	0	0	0	0	0	0	0	0	0	0	0	0	0	0	0	0	0	0	0	0	0
8000	0	0	0	0	0	0.000248756	0.0253731	0.154726	0.185821	0.16393	1	0.930348	0.590547	0.124129	0.0313433	0.00472637	0	0	0	0	0	0	0	0	0	0	0	0	0	0	0	0	0	0	0	0	0	0	0	0	0	0	0	0	0	0	0	0	0	0
8500	0	0	0	0	0.000283768	0.0468218	0.710272	0.56101	0.20857	0.21765	1	0.349035	0.322361	0.296538	0.180193	0.000851305	0	0	0	0	0	0	0	0	0	0	0	0	0	0	0	0	0	0	0	0	0	0	0	0	0	0	0	0	0	0	0	0	0	0
9000	0	0	0	0.0503096	0.20743	0.284443	0.205495	0.303793	0.72291	0.67918	1	0.507353	0.50774	0.539861	0.497678	0.00619195	0	0	0	0	0	0	0	0	0	0	0	0	0	0	0	0	0	0	0	0	0	0	0	0	0	0	0	0	0	0	0	0	0	0
9500	0	0.000366233	0.148508	0.0981505	0.00311298	0.171763	0.0271013	0.000183117	0.000183117	0.0699506	0.163706	0.0399194	0.650064	1	0.38839	0.0844168	0.000732467	0	0	0	0	0	0	0	0	0	0	0	0	0	0	0	0	0	0	0	0	0	0	0	0	0	0	0	0	0	0	0	0	0
10000	0	0	0	0.0130152	0.147505	1	0.786334	0.0211497	0.0428416	0.246204	0.861171	0.65564	0.79013	0.686551	0.665401	0.683297	0.0536876	0.021692	0	0	0	0	0	0	0	0	0	0	0	0	0	0	0	0	0	0	0	0	0	0	0	0	0	0	0	0	0	0	0	0
10500	0	0	0.000886787	0.405557	0.221992	0.147502	0.000886787	0	0	0	0	0.000591191	0.0721253	1	0.963937	0.945019	0.100207	0.0520248	0	0	0	0	0	0	0	0	0	0	0	0	0	0	0	0	0	0	0	0	0	0	0	0	0	0	0	0	0	0	0	0
11000	0	0	0.00090525	0.292094	0.396198	0.0691008	0.147556	0.001207	0	0	0	0.00211225	0.0359083	0.67592	0.823476	1	0.314424	0.0449608	0	0	0	0	0	0	0	0	0	0	0	0	0	0	0	0	0	0	0	0	0	0	0	0	0	0	0	0	0	0	0	0
11500	0.000477669	0.0513494	0.177693	0.330786	0.112491	0.0267495	0	0	0	0.0217339	0.000477669	0.0324815	0.0114641	0.111536	0.63124	1	0.549797	0.236446	0.00668737	0	0	0	0	0	0	0	0	0	0	0	0	0	0	0	0	0	0	0	0	0	0	0	0	0	0	0	0	0	0	0
12000	0.260274	0.0539011	0.000297796	0	0	0	0	0	0	0	0	0.0178678	0.0684932	0.167957	0.650685	0.797201	1	0.709649	0.360631	0.029184	0	0	0	0	0	0	0	0	0	0	0	0	0	0	0	0	0	0	0	0	0	0	0	0	0	0	0	0	0	0
12500	0.00212879	0.352847	0.00159659	0	0	0	0	0	0	0	0.000266099	0.00957956	0.00133049	0.27834	0.589941	0.667376	1	0.391698	0.351517	0.0274082	0.000266099	0	0	0	0	0	0	0	0	0	0	0	0	0	0	0	0	0	0	0	0	0	0	0	0	0	0	0	0	0
13000	0.296885	0.0980782	0.136514	0.0583168	0	0	0	0	0	0	0	0	0	0	0.0371107	0.444997	0.743207	0.624917	1	0.810802	0.529821	0.0407555	0	0	0	0	0	0	0	0	0	0	0	0	0	0	0	0	0	0	0	0	0	0	0	0	0	0	0	0
13500	0.0905402	0.253868	0.00989095	0.000253614	0	0	0	0	0	0	0	0	0	0	0	0.0164849	0.112351	0.140756	0.674106	1	0.463353	0.539691	0.153183	0.00659396	0	0	0	0	0	0	0	0	0	0	0	0	0	0	0	0	0	0	0	0	0	0	0	0	0	0
14000	0.000552944	0.259331	0.0879182	0	0	0	0	0	0	0	0	0	0	0	0	0	0.0141001	0.152336	0.069671	0.387891	0.935029	1	0.56345	0.0693945	0.00774122	0	0	0	0	0	0	0	0	0	0	0	0	0	0	0	0	0	0	0	0	0	0	0	0	0
14500	0.0876623	0.430736	0.00378788	0	0	0	0	0	0	0	0	0	0	0	0	0	0	0.0021645	0.0554654	0.528409	1	0.762987	0.612013	0.248106	0.175325	0.0127165	0.000270563	0	0	0	0	0	0	0	0	0	0	0	0	0	0	0	0	0	0	0	0	0	0	0
15000	0.203301	0.013205	0	0	0	0	0	0	0	0	0	0	0	0	0	0	0	0	0.0624484	0.273177	0.502889	1	0.508666	0.177166	0.111967	0.058597	0.213755	0.021458	0	0	0	0	0	0	0	0	0	0	0	0	0	0	0	0	0	0	0	0	0	0
15500	0.41133	0.394089	0.132184	0.00862069	0	0	0	0	0	0	0	0	0	0	0	0	0	0.00164204	0.0603448	0.0500821	0.123153	0.161741	0.372742	0.312808	0.585796	0.263957	0.785304	0.878489	1	0.3711	0	0	0	0	0	0	0	0	0	0	0	0	0	0	0	0	0	0	0	0
16000	0	0	0	0	0	0	0	0	0	0	0	0	0	0	0	0	0	0	0	0	0	0.00130095	0.535126	0.384215	0.619254	0.61752	0.229835	0.686036	0.940156	1	0.0993062	0.0355594	0	0	0	0	0	0	0	0	0	0	0	0	0	0	0	0	0	0
16500	0	0	0	0	0	0	0	0	0	0	0	0	0	0	0	0	0	0	0	0	0.00246778	0.285714	0.234713	0.490814	1	0.941596	0.385797	0.269537	0.077598	0.023581	0	0	0	0	0	0	0	0	0	0	0	0	0	0	0	0	0	0	0	0
17000	0	0	0	0	0	0	0	0	0	0	0	0	0	0	0	0	0	0	0.000322893	0.130772	0.283177	0.476267	0.571198	1	0.673555	0.318373	0.38844	0.282209	0.000322893	0.000322893	0	0	0	0	0	0	0	0	0	0	0	0	0	0	0	0	0	0	0	0
17500	0	0	0	0	0	0	0	0	0	0	0	0	0	0	0	0	0	0	0.050834	0.716044	0.735107	1	0.599285	0.778793	0.401112	0.157268	0.0277998	0.0194599	0	0	0	0	0	0	0	0	0	0	0	0	0	0	0	0	0	0	0	0	0	0
18000	0	0	0	0	0	0	0	0	0	0	0	0	0	0	0	0	0	0.0178737	0.610478	1	0.846225	0.675809	0.173498	0.107242	0.000616333	0	0	0	0	0	0	0	0	0	0	0	0	0	0	0	0	0	0	0	0	0	0	0	0	0
18500	0	0	0	0	0	0	0	0	0	0	0	0	0	0	0.000297619	0.145536	0.473512	1	0.899702	0.72381	0.269345	0.0604167	0	0.00892857	0.0232143	0.0303571	0	0	0	0	0	0	0	0	0	0	0	0	0	0	0	0	0	0	0	0	0	0	0	0
19000	0	0	0	0	0	0	0	0	0	0	0	0	0	0.000564175	0.266008	0.335966	0.599436	0.646262	1	0.660367	0.208181	0.048519	0	0	0	0	0	0	0	0	0	0	0	0	0	0	0	0	0	0	0	0	0	0	0	0	0	0	0	0
19500	0	0	0	0	0	0	0	0	0	0	0	0.00296791	0.0517529	0.0181784	0.11241	0.316639	1	0.385828	0.279354	0.0441477	0.113523	0.0215173	0	0	0	0	0	0	0	0	0	0	0	0	0	0	0	0	0	0	0	0	0	0	0	0	0	0	0	0
20000	0	0	0	0	0	0	0	0	0	0	0	0	0.000218341	0.118996	0.316594	0.955022	1	0.341048	0.0058952	0.0104803	0	0	0	0	0	0	0	0	0	0	0	0	0	0	0	0	0	0	0	0	0	0	0	0	0	0	0	0	0	0
20500	0	0	0	0	0	0	0	0	0	0	0	0	0.0404087	0.550163	0.729447	1	0.366001	0.0910358	0.0206688	0.000232234	0	0	0	0	0	0	0	0	0	0	0	0	0	0	0	0	0	0	0	0	0	0	0	0	0	0	0	0	0	0
21000	0	0	0	0	0	0	0	0	0	0	0.0104659	0.141796	0.30081	0.672519	1	0.72316	0.522957	0.486496	0.205267	0.00101283	0	0	0	0	0	0	0	0	0	0	0	0	0	0	0	0	0	0	0	0	0	0	0	0	0	0	0	0	0	0
21500	0	0	0	0	0	0	0	0	0.0240307	0.036147	0.548465	1	0.661955	0.228998	0.0343296	0.0222132	0.000201939	0.0286753	0	0	0	0	0	0	0	0	0	0	0	0	0	0	0	0	0	0	0	0	0	0	0	0	0	0	0	0	0	0	0	0
22000	0	0	0	0	0	0	0	0	0.000963701	0.0112432	0.892066	1	0.881786	0.535818	0.263733	0.167684	0.0067459	0	0	0	0	0	0	0	0	0	0	0	0	0	0	0	0	0	0	0	0	0	0	0	0	0	0	0	0	0	0	0	0	0
22500	0	0	0	0	0	0	0	0	0.00319125	0.186916	1	0.804194	0.431502	0.483246	0.140187	0.067928	0.016868	0	0	0	0	0	0	0	0	0	0	0	0	0	0	0	0	0	0	0	0	0	0	0	0	0	0	0	0	0	0	0	0	0
23000	0	0	0	0	0	0.000972999	0.288738	0.0746777	0.324252	1	0.611773	0.298954	0.242763	0.0430552	0.197032	0.00608125	0	0	0	0	0	0	0	0	0	0	0	0	0	0	0	0	0	0	0	0	0	0	0	0	0	0	0	0	0	0	0	0	0	0
23500	0	0	0	0	0	0.000234247	0.0876083	0.361443	0.512766	1	0.193254	0.170063	0.0817522	0.176856	0.133989	0.11361	0.0646521	0.000234247	0	0	0	0	0	0	0	0	0	0	0	0	0	0	0	0	0	0	0	0	0	0	0	0	0	0	0	0	0	0	0	0
24000	0	0	0	0	0	0	0	0.0113524	0.280602	0.804788	1	0.431639	0.0291214	0	0.0229516	0.102912	0.0742843	0.411155	0.00222113	0	0	0	0	0	0	0	0	0	0	0	0	0	0	0	0	0	0	0	0	0	0	0	0	0	0	0	0	0	0	0
24500	0	0	0	0	0	0	0.000263713	0.00237342	0.693038	0.801688	0.801688	1	0.0712025	0.207278	0.0118671	0.0632911	0	0	0	0	0	0	0	0	0	0	0	0	0	0	0	0	0	0	0	0	0	0	0	0	0	0	0	0	0	0	0	0	0	0
25000	0	0	0	0	0	0.00130005	0.0132605	0.484919	0.462298	0.177847	0.907176	1	0.316953	0.00208008	0	0	0	0	0	0	0	0	0	0	0	0	0	0	0	0	0	0	0	0	0	0	0	0	0	0	0	0	0	0	0	0	0	0	0	0
25500	0	0	0	0.00038625	0.144457	0.298957	0.22248	1	0.358246	0.282155	0.13229	0.0872924	0.0981074	0.0374662	0.00038625	0	0	0	0	0	0	0	0	0	0	0	0	0	0	0	0	0	0	0	0	0	0	0	0	0	0	0	0	0	0	0	0	0	0	0
26000	0	0	0	0	0.330575	0.444444	0.447991	0.810087	0.787234	1	0.6974	0.371946	0.257683	0.394011	0.212372	0.200552	0.0200946	0.0271868	0	0	0	0	0	0	0	0	0	0	0	0	0	0	0	0	0	0	0	0	0	0	0	0	0	0	0	0	0	0	0	0
26500	0	0	0.0001657	0.0043082	0.108699	0.134714	0.0036454	0.127258	0.503065	1	0.246727	0.0014913	0	0.0043082	0.0273405	0.0656172	0.0001657	0	0	0	0	0	0	0	0	0	0	0	0	0	0	0	0	0	0	0	0	0	0	0	0	0	0	0	0	0	0	0	0	0
27000	0	0	0	0	0	0.000658979	0.113015	0.434432	1	0.316639	0.165733	0.046458	0.0637562	0.0102142	0	0	0	0	0	0	0	0	0	0	0	0	0	0	0	0	0	0	0	0	0	0	0	0	0	0	0	0	0	0	0	0	0	0	0	0
27500	0	0	0.00124844	0.291386	0.230712	0.0961298	0.0556804	0.166542	0.526092	0.482397	1	0.26417	0.0397004	0.215231	0.00399501	0	0	0	0	0	0	0	0	0	0	0	0	0	0	0	0	0	0	0	0	0	0	0	0	0	0	0	0	0	0	0	0	0	0	0
28000	0	0.00790068	0.156132	0.00188111	0	0	0	0.0364936	0.974417	0.812641	0.0560572	0.117758	1	0.30775	0.433032	0.34161	0.0496614	0	0	0	0	0	0	0	0	0	0	0	0	0	0	0	0	0	0	0	0	0	0	0	0	0	0	0	0	0	0	0	0	0
28500	0	0	0	0	0	0	0	0.0607287	0.0179294	0.527665	0.425101	1	0.406786	0.35801	0.0391363	0.0133025	0.0225564	0	0	0	0	0	0	0	0	0	0	0	0	0	0	0	0	0	0	0	0	0	0	0	0	0	0	0	0	0	0	0	0	0
29000	0	0	0	0	0	0	0.00351256	0.0118887	0.489057	0.873007	1	0.805188	0.275331	0.0316131	0.0456633	0.00189138	0.0102675	0	0	0	0	0	0	0	0	0	0	0	0	0	0	0	0	0	0	0	0	0	0	0	0	0	0	0	0	0	0	0	0	0
29500	0	0	0	0	0	0.000285959	0.334858	0.790678	0.502145	1	0.515013	0.343151	0.0546182	0.000857878	0	0	0	0	0	0	0	0	0	0	0	0	0	0	0	0	0	0	0	0	0	0	0	0	0	0	0	0	0	0	0	0	0	0	0	0
30000	0	0	0	0	0	0.00114103	0.16796	0.133957	0.316979	0.883615	1	0.63989	0.0985851	0.00775901	0	0	0	0	0	0	0	0	0	0	0	0	0	0	0	0	0	0	0	0	0	0	0	0	0	0	0	0	0	0	0	0	0	0	0	0
30500	0	0	0	0.00590842	0.14387	0.0215657	0.233383	1	0.746824	0.6839	0.392319	0.457607	0.0138848	0.0206795	0.0895126	0.0348597	0	0	0	0	0	0	0	0	0	0	0	0	0	0	0	0	0	0	0	0	0	0	0	0	0	0	0	0	0	0	0	0	0	0
31000	0	0	0	0.000365764	0.0168252	1	0.878566	0.00438917	0.00146306	0.235187	0.345282	0.865399	0.515362	0.133138	0.00402341	0.140819	0.401244	0.346745	0.0171909	0	0	0	0	0	0	0	0	0	0	0	0	0	0	0	0	0	0	0	0	0	0	0	0	0	0	0	0	0	0	0
31500	0	0	0	0	0.156551	1	0.721725	0.288557	0.06534	0.32272	0.658375	0.815589	0.0444444	0.0941957	0.0809287	0.165174	0.0013267	0.275954	0.208955	0.0149254	0	0	0	0	0	0	0	0	0	0	0	0	0	0	0	0	0	0	0	0	0	0	0	0	0	0	0	0	0	0
32000	0	0	0	0.0106655	0.626706	0.801195	1	0.370307	0.000853242	0.000853242	0.151024	0.500427	0.613908	0.526024	0.706058	0.226109	0.151024	0.110922	0.380546	0.0409556	0.0264505	0	0	0	0	0	0	0	0	0	0	0	0	0	0	0	0	0	0	0	0	0	0	0	0	0	0	0	0	0
32500	0	0.000864678	0.235625	0.850411	0.481193	0.00172936	0	0	0	0	0	0.00605275	0.00389105	0.656723	1	0.740164	0.304799	0.552962	0.934717	0.0760917	0	0	0	0	0	0	0	0	0	0	0	0	0	0	0	0	0	0	0	0	0	0	0	0	0	0	0	0	0	0
33000	0	0	0.000378501	0.251703	0.266465	0.724451	0.422786	0.359198	0.000757002	0	0	0	0	0	0	0.0170326	0.0999243	0.916351	1	0.585163	0.501514	0.147994	0.137017	0.0431491	0.00189251	0	0	0	0	0	0	0	0	0	0	0	0	0	0	0	0	0	0	0	0	0	0	0	0	0
33500	0	0	0.000842223	0.291971	0.320045	0.270073	0.0494104	0.216171	0.000561482	0	0	0	0	0	0	0	0	0.0550253	0.184447	0.771477	1	0.270354	0.00982594	0	0	0	0	0	0	0	0	0	0	0	0	0	0	0	0	0	0	0	0	0	0	0	0	0	0	0
34000	0	0.00326188	0.258854	0.587139	0.153541	0.026794	0.000232992	0	0	0	0	0	0	0	0	0	0	0	0.0118826	0.48439	1	0.649581	0.446645	0.0650047	0.027726	0	0	0	0	0	0	0	0	0	0	0	0	0	0	0	0	0	0	0	0	0	0	0	0	0
34500	0	0	0.00317105	0.0483119	1	0.0859914	0.000932662	0	0	0	0	0	0	0	0	0	0	0.000373065	0.0492445	0.144936	0.163962	0.109308	0.213206	0.461854	0.350681	0.0800224	0.0412237	0.0251819	0.0557732	0.0166014	0	0	0	0	0	0	0	0	0	0	0	0	0	0	0	0	0	0	0	0
35000	0	0	0.000441891	0.145382	1	0.736633	0.000883783	0	0	0	0	0	0	0	0	0	0	0	0	0	0.000441891	0.119753	0.522316	0.605833	0.692002	0.92753	0.822802	0.00220946	0.00132567	0.138312	0.231993	0.0388864	0	0	0	0	0	0	0	0	0	0	0	0	0	0	0	0	0	0
35500	0.163839	0.820982	0.0558036	0	0	0	0	0	0	0	0	0	0	0	0	0	0	0.00267857	0.0169643	0.433036	0.329018	0	0.14375	0.198214	0.0955357	1	0.996875	0.957589	0.339732	0.433929	0.0241071	0.00580357	0	0	0	0	0	0	0	0	0	0	0	0	0	0	0	0	0	0
36000	0.578271	0.750584	0.00408879	0	0	0	0	0	0	0	0	0	0	0	0	0	0	0	0	0	0	0.0607477	0.265771	0.757009	1	0.97722	0.371495	0.966706	0.756425	0.456776	0.0607477	0.0233645	0	0	0	0	0	0	0	0	0	0	0	0	0	0	0	0	0	0
36500	0.000319081	0.0159541	0.863433	0.148373	0.000319081	0	0	0	0	0	0	0	0	0	0	0	0	0	0	0	0	0.00127632	0.397256	0.474474	0.481812	0.588385	0.439694	1	0.149968	0.0245692	0.00733886	0	0	0	0	0	0	0	0	0	0	0	0	0	0	0	0	0	0	0
37000	0.00613497	0.366053	0.00690184	0	0.0718303	0	0	0	0	0	0	0	0	0	0	0	0	0	0	0	0	0.0324642	0.0444785	0.000511247	0.000255624	0.0383436	0.171268	0.679703	1	0.504346	0.337935	0.0245399	0	0	0	0	0	0	0	0	0	0	0	0	0	0	0	0	0	0
37500	0.214767	0.42563	0.00141995	0	0	0	0	0	0	0	0	0	0	0	0	0	0	0	0	0	0	0	0	0	0	0.000354988	0.0216542	0.275115	0.643237	0.883564	1	0.995385	0.258786	0.000354988	0	0	0	0	0	0	0	0	0	0	0	0	0	0	0	0
38000	0.392539	0.256465	0.257312	0.00127173	0	0	0	0	0	0	0	0	0	0	0	0	0	0	0	0	0	0	0	0	0	0.0754557	0.264519	0.127173	1	0.669351	0.624417	0.552353	0.813056	0.591352	0.275117	0.000847817	0	0	0	0	0	0	0	0	0	0	0	0	0	0
38500	0.0321812	0.490465	0.0631704	0	0	0	0	0	0	0	0	0	0	0	0	0	0	0	0	0	0	0	0	0	0	0	0.0277116	0.339392	0.120083	0.182062	0.315554	1	0.510131	0.128427	0.362336	0.147795	0.00744934	0.000297974	0.0354589	0	0	0	0	0	0	0	0	0	0	0
39000	0.172978	0.0086489	0.168069	0.0147265	0.000233754	0	0	0	0	0	0	0	0	0	0	0	0	0	0	0	0	0	0	0	0	0	0	0	0	0.0444133	0.0469846	0.0175316	0.0591398	0.4072	1	0.495325	0.594437	0.0208041	0	0	0	0	0	0	0	0	0	0	0	0
39500	0.387763	0.465705	0.144973	0	0	0	0	0	0	0	0	0	0	0	0	0	0	0	0	0	0	0	0	0	0	0	0	0	0	0	0.0140296	0.0066251	0.0436477	0.277085	0.955573	0.562744	0.191348	0.106391	1	0.908807	0.601715	0.128215	0.0128605	0.0463757	0	0	0	0	0	0
40000	0.00847458	0.284407	0.243051	0.000338983	0	0	0	0	0	0	0	0	0	0	0	0	0	0	0	0	0	0	0	0	0	0	0	0	0	0	0	0	0	0.0322034	0.0474576	0.0342373	0.04	0.236949	0.215254	0.727797	0.620339	1	0.484068	0.301017	0.00711864	0	0	0	0	0
40500	0.000962464	0.558871	0.0128329	0	0	0	0	0	0	0	0	0	0	0	0	0	0	0	0	0	0	0	0	0	0	0	0	0	0	0	0	0	0	0	0	0	0	0.0186076	0.139236	0.373757	0.562721	1	0.950273	0.513635	0.381136	0.00673725	0.00417068	0	0	0
41000	0.286447	0.68277	0.0012826	0.000427533	0	0	0	0	0	0	0	0	0	0	0	0	0	0	0	0	0	0	0	0	0	0	0	0	0	0	0	0	0	0	0	0	0	0.0038478	0.143224	0.197948	0.484395	0.778965	0.905943	0.642155	0.487388	1	0.464301	0.369816	0.032065	0
41500	0.249063	0.046331	0.0806106	0	0	0	0	0	0	0	0	0	0	0	0	0	0	0	0	0	0	0	0	0	0	0	0	0	0	0	0	0	0	0	0	0	0	0	0	0	0.0176754	0.0176754	0.243171	0.236743	0.344938	0.771023	1	0.433048	0.046331	0.000267809
42000	0.233761	0.11209	0.110366	0	0	0	0	0	0	0	0	0	0	0	0	0	0	0	0	0	0	0	0	0	0	0	0	0	0	0	0	0	0	0	0	0	0	0	0	0	0	0	0.00689787	0.0530753	0.00364054	0.18356	0.508335	1	0.742671	0.08105
42500	0.269884	0.00147747	0	0	0	0	0	0	0	0	0	0	0	0	0	0	0	0	0	0	0	0	0	0	0	0	0	0	0	0	0	0	0	0	0	0	0	0	0	0	0	0	0	0.0049249	0.101207	0.283674	1	0.723221	0.279242	0.490273
43000	0.023608	0.859688	0.0013363	0	0	0	0	0	0	0	0	0	0	0	0	0	0	0	0	0	0	0	0	0	0	0	0	0	0	0	0	0	0	0	0	0	0	0	0	0	0	0	0	0.0218263	0.439644	0.0209354	0.047216	0.0939866	0.461024	1
43500	0	0	0	0	0	0	0	0	0	0	0	0	0	0	0	0	0	0	0	0	0	0	0	0	0	0	0	0	0	0	0	0	0	0	0	0	0	0	0	0	0	0	0	0	0	0	0.0579345	0.45466	0.45466	1
44000	0	0	0	0	0	0	0	0	0	0	0	0	0	0	0	0	0	0	0	0	0	0	0	0	0	0	0	0	0	0	0	0	0	0	0	0	0	0	0	0	0	0	0	0	0.00946074	0.00189215	0.333964	0.0614948	0.237465	1
44500	0	0	0	0	0	0	0	0	0	0	0	0	0	0	0	0	0	0	0	0	0	0	0	0	0	0	0	0	0	0	0	0	0	0	0	0	0	0	0	0	0	0	0	0	0.0255823	0.000381825	0.142039	0.888889	0.64643	1
45000	0	0	0	0	0	0	0	0	0	0	0	0	0	0	0	0	0	0	0	0	0	0	0	0	0	0	0	0	0	0	0	0	0	0	0	0	0	0	0	0	0	0	0	0	0.0632596	0.081957	0.374572	0.816765	1	0.643503
45500	0	0	0	0	0	0	0	0	0	0	0	0	0	0	0	0	0	0	0	0	0	0	0	0	0	0	0	0	0	0	0	0	0	0	0	0	0	0	0	0	0	0	0	0	0.0271887	0.321914	1	0.610114	0.675367	0.858619
46000	0	0	0	0	0	0	0	0	0	0	0	0	0	0	0	0	0	0	0	0	0	0	0	0	0	0	0	0	0	0	0	0	0	0	0	0	0	0	0	0	0	0	0	0	0.0714286	0.456429	0.623571	0.985714	0.68	1
46500	0	0	0	0	0	0	0	0	0	0	0	0	0	0	0	0	0	0	0	0	0	0	0	0	0	0	0	0	0	0	0	0	0	0	0	0	0	0	0	0	0	0	0.0524071	0.0901889	0.498477	0.397319	1	0.404327	0.180378	0.336076
47000	0	0	0	0	0	0	0	0	0	0	0	0	0	0	0	0	0	0	0	0	0	0	0	0	0	0	0	0	0	0	0	0	0	0	0	0	0	0	0	0	0.000396983	0.207622	0.0996427	1	0.7237	0.492656	0.545058	0.53156	0.0591505	0.369194
47500	0	0	0	0	0	0	0	0	0	0	0	0	0	0	0	0	0	0	0	0	0	0	0	0	0	0	0	0	0	0	0	0	0	0	0	0	0	0	0	0.00250348	0.128512	0.0369958	0.231989	0.420862	1	0.472045	0.264812	0.197497	0.339082	0.0133519
48000	0	0	0	0	0	0	0	0	0	0	0	0	0	0	0	0	0	0	0	0	0	0	0	0	0	0	0	0	0	0	0	0	0	0	0	0	0	0	0	0	0.000315756	0.0612567	0.129144	0.478055	0.646985	1	0.244711	0.294285	0.040101	0.257973
48500	0	0	0	0	0	0	0	0	0	0	0	0	0	0	0	0	0	0	0	0	0	0	0	0	0	0	0	0	0	0	0	0	0	0	0	0	0	0	0	0	0	0.0176832	0.122758	0.618657	1	0.470784	0.229113	0.327524	0.0210149	0.00743209
49000	0	0	0	0	0	0	0	0	0	0	0	0	0	0	0	0	0	0	0	0	0	0	0	0	0	0	0	0	0	0	0	0	0	0	0	0	0	0	0	0	0.0499852	0.000887311	0.0337178	0.220941	0.624667	1	0.734398	0.351967	0.301982	0.0387459
49500	0	0	0	0	0	0	0	0	0	0	0	0	0	0	0	0	0	0	0	0	0	0	0	0	0	0	0	0	0	0	0	0	0	0	0	0	0	0	0	0	0	0	0	0.0987703	0.805236	0.274098	1	0.735819	0.443078	0.742166
50000	0	0	0	0	0	0	0	0	0	0	0	0	0	0	0	0	0	0	0	0	0	0	0	0	0	0	0	0	0	0	0	0	0	0	0	0	0	0	0	0	0	0.0495392	0.0526114	0.784946	0.450461	0.619048	0.600998	1	0.463518	0.0280338
